306	3	654.17	1	1
306	3	948.94	1	1
306	3	741.99	1	1
306	3	665.67	1	1
306	3	825.92	1	1
306	3	1045.1	1	1
306	3	673.38	1	1
306	3	730.9	1	1
306	3	984.59	1	1
306	3	653.38	1	1
306	3	653.88	1	1
306	3	657	1	1
306	3	627.35	1	1
306	3	690.1	1	1
306	3	1188.2	1	1
306	3	1240.4	1	1
306	3	685.62	1	1
306	3	858.89	1	1
306	3	643.94	1	1
306	3	703.9	1	1
306	3	1039.2	1	1
306	3	679.74	1	1
306	3	588.49	1	1
306	3	623.34	1	1
306	3	635.25	1	1
306	3	603.96	1	1
306	3	781.9	1	1
306	3	629.02	1	1
306	3	1083.3	1	1
306	3	832.59	1	1
306	3	702.72	1	1
306	3	791.14	1	1
306	3	760.83	1	1
306	3	632.25	1	1
306	3	636.85	1	1
306	3	616.93	1	1
306	3	620.92	1	1
306	3	571.42	1	1
306	3	1257.9	1	1
306	3	879.09	1	1
306	3	801.28	1	1
306	3	611.45	1	1
306	3	727.63	1	1
306	3	665.25	1	1
306	3	509.91	1	1
306	3	686.12	1	1
306	3	552.45	1	1
306	3	790.49	1	1
306	3	617.45	1	1
306	3	1352.2	1	1
306	3	876.34	1	1
306	3	1029.6	1	1
306	3	666.63	1	1
306	3	826.32	1	1
306	3	901.6	1	1
306	3	878.45	1	1
306	3	630.01	1	1
306	3	676.37	1	1
306	3	798.4	1	1
306	3	791.26	1	1
306	3	1724.2	1	1
306	3	929.44	1	1
306	3	776.32	1	1
306	3	675.93	1	1
306	3	1153.9	1	1
306	3	904.22	1	1
306	3	725.99	1	1
306	3	693.81	1	1
306	3	655.14	1	1
306	3	718.92	1	1
306	3	820.14	1	1
306	3	683.31	1	1
306	3	698.55	1	1
306	3	594.92	1	1
306	3	683.78	1	1
306	3	635.41	1	1
306	3	634.42	1	1
306	3	576.05	1	1
306	3	606.76	1	1
306	3	714.05	1	1
306	3	601.23	1	1
306	3	642.29	1	1
306	3	1401	1	1
306	3	592.28	1	1
306	3	1167.6	1	1
306	3	693.78	1	1
306	3	661.06	1	1
306	3	606.09	1	1
306	3	831.64	1	1
306	3	1497.7	1	1
306	3	603.86	1	1
306	3	714.08	1	1
306	3	888.16	1	1
306	3	628.53	1	1
306	3	529.72	1	1
306	3	646.75	1	1
306	3	473.48	1	1
306	3	573.39	1	1
306	3	904.76	1	1
306	3	697.23	1	1
306	3	754.64	1	1
306	3	770.68	1	1
306	3	609.3	1	1
306	3	758.15	1	1
306	3	890.31	1	1
306	3	1079.3	1	1
306	3	737.69	1	1
306	3	747.27	1	1
306	3	685.52	1	1
306	3	619.45	1	1
306	3	625.86	1	1
306	3	614.53	1	1
306	3	614.44	1	1
306	3	635.97	1	1
306	3	699.77	1	1
306	3	711.27	1	1
306	3	673.53	1	1
306	3	649.03	1	1
306	3	728.72	1	1
306	3	861.18	1	1
306	3	630.62	1	1
306	3	1016.1	1	1
306	3	835.19	1	1
306	3	593.06	1	1
306	3	647.34	1	1
306	3	568.11	1	1
306	3	731.52	1	1
306	3	606.48	1	1
306	3	669.13	1	1
306	3	796.81	1	1
306	3	580.92	1	1
306	3	597.88	1	1
306	3	642.71	1	1
306	3	732.35	1	1
306	3	933.91	1	1
306	3	584.17	1	1
306	3	553.41	1	1
306	3	653.9	1	1
306	3	596.03	1	1
306	3	846.76	1	1
306	3	538.79	1	1
306	3	570.94	1	1
306	3	688.16	1	1
306	3	586.36	1	1
306	3	534.3	1	1
306	3	734.17	1	1
306	3	713.14	1	1
306	3	664.29	1	1
306	3	758.03	1	1
306	3	639.78	1	1
306	3	844.08	1	1
306	3	515.69	1	1
306	3	539.81	1	1
306	3	675.36	1	1
306	3	705.15	1	1
306	3	1040.9	1	1
306	3	523.93	1	1
306	3	776.98	1	1
306	3	649.39	1	1
306	3	628.73	1	1
306	3	665.38	1	1
306	3	722.31	1	1
306	3	622.1	1	1
306	3	1236.6	1	1
306	3	575.54	1	1
306	3	562.08	1	1
306	3	538.73	1	1
306	3	637.85	1	1
306	3	837.87	1	1
306	3	651.55	1	1
306	3	840.81	1	1
306	3	552.72	1	1
306	3	570.88	1	1
306	3	567.15	1	1
306	3	534.06	1	1
306	3	759.49	1	1
306	3	489.01	1	1
306	3	828.64	1	1
306	3	557.15	1	1
306	3	551.29	1	1
306	3	758.62	1	1
306	3	508.38	1	1
306	3	1246.7	1	1
306	3	702.76	1	1
306	3	678.86	1	1
306	3	666.4	1	1
306	3	574.31	1	1
306	3	556.65	1	1
306	3	650.02	1	1
306	3	588.44	1	1
306	3	796.96	1	1
306	3	580.59	1	1
306	3	696.24	1	1
306	3	758.35	1	1
306	3	787.77	1	1
306	3	597.49	1	1
306	3	774.77	1	1
306	3	624.33	1	1
306	3	760.34	1	1
306	3	607.38	1	1
306	3	756.85	1	1
306	3	665.01	1	1
306	3	708.93	1	1
306	3	592.03	1	1
306	3	842.72	1	1
306	3	521.38	1	1
306	3	878.2	1	1
306	3	1147.7	1	1
306	3	724.97	1	1
306	3	591.55	1	1
306	3	1045.6	1	1
306	3	965.73	1	1
306	3	978.61	1	1
306	3	710.79	1	1
306	3	752.42	1	1
306	3	695.39	1	1
306	3	692.63	1	1
306	3	645.51	1	1
306	3	541.82	1	1
306	3	1017.6	1	1
306	3	795.04	1	1
306	3	590.52	1	1
306	3	674.63	1	1
306	3	644.67	1	1
306	3	1420.5	1	1
306	3	816.23	1	1
306	3	537.76	1	1
306	3	547.02	1	1
306	3	652.7	1	1
306	3	584.8	1	1
306	3	748.27	1	1
306	3	629.05	1	1
306	3	602.95	1	1
306	3	520.9	1	1
306	3	662.28	1	1
306	3	703.53	1	1
306	3	535.17	1	1
306	3	933.67	1	1
306	3	717.26	1	1
306	3	570.3	1	1
306	3	676.73	1	1
306	3	751.89	1	1
306	3	966.57	1	1
306	3	620.6	1	1
306	3	796.79	1	1
306	3	595.85	1	1
306	3	628.31	1	1
306	3	1251.6	1	1
306	3	898.56	0	1
306	3	624.8	1	1
306	3	871.63	1	1
306	3	792.06	1	1
306	3	602.22	1	1
306	3	621.51	1	1
306	3	533.11	1	1
306	3	627.63	1	1
306	3	763.74	1	1
306	3	572.31	1	1
306	3	584.89	1	1
306	3	689	1	1
306	3	502.13	1	1
306	3	463.45	1	1
306	3	600.38	1	1
306	3	627.57	1	1
306	3	1051.2	1	1
306	3	625.18	1	1
306	3	536.12	1	1
306	3	491.62	1	1
306	3	476.61	1	1
306	3	480.37	1	1
306	3	872.04	1	1
306	3	558.28	1	1
306	3	585.84	1	1
306	3	581.91	1	1
306	3	542.18	1	1
306	3	628.08	1	1
306	3	600.91	1	1
306	3	505.45	1	1
306	3	828.84	1	1
306	3	622.01	1	1
306	3	565.15	1	1
306	3	487.81	1	1
306	3	502.42	1	1
306	3	754.22	1	1
306	3	480.74	1	1
306	3	527.75	1	1
306	3	653.8	1	1
306	3	695.46	1	1
306	3	564.47	1	1
306	3	552.85	1	1
306	3	407.85	1	1
306	3	524.23	1	1
306	3	547.82	1	1
306	3	483.63	1	1
306	3	555.68	1	1
306	3	527.38	1	1
306	3	579.94	1	1
306	3	478.66	1	1
306	3	691.81	1	1
306	3	586.22	1	1
306	3	507.11	1	1
306	3	669.75	1	1
306	3	482.17	1	1
306	3	490.75	1	1
306	3	655.89	1	1
306	3	540.83	1	1
306	3	518.75	1	1
306	3	691.39	1	1
306	3	604.96	1	1
306	3	493.03	1	1
306	3	515.03	1	1
306	3	517.74	1	1
306	3	596.52	1	1
306	3	688.85	1	1
306	3	449.76	1	1
306	3	581.96	1	1
306	3	511.92	1	1
306	3	467.42	1	1
306	3	455.81	1	1
306	3	542.42	1	1
306	3	1155.3	1	1
306	3	733.55	1	1
306	3	944.52	1	1
306	3	571.3	1	1
306	3	638.52	1	1
306	3	527.13	1	1
306	3	527.28	1	1
306	3	480.78	1	1
306	3	717.32	1	1
306	3	516.82	1	1
306	3	540.38	1	1
306	3	443.79	1	1
306	3	562.12	1	1
306	3	564.9	1	1
306	3	663.04	1	1
306	3	629.47	1	1
306	3	439.19	1	1
306	3	395.84	1	1
306	3	493	1	1
306	3	613.24	1	1
306	3	411.21	1	1
306	3	706.29	1	1
306	3	676.69	1	1
306	3	513.88	1	1
306	3	489.13	1	1
306	3	516.4	1	1
306	3	460.06	1	1
306	3	747.45	1	1
306	3	600.27	1	1
306	3	515.94	1	1
306	3	620.44	1	2
306	3	676.97	1	2
306	3	898.23	1	2
306	3	564.19	1	2
306	3	599.96	1	2
306	3	684.98	1	2
306	3	625.94	1	2
306	3	532.62	1	2
306	3	599.38	1	2
306	3	889.6	1	2
306	3	995.9	1	2
306	3	605.31	1	2
306	3	1927.1	1	2
306	3	701.48	1	2
306	3	1572.9	1	2
306	3	742.6	1	2
306	3	814.26	1	2
306	3	1802.8	1	2
306	3	1549.7	0	2
306	3	960.94	1	2
306	3	930.45	1	2
306	3	1106.2	1	2
306	3	1716.4	1	2
306	3	755.28	1	2
306	3	879.28	1	2
306	3	580.89	1	2
306	3	777.47	1	2
306	3	821.21	1	2
306	3	900.58	1	2
306	3	930.89	1	2
306	3	1021.7	1	2
306	3	687.39	1	2
306	3	1251	0	2
306	3	724.38	1	2
306	3	896.33	1	2
306	3	626.68	1	2
306	3	1373.4	1	2
306	3	664.95	1	2
306	3	974.96	0	2
306	3	699.52	1	2
306	3	622.95	1	2
306	3	1008.6	0	2
306	3	893.23	1	2
306	3	1862.3	0	2
306	3	661.68	1	2
306	3	593.07	1	2
306	3	1058.6	1	2
306	3	879.06	1	2
306	3	864.81	1	2
306	3	1122.3	1	2
306	3	588.36	1	2
306	3	1418.1	0	2
306	3	1484.3	1	2
306	3	1388.8	1	2
306	3	1441.8	1	2
306	3	1096.4	1	2
306	3	1198.5	1	2
306	3	805.66	1	2
306	3	827.6	1	2
306	3	1294.8	0	2
306	3	957.74	1	2
306	3	653.99	1	2
306	3	539.64	1	2
306	3	601.34	1	2
306	3	617.39	1	2
306	3	1456	1	2
306	3	837.68	1	2
306	3	893.02	1	2
306	3	844.18	1	2
306	3	1167.3	1	2
306	3	642.23	1	2
306	3	645.87	1	2
306	3	566.97	1	2
306	3	1382.2	0	2
306	3	1672	1	2
306	3	553.42	1	2
306	3	664.38	1	2
306	3	811.44	1	2
306	3	1192	1	2
306	3	1170.8	1	2
306	3	639.29	1	2
306	3	664.99	1	2
306	3	1582.4	1	2
306	3	682	1	2
306	3	1030	1	2
306	3	1114.3	1	2
306	3	779.87	1	2
306	3	994.44	1	2
306	3	1967.1	1	2
306	3	1860.1	1	2
306	3	931.06	1	2
306	3	655.48	1	2
306	3	688.81	1	2
306	3	1959.1	0	2
306	3	545.8	1	2
306	3	798.3	1	2
306	3	567.67	1	2
306	3	723.17	1	2
306	3	1393.7	0	2
306	3	578.14	1	2
306	3	1290.6	1	2
306	3	946.08	1	2
306	3	703.12	1	2
306	3	658.92	1	2
306	3	702.16	1	2
306	3	1168.2	1	2
306	3	2036.1	1	2
306	3	952.1	1	2
306	3	1150.3	1	2
306	3	665.58	1	2
306	3	834.43	1	2
306	3	1224.4	0	2
306	3	740.25	1	2
306	3	747.05	1	2
306	3	1076.7	0	2
306	3	644.67	1	2
306	3	2244	1	2
306	3	783.85	1	2
306	3	1464.8	1	2
306	3	1330	1	2
306	3	542.9	1	2
306	3	561.81	1	2
306	3	514.6	1	2
306	3	646.37	1	2
306	3	1146	0	2
306	3	721.59	1	2
306	3	743.66	1	2
306	3	669.26	1	2
306	3	811.96	1	2
306	3	1846.1	1	2
306	3	1550.2	0	2
306	3	1056.2	0	2
306	3	704.95	1	2
306	3	597.64	1	2
306	3	927.03	1	2
306	3	650.17	1	2
306	3	639.05	1	2
306	3	718.89	1	2
306	3	1624.7	0	2
306	3	705.62	1	2
306	3	634.24	1	2
306	3	572.04	1	2
306	3	729.96	1	2
306	3	590.78	1	2
306	3	791.16	1	2
306	3	538.37	1	2
306	3	1418.9	1	2
306	3	863.56	1	2
306	3	571.49	1	2
306	3	713.45	1	2
306	3	539.08	1	2
306	3	1316.4	1	2
306	3	1002.7	1	2
306	3	728.98	1	2
306	3	792.26	1	2
306	3	995.74	1	2
306	3	1550.4	1	2
306	3	719.02	1	2
306	3	499.58	1	2
306	3	701.01	1	2
306	3	916.76	1	2
306	3	727.54	1	2
306	3	553.43	1	2
306	3	1047.7	1	2
306	3	1247.1	1	2
306	3	685.89	1	2
306	3	628.48	1	2
306	3	1082.1	1	2
306	3	1107.9	1	2
306	3	658.09	1	2
306	3	550.53	1	2
306	3	588.93	1	2
306	3	569.3	1	2
306	3	846.33	1	2
306	3	1442.8	1	2
306	3	796.04	1	2
306	3	980.8	1	2
306	3	617.05	1	2
306	3	533.8	1	2
306	3	731.15	1	2
306	3	651.07	1	2
306	3	1242.8	1	2
306	3	778.05	1	2
306	3	622.72	1	2
306	3	1416	1	2
306	3	571.74	1	2
306	3	723.81	1	2
306	3	690.47	1	2
306	3	721.77	1	2
306	3	512.48	1	2
306	3	693.96	1	2
306	3	1054.1	1	2
306	3	602.37	1	2
306	3	1148.3	1	2
306	3	907.42	1	2
306	3	790.31	1	2
306	3	891.74	1	2
306	3	1063	1	2
306	3	740.44	1	2
306	3	571.97	1	2
306	3	749.87	1	2
306	3	664.87	1	2
306	3	966.79	1	2
306	3	716.46	1	2
306	3	541.85	1	2
306	3	697.8	1	2
306	3	707.71	1	2
306	3	573.13	1	2
306	3	815.22	1	2
306	3	891.17	1	2
306	3	1083.3	1	2
306	3	1360.3	1	2
306	3	1510.6	1	2
306	3	735.86	1	2
306	3	983.12	1	2
306	3	689.73	1	2
306	3	823.7	1	2
306	3	2162.3	0	2
306	3	702.86	1	2
306	3	646.83	1	2
306	3	661.95	1	2
306	3	897.18	1	2
306	3	832.19	1	2
306	3	694.5	1	2
306	3	1001	1	2
306	3	1124.6	1	2
306	3	1176	0	2
306	3	957.83	1	2
306	3	590.41	1	2
306	3	1126.4	1	2
306	3	1247.8	1	2
306	3	902.16	1	2
306	3	1683.5	1	2
306	3	782.43	1	2
306	3	608.06	1	2
306	3	671.13	1	2
306	3	745.61	1	2
306	3	758.17	1	2
306	3	936.71	1	2
306	3	884.01	1	2
306	3	697.52	1	2
306	3	759.71	1	2
306	3	1108.1	1	2
306	3	1403.3	1	2
306	3	1325.4	1	2
306	3	548.49	1	2
306	3	598.46	1	2
306	3	600.69	1	2
306	3	676.9	1	2
306	3	665.79	1	2
306	3	538.61	1	2
306	3	1384.9	1	2
306	3	825.52	1	2
306	3	508.44	1	2
306	3	517.77	1	2
306	3	689.33	1	2
306	3	654.99	1	2
306	3	957.53	1	2
306	3	611.12	1	2
306	3	887.05	1	2
306	3	626.51	1	2
306	3	711.91	1	2
306	3	747.53	1	2
306	3	735.32	1	2
306	3	1157.5	1	2
306	3	542.78	1	2
306	3	642.91	1	2
306	3	532	1	2
306	3	517.92	1	2
306	3	513.4	1	2
306	3	577.42	1	2
306	3	1187.2	1	2
306	3	647.01	1	2
306	3	999.76	1	2
306	3	545.07	1	2
306	3	683.67	1	2
306	3	713.34	1	2
306	3	764.61	1	2
306	3	663.73	1	2
306	3	1503.3	1	2
306	3	504.87	1	2
306	3	640.68	1	2
306	3	621.04	1	2
306	3	510.54	1	2
306	3	498.21	1	2
306	3	751.57	1	2
306	3	774.23	1	2
306	3	853.6	1	2
306	3	788.05	1	2
306	3	498.54	1	2
306	3	593.44	1	2
306	3	564.35	1	2
306	3	1091.6	1	2
306	3	818.33	1	2
306	3	508.3	1	2
306	3	1047.7	1	2
306	3	1425	1	2
306	3	790.68	1	2
306	3	610.35	1	2
306	3	957.68	1	2
306	3	1046.6	0	2
306	3	615.14	1	2
306	3	540.61	1	2
306	3	621.62	1	2
306	3	932.87	1	2
306	3	500.59	1	2
306	3	684.53	1	2
306	3	731.41	1	2
306	3	456.59	1	2
306	3	600.47	1	2
306	3	850.95	1	2
306	3	595.77	1	2
306	3	525.19	1	2
306	3	640.42	1	2
306	3	525.65	1	2
306	3	648.23	1	2
306	3	1112.1	1	2
306	3	941.09	1	2
306	3	636.81	1	2
306	3	685.3	1	2
306	3	560.55	1	2
306	3	1077.8	1	2
306	3	579.53	1	2
306	3	1294.5	1	2
306	3	911.63	1	2
306	3	743.58	1	2
306	3	850.16	1	2
306	3	782.14	1	2
306	3	511.88	1	2
306	3	1244.1	1	2
306	3	892.5	1	2
306	3	942.02	1	2
306	3	990.67	1	2
306	3	612.31	1	2
306	3	765.06	1	2
306	3	918.85	1	2
306	3	531.16	1	2
306	3	972.41	1	2
306	3	688.72	1	2
306	3	577.37	1	2
306	3	692.27	1	2
306	3	464.51	1	2
306	3	673.07	1	2
306	3	975.77	1	2
306	3	622.74	1	2
306	3	483.86	1	2
306	3	685.86	1	2
306	3	557.45	1	2
306	3	509.33	1	2
306	3	710.19	1	2
306	3	1121.5	1	3
306	3	1264.6	1	3
306	3	844.08	1	3
306	3	506.18	1	3
306	3	758.17	1	3
306	3	825.01	1	3
306	3	559.32	1	3
306	3	781.4	1	3
306	3	1182.4	1	3
306	3	686.39	1	3
306	3	630.77	1	3
306	3	863	1	3
306	3	719.68	1	3
306	3	728.46	1	3
306	3	1006.4	1	3
306	3	815.05	1	3
306	3	1036.9	1	3
306	3	890.75	1	3
306	3	817.65	1	3
306	3	1084.5	1	3
306	3	669.06	1	3
306	3	1278.3	1	3
306	3	743.78	1	3
306	3	627.09	1	3
306	3	968.91	1	3
306	3	1404.8	1	3
306	3	1575.6	1	3
306	3	807.51	1	3
306	3	779.79	1	3
306	3	1247.1	1	3
306	3	687.37	1	3
306	3	601.34	1	3
306	3	1863.9	1	3
306	3	665.13	1	3
306	3	933.88	1	3
306	3	658.55	1	3
306	3	864.99	1	3
306	3	1681.7	1	3
306	3	694.57	1	3
306	3	868.82	1	3
306	3	811.82	1	3
306	3	595.95	1	3
306	3	747.59	1	3
306	3	995.56	1	3
306	3	929.89	1	3
306	3	661.64	1	3
306	3	1050.2	1	3
306	3	650.38	1	3
306	3	633.32	1	3
306	3	891.01	1	3
306	3	967.74	1	3
306	3	855.48	1	3
306	3	737.06	1	3
306	3	820.82	1	3
306	3	1137.4	1	3
306	3	1128.9	1	3
306	3	790.89	1	3
306	3	692.14	1	3
306	3	1062.9	1	3
306	3	954.92	1	3
306	3	1100	1	3
306	3	1318.9	1	3
306	3	730.2	1	3
306	3	751.97	1	3
306	3	635.01	1	3
306	3	878.06	1	3
306	3	1029	1	3
306	3	1326.6	1	3
306	3	947.28	1	3
306	3	779.46	1	3
306	3	637.86	1	3
306	3	629.3	1	3
306	3	854.29	1	3
306	3	1039.6	1	3
306	3	665.29	1	3
306	3	1209.5	1	3
306	3	1416.6	1	3
306	3	1406.3	1	3
306	3	1391.2	1	3
306	3	587.65	1	3
306	3	633.67	1	3
306	3	1169.7	1	3
306	3	1178.7	1	3
306	3	618.46	1	3
306	3	916.47	1	3
306	3	922.87	1	3
306	3	590.07	1	3
306	3	1435.9	1	3
306	3	1528.3	1	3
306	3	1088.3	1	3
306	3	706.62	1	3
306	3	583.75	1	3
306	3	899.25	1	3
306	3	634.52	1	3
306	3	1021	1	3
306	3	519.77	1	3
306	3	1244.6	1	3
306	3	1096.5	1	3
306	3	553.99	1	3
306	3	702.53	1	3
306	3	950.48	1	3
306	3	1423.9	1	3
306	3	936.84	1	3
306	3	905.7	1	3
306	3	1746.5	1	3
306	3	633.65	1	3
306	3	683.57	1	3
306	3	1166.7	1	3
306	3	918.68	1	3
306	3	785.85	1	3
306	3	555.64	1	3
306	3	1197.4	1	3
306	3	1173.5	0	3
306	3	669.03	1	3
306	3	645.11	1	3
306	3	1246.1	1	3
306	3	676.94	1	3
306	3	936.75	1	3
306	3	796.66	1	3
306	3	1283.5	1	3
306	3	545.29	1	3
306	3	570.41	1	3
306	3	653.63	1	3
306	3	934.01	1	3
306	3	1361.1	1	3
306	3	1115.9	1	3
306	3	542.94	1	3
306	3	803.04	1	3
306	3	664.4	1	3
306	3	628.81	1	3
306	3	2107.1	1	3
306	3	743.76	1	3
306	3	880.66	1	3
306	3	685.22	1	3
306	3	722.48	1	3
306	3	516.32	1	3
306	3	509.14	1	3
306	3	1033.5	1	3
306	3	1224	1	3
306	3	1093	1	3
306	3	546.34	1	3
306	3	650.12	1	3
306	3	1013.9	1	3
306	3	558.98	1	3
306	3	1028.6	1	3
306	3	592.61	1	3
306	3	614.6	1	3
306	3	550.66	1	3
306	3	816.98	1	3
306	3	1204.3	1	3
306	3	523.29	1	3
306	3	522.25	1	3
306	3	797.6	1	3
306	3	882.96	1	3
306	3	756.34	1	3
306	3	632.47	1	3
306	3	568.54	1	3
306	3	530.28	1	3
306	3	914.07	1	3
306	3	735.32	1	3
306	3	709.18	1	3
306	3	534.61	1	3
306	3	690.84	1	3
306	3	657.47	1	3
306	3	566.91	1	3
306	3	577.08	1	3
306	3	780.18	1	3
306	3	717.52	1	3
306	3	591.39	1	3
306	3	774.84	1	3
306	3	719.33	1	3
306	3	495.38	1	3
306	3	802.53	1	3
306	3	548.2	1	3
306	3	609.45	1	3
306	3	930.78	1	3
306	3	931.8	1	3
306	3	1760.2	1	3
306	3	603.34	1	3
306	3	999.6	1	3
306	3	642.17	1	3
306	3	968.31	1	3
306	3	1139.1	1	3
306	3	783.9	1	3
306	3	575.09	1	3
306	3	600	1	3
306	3	568.87	1	3
306	3	656.93	1	3
306	3	648.71	1	3
306	3	796.68	1	3
306	3	1286.8	1	3
306	3	638.24	1	3
306	3	699.86	1	3
306	3	965.65	1	3
306	3	639.36	1	3
306	3	639.59	1	3
306	3	881.36	1	3
306	3	1229.6	1	3
306	3	594.01	1	3
306	3	881.75	1	3
306	3	629.36	1	3
306	3	1039	1	3
306	3	643.83	1	3
306	3	637.88	1	3
306	3	641.98	1	3
306	3	567.75	1	3
306	3	578.27	1	3
306	3	975.95	1	3
306	3	838.96	0	3
306	3	748.65	1	3
306	3	1179.3	1	3
306	3	752.77	1	3
306	3	1102.7	1	3
306	3	603.82	1	3
306	3	581.28	1	3
306	3	1220.5	1	3
306	3	552.79	0	3
306	3	1049.4	1	3
306	3	1056	1	3
306	3	1994.5	1	3
306	3	1501.2	1	3
306	3	648.15	1	3
306	3	2029.5	1	3
306	3	620.26	1	3
306	3	850.54	1	3
306	3	1001.6	1	3
306	3	777.58	1	3
306	3	1933.5	1	3
306	3	611.15	1	3
306	3	1228.8	1	3
306	3	587.42	1	3
306	3	1276.5	1	3
306	3	942.88	1	3
306	3	573.23	1	3
306	3	1064.3	1	3
306	3	909.64	1	3
306	3	1193.7	1	3
306	3	1724.9	0	3
306	3	685.34	1	3
306	3	1150.7	1	3
306	3	830.43	1	3
306	3	1250.4	1	3
306	3	1996.4	1	3
306	3	683.76	1	3
306	3	687.59	1	3
306	3	632.02	1	3
306	3	1135.1	1	3
306	3	570.2	1	3
306	3	925.68	1	3
306	3	1282	1	3
306	3	512.72	1	3
306	3	1045.9	1	3
306	3	697.03	1	3
306	3	1569.9	1	3
306	3	667	1	3
306	3	549.6	1	3
306	3	521.53	1	3
306	3	807.56	1	3
306	3	719.6	1	3
306	3	545.65	1	3
306	3	580.77	1	3
306	3	516.55	1	3
306	3	915.1	1	3
306	3	630.75	1	3
306	3	507.22	1	3
306	3	569.24	1	3
306	3	1296.7	1	3
306	3	568.02	1	3
306	3	609.44	1	3
306	3	633.54	1	3
306	3	1045.3	1	3
306	3	725.41	1	3
306	3	572.27	1	3
306	3	500.48	1	3
306	3	606.69	1	3
306	3	647.56	1	3
306	3	542.39	1	3
306	3	573.51	1	3
306	3	555.27	1	3
306	3	511.71	1	3
306	3	583.26	1	3
306	3	524.4	1	3
306	3	640.51	1	3
306	3	496.81	1	3
306	3	784.57	1	3
306	3	661.67	1	3
306	3	1214.6	1	3
306	3	740.34	1	3
306	3	493.42	1	3
306	3	480.87	1	3
306	3	572.34	1	3
306	3	700.73	1	3
306	3	607.98	1	3
306	3	494.86	1	3
306	3	546.56	1	3
306	3	564.28	1	3
306	3	789.68	1	3
306	3	459.06	1	3
306	3	446.99	1	3
306	3	714.14	1	3
306	3	447.16	1	3
306	3	488.46	1	3
306	3	643.01	1	3
306	3	975.16	1	3
306	3	661.63	1	3
306	3	971.65	1	3
306	3	543.86	1	3
306	3	493.43	1	3
306	3	945.73	1	3
306	3	565.47	1	3
306	3	795.07	1	3
306	3	808.24	1	3
306	3	603.5	1	3
306	3	615.18	1	3
306	3	853.02	1	3
306	3	493.32	1	3
306	3	645.07	1	3
306	3	564.78	1	3
306	3	836.3	1	3
306	3	711.33	1	3
306	3	698.06	1	3
306	3	502.06	1	3
306	3	1070	1	3
306	3	561.13	1	3
306	3	751.8	1	3
306	3	674.1	1	3
306	3	703.17	1	3
306	3	964.87	1	3
306	3	914.51	1	3
306	3	705.56	1	3
306	3	543.73	1	3
306	3	552.75	1	3
306	3	729.28	1	3
306	3	544.09	1	3
306	3	553.03	1	3
306	3	596.68	1	3
306	3	539.57	1	3
306	3	735.87	1	3
306	3	646.7	1	3
306	3	563.26	1	3
306	3	464.12	1	3
306	3	1036.7	1	3
306	3	674.08	1	3
306	3	1124.2	1	3
306	3	612.5	1	3
306	3	572.84	1	3
306	3	736.7	1	3
306	3	961.88	1	3
306	3	665.23	1	3
306	3	625.42	1	3
306	3	658.84	1	4
306	3	943.72	1	4
306	3	681.48	0	4
306	3	2184.5	0	4
306	3	931.52	1	4
306	3	896.18	1	4
306	3	571.36	1	4
306	3	877.39	1	4
306	3	725.86	1	4
306	3	758.15	1	4
306	3	639.77	1	4
306	3	724.03	1	4
306	3	1538.1	1	4
306	3	669.68	1	4
306	3	663.97	1	4
306	3	1205.5	1	4
306	3	862.73	1	4
306	3	1941.8	1	4
306	3	721.38	1	4
306	3	1007.2	1	4
306	3	1478.4	1	4
306	3	1032.2	1	4
306	3	1277.9	0	4
306	3	1201.8	1	4
306	3	720.11	1	4
306	3	1627	1	4
306	3	1506.5	1	4
306	3	1320.2	1	4
306	3	1675.3	1	4
306	3	769.94	1	4
306	3	956.17	1	4
306	3	901.13	1	4
306	3	1732.4	1	4
306	3	1591.9	1	4
306	3	941.61	0	4
306	3	1712.2	1	4
306	3	771.95	0	4
306	3	1036.6	1	4
306	3	2095	1	4
306	3	1008.1	1	4
306	3	1031.7	1	4
306	3	980.17	0	4
306	3	1603	1	4
306	3	1532.6	1	4
306	3	594.79	1	4
306	3	583.06	1	4
306	3	616.92	1	4
306	3	844.46	1	4
306	3	1227.2	1	4
306	3	789.51	1	4
306	3	2023.4	1	4
306	3	2369.7	1	4
306	3	798.29	1	4
306	3	828.66	1	4
306	3	1166.6	1	4
306	3	1859.6	1	4
306	3	1442.1	1	4
306	3	1705	0	4
306	3	2110.6	1	4
306	3	845.64	1	4
306	3	526.88	1	4
306	3	1840.9	1	4
306	3	1379.6	0	4
306	3	809.3	1	4
306	3	953.35	1	4
306	3	1668.3	1	4
306	3	978.65	0	4
306	3	1325.7	0	4
306	3	638	1	4
306	3	1235	1	4
306	3	1183	1	4
306	3	1326.1	1	4
306	3	924.93	0	4
306	3	750.28	1	4
306	3	912.69	1	4
306	3	1145.8	1	4
306	3	1279.6	1	4
306	3	2114	1	4
306	3	822.35	0	4
306	3	993.09	1	4
306	3	1901.9	1	4
306	3	823.77	0	4
306	3	990.69	1	4
306	3	827.17	0	4
306	3	2099.4	0	4
306	3	1408.4	1	4
306	3	1316.9	0	4
306	3	1710.1	1	4
306	3	1055	1	4
306	3	861.58	0	4
306	3	1164.4	1	4
306	3	877.84	1	4
306	3	1749.5	0	4
306	3	1697.8	0	4
306	3	1987.7	1	4
306	3	878.72	1	4
306	3	1323.3	1	4
306	3	2074.9	1	4
306	3	1693.6	1	4
306	3	639.21	1	4
306	3	1067.3	1	4
306	3	840.69	1	4
306	3	967.77	1	4
306	3	1397.9	1	4
306	3	1390.6	1	4
306	3	1180.4	1	4
306	3	741.81	1	4
306	3	1389.6	1	4
306	3	1014.8	1	4
306	3	660.61	1	4
306	3	1823	1	4
306	3	1845.2	1	4
306	3	750.14	1	4
306	3	1016.5	1	4
306	3	1241.9	1	4
306	3	1058.4	1	4
306	3	1775.8	1	4
306	3	1598.7	0	4
306	3	893.18	1	4
306	3	1689.1	1	4
306	3	838.34	1	4
306	3	865.64	1	4
306	3	690.36	1	4
306	3	1070.7	1	4
306	3	559.97	1	4
306	3	1604.8	1	4
306	3	1173.1	1	4
306	3	1097.7	0	4
306	3	727.32	1	4
306	3	994.58	1	4
306	3	1096.4	1	4
306	3	1053	1	4
306	3	995.95	1	4
306	3	987.29	1	4
306	3	1257.4	1	4
306	3	1142.7	0	4
306	3	1282.5	1	4
306	3	1751.1	1	4
306	3	1187.3	0	4
306	3	1670.9	0	4
306	3	957.26	1	4
306	3	615.47	1	4
306	3	1607.9	1	4
306	3	737.93	1	4
306	3	879.37	1	4
306	3	1839	1	4
306	3	1063.1	1	4
306	3	662.83	1	4
306	3	741.84	0	4
306	3	712.64	1	4
306	3	892.08	1	4
306	3	1088.4	1	4
306	3	1200.8	1	4
306	3	945.88	1	4
306	3	843.42	1	4
306	3	998.46	1	4
306	3	1552.6	1	4
306	3	799.4	1	4
306	3	1030.3	1	4
306	3	1492.3	1	4
306	3	1085.4	1	4
306	3	956.33	1	4
306	3	1027.3	1	4
306	3	1363.5	1	4
306	3	1036.2	1	4
306	3	1412.9	1	4
306	3	679.76	0	4
306	3	1357.7	1	4
306	3	954.92	1	4
306	3	1077.7	1	4
306	3	784.68	1	4
306	3	1301.7	1	4
306	3	847.68	1	4
306	3	964.83	1	4
306	3	564.22	1	4
306	3	1515.1	0	4
306	3	630.52	0	4
306	3	1239.9	1	4
306	3	1006.3	1	4
306	3	1174.1	1	4
306	3	566.48	1	4
306	3	840.77	1	4
306	3	1330.7	1	4
306	3	1300.4	1	4
306	3	580.55	1	4
306	3	1085.5	1	4
306	3	893.52	1	4
306	3	861.69	1	4
306	3	1590.1	1	4
306	3	837.11	1	4
306	3	1423.4	1	4
306	3	734.54	1	4
306	3	1105	1	4
306	3	1366.8	1	4
306	3	933.66	1	4
306	3	582.27	1	4
306	3	899.96	1	4
306	3	560.81	1	4
306	3	1097	1	4
306	3	677.01	1	4
306	3	519.23	0	4
306	3	876.51	1	4
306	3	1501.1	1	4
306	3	1715.1	0	4
306	3	844.14	1	4
306	3	1276	1	4
306	3	1946.7	1	4
306	3	1089.6	0	4
306	3	1999.9	0	4
306	3	1511.3	0	4
306	3	1371.9	1	4
306	3	969.55	1	4
306	3	922.89	1	4
306	3	1836.5	1	4
306	3	1260.9	1	4
306	3	1192.5	1	4
306	3	791.12	1	4
306	3	1346.4	1	4
306	3	617.67	1	4
306	3	1774.8	1	4
306	3	931.08	1	4
306	3	854.02	1	4
306	3	2155.8	1	4
306	3	1208.7	1	4
306	3	708.17	1	4
306	3	2490	1	4
306	3	1319.7	1	4
306	3	920.95	1	4
306	3	1070.3	1	4
306	3	1120.7	1	4
306	3	785.85	0	4
306	3	684.2	1	4
306	3	740.58	1	4
306	3	1589.7	1	4
306	3	1379.5	1	4
306	3	1139.9	1	4
306	3	1924.8	0	4
306	3	2295.5	1	4
306	3	2141.6	1	4
306	3	1081.3	1	4
306	3	846.57	1	4
306	3	621.72	0	4
306	3	823	1	4
306	3	1182.6	1	4
306	3	1360.4	1	4
306	3	1388.6	1	4
306	3	821.59	1	4
306	3	1694.1	0	4
306	3	1653.1	1	4
306	3	1321	1	4
306	3	836.3	1	4
306	3	1019.2	1	4
306	3	1160.2	1	4
306	3	665.3	1	4
306	3	630.59	1	4
306	3	723.72	1	4
306	3	1086.5	1	4
306	3	815.3	1	4
306	3	1258	1	4
306	3	878.55	1	4
306	3	915.7	1	4
306	3	1242.6	1	4
306	3	651.82	1	4
306	3	534.65	1	4
306	3	903.48	1	4
306	3	794.3	1	4
306	3	1129.1	1	4
306	3	572.37	1	4
306	3	787.67	1	4
306	3	892.05	1	4
306	3	632.81	1	4
306	3	637.85	1	4
306	3	944.34	1	4
306	3	769.87	1	4
306	3	1094	1	4
306	3	818.18	1	4
306	3	645.2	1	4
306	3	653.8	1	4
306	3	641.05	1	4
306	3	861.23	1	4
306	3	936.94	1	4
306	3	662.92	1	4
306	3	853.8	1	4
306	3	1297.3	1	4
306	3	1372.3	1	4
306	3	802.93	0	4
306	3	904.64	1	4
306	3	607.69	1	4
306	3	1406.4	1	4
306	3	770	1	4
306	3	988.19	1	4
306	3	923.94	1	4
306	3	573.51	1	4
306	3	530.09	1	4
306	3	636.63	1	4
306	3	685	1	4
306	3	658.59	1	4
306	3	976.26	1	4
306	3	1109.1	1	4
306	3	568.41	1	4
306	3	638.88	1	4
306	3	564.97	1	4
306	3	1208.1	1	4
306	3	486.97	1	4
306	3	583.32	1	4
306	3	740.74	1	4
306	3	767.16	0	4
306	3	1370.1	1	4
306	3	711.07	1	4
306	3	475.14	1	4
306	3	712.21	1	4
306	3	581.28	1	4
306	3	550.01	1	4
306	3	1006.7	1	4
306	3	1839.1	1	4
306	3	693.6	1	4
306	3	585.28	1	4
306	3	845.04	1	4
306	3	505.34	1	4
306	3	1006.4	1	4
306	3	638	1	4
306	3	872	0	4
306	3	909.21	1	4
306	3	1029.4	1	4
306	3	1288.8	1	4
306	3	1066.7	1	4
306	3	818.99	1	4
306	3	942.6	1	4
306	3	894.09	1	4
306	3	705.8	1	4
306	3	1159.8	1	4
306	3	1134.9	1	4
306	3	725.39	1	4
306	3	1262.2	1	4
306	3	562.63	1	4
306	3	721.43	1	4
306	3	516.08	1	4
306	3	867.35	1	4
306	3	928.41	1	4
306	3	832.71	1	4
306	3	686.53	1	4
306	3	742.74	1	4
306	3	1926.1	0	4
306	3	779.71	1	4
306	3	753.97	1	4
306	3	1209.8	1	4
306	3	1273.6	1	4
306	3	800.76	1	4
306	3	631.64	1	4
306	3	1547.9	1	5
306	3	906.68	1	5
306	3	909.53	1	5
306	3	1249.8	1	5
306	3	1619.7	1	5
306	3	907.27	1	5
306	3	919.04	1	5
306	3	1569.2	0	5
306	3	1199.8	1	5
306	3	1331.1	1	5
306	3	1240.8	1	5
306	3	772.85	1	5
306	3	1453.4	1	5
306	3	691.06	1	5
306	3	1030	1	5
306	3	586.51	1	5
306	3	906.57	1	5
306	3	1154.6	1	5
306	3	868.51	1	5
306	3	904.51	1	5
306	3	1109.8	1	5
306	3	726.96	1	5
306	3	1423.7	0	5
306	3	1016.7	1	5
306	3	1068.5	1	5
306	3	827.07	1	5
306	3	639.06	1	5
306	3	863.03	1	5
306	3	793.74	1	5
306	3	961.03	1	5
306	3	1257.2	0	5
306	3	794.9	1	5
306	3	865.83	1	5
306	3	651.65	1	5
306	3	1162.1	1	5
306	3	1287.8	1	5
306	3	991.96	1	5
306	3	1099.3	1	5
306	3	951.69	1	5
306	3	682.49	1	5
306	3	1002.2	0	5
306	3	713.69	1	5
306	3	617.58	1	5
306	3	877.85	1	5
306	3	824.97	1	5
306	3	842.39	1	5
306	3	1189.9	1	5
306	3	1058.7	1	5
306	3	1071.4	0	5
306	3	722.39	1	5
306	3	1136.2	1	5
306	3	924.45	1	5
306	3	843.51	1	5
306	3	814.88	1	5
306	3	842.89	1	5
306	3	1311.6	1	5
306	3	1022	1	5
306	3	1659.4	1	5
306	3	2216.4	0	5
306	3	836.78	1	5
306	3	2292.9	1	5
306	3	867.79	1	5
306	3	944.53	1	5
306	3	1676.4	0	5
306	3	1527.7	1	5
306	3	1020.2	1	5
306	3	803.09	1	5
306	3	776.27	1	5
306	3	662.98	1	5
306	3	1208.8	1	5
306	3	737.15	1	5
306	3	935.93	1	5
306	3	949.48	1	5
306	3	1477.5	1	5
306	3	1207.3	1	5
306	3	792.57	1	5
306	3	1012.1	1	5
306	3	1089.5	0	5
306	3	1039.7	1	5
306	3	955.3	1	5
306	3	1317	1	5
306	3	1172.9	1	5
306	3	749.14	1	5
306	3	1064.2	1	5
306	3	961.37	1	5
306	3	2216.4	0	5
306	3	1667.5	1	5
306	3	1069.9	1	5
306	3	997.48	1	5
306	3	842.66	1	5
306	3	707.35	1	5
306	3	952.87	1	5
306	3	1136.7	1	5
306	3	1268.2	0	5
306	3	1006.2	1	5
306	3	893.09	1	5
306	3	797.45	1	5
306	3	813.69	1	5
306	3	1538.3	0	5
306	3	1125.2	1	5
306	3	1184.8	1	5
306	3	932.25	1	5
306	3	1297.6	1	5
306	3	1314.2	1	5
306	3	1063.6	1	5
306	3	951.13	1	5
306	3	796.86	1	5
306	3	905.6	1	5
306	3	1170.3	1	5
306	3	1083	1	5
306	3	1285.5	1	5
306	3	1089	1	5
306	3	803.91	1	5
306	3	1633.4	1	5
306	3	1143.3	1	5
306	3	860.5	1	5
306	3	1019.4	1	5
306	3	750.76	1	5
306	3	999.36	1	5
306	3	1235.4	1	5
306	3	586.26	1	5
306	3	749.15	1	5
306	3	1160.6	1	5
306	3	744.29	1	5
306	3	1122.3	1	5
306	3	1080.6	1	5
306	3	1255.8	1	5
306	3	851.33	1	5
306	3	662.01	1	5
306	3	686.67	1	5
306	3	1343.7	1	5
306	3	983.43	1	5
306	3	902.28	1	5
306	3	1383.1	1	5
306	3	799.1	1	5
306	3	1049.2	0	5
306	3	1003.9	1	5
306	3	799.62	1	5
306	3	1088.4	1	5
306	3	610.68	1	5
306	3	1399.7	1	5
306	3	645.1	1	5
306	3	1132.3	1	5
306	3	824.72	1	5
306	3	899.22	1	5
306	3	653.04	1	5
306	3	644.67	1	5
306	3	1025.7	1	5
306	3	1426.5	1	5
306	3	1003.5	1	5
306	3	604.56	1	5
306	3	978.56	1	5
306	3	902.2	1	5
306	3	693.76	1	5
306	3	1025	1	5
306	3	1001.2	1	5
306	3	1174	1	5
306	3	781.01	1	5
306	3	926.54	1	5
306	3	974.77	1	5
306	3	1035.2	1	5
306	3	538.38	1	5
306	3	743.18	1	5
306	3	974.79	1	5
306	3	1146.6	1	5
306	3	993.4	1	5
306	3	717.73	1	5
306	3	1726.6	1	5
306	3	657.03	1	5
306	3	948.64	1	5
306	3	1040.5	1	5
306	3	565.97	1	5
306	3	848.78	1	5
306	3	625.87	1	5
306	3	838.74	1	5
306	3	1023	1	5
306	3	847.71	1	5
306	3	907.1	1	5
306	3	1133.5	1	5
306	3	560.41	1	5
306	3	893.26	1	5
306	3	2222.8	1	5
306	3	575.02	1	5
306	3	1017.9	1	5
306	3	1186.9	1	5
306	3	1648.8	0	5
306	3	819.48	1	5
306	3	1646.4	1	5
306	3	1866.6	1	5
306	3	1350	1	5
306	3	974.06	1	5
306	3	787.19	1	5
306	3	895.47	1	5
306	3	818.8	1	5
306	3	861.75	1	5
306	3	856.07	1	5
306	3	683.66	1	5
306	3	747.23	1	5
306	3	1382.5	1	5
306	3	850.5	1	5
306	3	656.42	1	5
306	3	1228.5	1	5
306	3	551.01	1	5
306	3	658.58	1	5
306	3	1125.8	0	5
306	3	699.27	1	5
306	3	561.6	1	5
306	3	865.83	1	5
306	3	936.57	1	5
306	3	2088.4	1	5
306	3	1220.4	1	5
306	3	925.5	1	5
306	3	898.51	1	5
306	3	1004.3	1	5
306	3	948.3	1	5
306	3	1029.1	1	5
306	3	912.84	1	5
306	3	905.22	1	5
306	3	1069.2	1	5
306	3	1239.8	1	5
306	3	487.31	1	5
306	3	946.7	1	5
306	3	1140.1	1	5
306	3	1180.8	1	5
306	3	1062.3	1	5
306	3	784.43	1	5
306	3	1040.3	1	5
306	3	552.01	0	5
306	3	639.98	1	5
306	3	1602.4	1	5
306	3	1081.4	1	5
306	3	773.68	1	5
306	3	854.31	1	5
306	3	1983.8	1	5
306	3	1821.9	1	5
306	3	1854.9	1	5
306	3	1922.8	0	5
306	3	992.29	1	5
306	3	3002.2	0	5
306	3	2812.6	0	5
306	3	760.88	1	5
306	3	2204.3	0	5
306	3	807.49	1	5
306	3	2470.7	1	5
306	3	767.31	1	5
306	3	1075.9	1	5
306	3	1731.1	1	5
306	3	1062.3	1	5
306	3	1061.3	1	5
306	3	1087.6	1	5
306	3	917.46	1	5
306	3	617.14	1	5
306	3	721.45	1	5
306	3	1129.4	0	5
306	3	1032.6	1	5
306	3	566.99	1	5
306	3	1360.7	1	5
306	3	802.93	1	5
306	3	936.18	1	5
306	3	618.04	1	5
306	3	639.67	1	5
306	3	930.14	1	5
306	3	630.71	1	5
306	3	551.35	1	5
306	3	507.33	1	5
306	3	1129.4	1	5
306	3	483.35	1	5
306	3	1388.2	1	5
306	3	578.57	1	5
306	3	643.41	1	5
306	3	848.21	1	5
306	3	1294.9	1	5
306	3	750.81	1	5
306	3	941	1	5
306	3	730.59	1	5
306	3	815.72	1	5
306	3	1005.7	1	5
306	3	637.89	1	5
306	3	741.01	1	5
306	3	969.42	1	5
306	3	720.12	1	5
306	3	769.17	1	5
306	3	763.46	1	5
306	3	735.15	1	5
306	3	808.12	1	5
306	3	620.19	1	5
306	3	691.42	1	5
306	3	927.7	1	5
306	3	785.96	1	5
306	3	901.79	1	5
306	3	538.01	1	5
306	3	704.07	1	5
306	3	646.07	1	5
306	3	601.79	1	5
306	3	751.6	1	5
306	3	767.8	1	5
306	3	1912	0	5
306	3	770.41	1	5
306	3	925.45	1	5
306	3	1415.4	1	5
306	3	727.29	1	5
306	3	857.6	1	5
306	3	868.91	1	5
306	3	779.9	1	5
306	3	516.61	1	5
306	3	714.46	1	5
306	3	739.89	1	5
306	3	1021.5	1	5
306	3	697.03	1	5
306	3	813.77	1	5
306	3	1248.1	1	5
306	3	561.07	1	5
306	3	721.97	1	5
306	3	782.4	1	5
306	3	831.13	1	5
306	3	638.73	1	5
306	3	508.22	1	5
306	3	525.22	1	5
306	3	635.94	1	5
306	3	449.15	1	5
306	3	563.51	1	5
306	3	579.08	1	5
306	3	494.98	1	5
306	3	626.2	1	5
306	3	541.96	1	5
306	3	722.2	1	5
306	3	680.97	1	5
306	3	837.6	1	5
306	3	462.67	1	5
306	3	631.78	1	5
306	3	892.3	1	5
306	3	1184.1	1	5
306	3	751.33	1	5
306	3	948.47	1	5
306	3	752.14	1	5
306	3	788.43	1	5
306	3	650.97	1	5
306	3	898.51	1	5
306	3	900.16	1	5
306	3	475.53	1	5
306	3	702.02	1	5
306	3	352.62	1	5
306	3	531.99	1	5
306	3	580.38	1	5
306	3	426.41	1	5
306	3	859	1	5
306	3	772.5	1	5
306	3	1099.2	1	5
306	3	1080.7	1	5
306	3	1437.8	1	6
306	3	909.02	1	6
306	3	775.32	1	6
306	3	755.63	1	6
306	3	1237.6	1	6
306	3	774.8	1	6
306	3	803.26	1	6
306	3	707.34	1	6
306	3	669.09	1	6
306	3	656.4	1	6
306	3	1350.8	1	6
306	3	736.71	1	6
306	3	795.19	1	6
306	3	609.96	1	6
306	3	768.97	1	6
306	3	936.17	1	6
306	3	488.57	1	6
306	3	532.36	1	6
306	3	807.61	1	6
306	3	1547	1	6
306	3	683.04	1	6
306	3	509.65	1	6
306	3	841.64	1	6
306	3	1322.3	1	6
306	3	1173.7	1	6
306	3	1272.7	1	6
306	3	724.5	1	6
306	3	728.57	1	6
306	3	1047.6	1	6
306	3	971.12	1	6
306	3	957.27	1	6
306	3	1125.3	1	6
306	3	731.56	1	6
306	3	1415.8	1	6
306	3	1141.3	1	6
306	3	738.2	1	6
306	3	825.66	1	6
306	3	832.16	1	6
306	3	698.16	1	6
306	3	616.12	1	6
306	3	974.37	1	6
306	3	705.13	1	6
306	3	1477.8	1	6
306	3	819.79	1	6
306	3	641.64	1	6
306	3	722.53	1	6
306	3	1454.1	1	6
306	3	573.54	1	6
306	3	956.2	1	6
306	3	561.13	1	6
306	3	667.92	1	6
306	3	1406	1	6
306	3	1395.7	1	6
306	3	2080.8	1	6
306	3	1974.8	0	6
306	3	1400.6	1	6
306	3	1258.6	1	6
306	3	1372.9	1	6
306	3	1592.8	1	6
306	3	2010	1	6
306	3	682.51	1	6
306	3	915.27	1	6
306	3	654.89	1	6
306	3	1773.3	0	6
306	3	980.25	1	6
306	3	1680.6	1	6
306	3	1377	1	6
306	3	1115.6	1	6
306	3	820.19	1	6
306	3	1393.8	1	6
306	3	987.82	1	6
306	3	1589	1	6
306	3	953.07	1	6
306	3	1123.8	1	6
306	3	1029.5	1	6
306	3	502.22	1	6
306	3	1227.7	1	6
306	3	632.82	1	6
306	3	1764.9	0	6
306	3	1575.1	1	6
306	3	949.91	1	6
306	3	1303.1	1	6
306	3	1276.4	1	6
306	3	785.23	1	6
306	3	633.1	1	6
306	3	629.66	1	6
306	3	1187	1	6
306	3	1106.8	1	6
306	3	767.43	1	6
306	3	848.85	1	6
306	3	1110.9	1	6
306	3	1125.3	1	6
306	3	2051.7	1	6
306	3	784.06	1	6
306	3	1294.8	1	6
306	3	1018.9	1	6
306	3	1066	1	6
306	3	716.52	1	6
306	3	878.05	1	6
306	3	1924.4	1	6
306	3	797.06	1	6
306	3	922.49	1	6
306	3	1659.6	0	6
306	3	1333.5	1	6
306	3	1553.2	1	6
306	3	655.66	1	6
306	3	872.46	1	6
306	3	651.33	1	6
306	3	877.16	1	6
306	3	620.15	1	6
306	3	611.01	1	6
306	3	917.18	1	6
306	3	1310.5	1	6
306	3	573.51	1	6
306	3	689.78	1	6
306	3	879.82	1	6
306	3	1798.1	1	6
306	3	942.22	1	6
306	3	1206.7	1	6
306	3	1520.4	0	6
306	3	1244.1	1	6
306	3	707.36	1	6
306	3	653.32	1	6
306	3	1002.7	1	6
306	3	1169.3	1	6
306	3	588.87	1	6
306	3	877.47	1	6
306	3	724.35	1	6
306	3	2339.1	1	6
306	3	1019.1	1	6
306	3	750.58	1	6
306	3	812.1	1	6
306	3	849.3	1	6
306	3	681.03	1	6
306	3	559.35	1	6
306	3	2046.4	0	6
306	3	964.45	1	6
306	3	915.23	1	6
306	3	629.41	1	6
306	3	632.9	1	6
306	3	750.98	1	6
306	3	981.14	1	6
306	3	952.95	1	6
306	3	732.1	1	6
306	3	1261.4	1	6
306	3	836.37	1	6
306	3	670.16	1	6
306	3	1780.7	1	6
306	3	826.18	0	6
306	3	1618.4	1	6
306	3	1385.1	1	6
306	3	795.11	1	6
306	3	901.37	1	6
306	3	592.18	1	6
306	3	689.99	1	6
306	3	584.93	1	6
306	3	886.96	1	6
306	3	847.99	1	6
306	3	1505.2	0	6
306	3	1529.9	1	6
306	3	1359.9	1	6
306	3	632.23	1	6
306	3	529.99	1	6
306	3	501.76	1	6
306	3	1315.8	1	6
306	3	1716.8	1	6
306	3	556.14	1	6
306	3	510.76	1	6
306	3	1509.3	1	6
306	3	1189.3	1	6
306	3	1048.2	1	6
306	3	663.88	1	6
306	3	469.58	1	6
306	3	1296.5	1	6
306	3	614.23	1	6
306	3	557.4	1	6
306	3	586.91	1	6
306	3	612.88	1	6
306	3	573.12	1	6
306	3	664.5	1	6
306	3	1377.7	0	6
306	3	1698	1	6
306	3	868.33	1	6
306	3	791.65	1	6
306	3	714.57	1	6
306	3	710.35	1	6
306	3	720.62	1	6
306	3	1767.7	1	6
306	3	1028.4	1	6
306	3	1218	1	6
306	3	711.84	1	6
306	3	513.28	1	6
306	3	909.99	1	6
306	3	932.34	1	6
306	3	714.23	1	6
306	3	977.45	1	6
306	3	828.93	1	6
306	3	1032.5	1	6
306	3	1308.8	1	6
306	3	1188.8	1	6
306	3	522.05	1	6
306	3	1333.3	0	6
306	3	1728.6	1	6
306	3	572.22	1	6
306	3	1194.8	1	6
306	3	557.32	1	6
306	3	1423.4	1	6
306	3	1124.4	1	6
306	3	601.64	1	6
306	3	532.71	1	6
306	3	686.1	1	6
306	3	1536.3	1	6
306	3	641.31	1	6
306	3	1124.7	1	6
306	3	963.14	1	6
306	3	798.01	1	6
306	3	1233.2	1	6
306	3	1237.3	1	6
306	3	546.91	1	6
306	3	1054.1	1	6
306	3	736.05	1	6
306	3	484.56	1	6
306	3	2297.4	1	6
306	3	799.42	1	6
306	3	917.63	1	6
306	3	922.01	1	6
306	3	944.58	1	6
306	3	863.46	1	6
306	3	508.81	1	6
306	3	601.9	1	6
306	3	686.25	1	6
306	3	468.7	1	6
306	3	749.16	1	6
306	3	547.12	1	6
306	3	638.02	1	6
306	3	1504.9	1	6
306	3	1032.4	1	6
306	3	806.53	1	6
306	3	1113.6	1	6
306	3	774.02	1	6
306	3	1324.5	1	6
306	3	675.04	1	6
306	3	602.45	1	6
306	3	909.28	1	6
306	3	908.13	1	6
306	3	1384.2	1	6
306	3	1214.7	1	6
306	3	1381	1	6
306	3	876.42	1	6
306	3	605.82	1	6
306	3	970.58	1	6
306	3	629.5	1	6
306	3	801.03	1	6
306	3	1158.1	1	6
306	3	967.67	1	6
306	3	1000.1	1	6
306	3	606.07	1	6
306	3	973.76	1	6
306	3	605.03	1	6
306	3	893.64	1	6
306	3	846.86	1	6
306	3	622.17	1	6
306	3	529.1	1	6
306	3	1046.3	1	6
306	3	745.83	1	6
306	3	871.59	1	6
306	3	755.14	1	6
306	3	789.83	1	6
306	3	804.44	1	6
306	3	643.91	1	6
306	3	609.53	1	6
306	3	661.3	1	6
306	3	578.97	1	6
306	3	666.09	1	6
306	3	625.06	1	6
306	3	525.63	1	6
306	3	583.84	1	6
306	3	536.41	1	6
306	3	514.97	1	6
306	3	1676.1	1	6
306	3	779.52	1	6
306	3	495.96	1	6
306	3	550.39	1	6
306	3	522.55	1	6
306	3	711.7	1	6
306	3	678.36	1	6
306	3	845.31	1	6
306	3	728.13	1	6
306	3	603.49	1	6
306	3	1174.8	1	6
306	3	929.53	1	6
306	3	965.58	1	6
306	3	644.42	1	6
306	3	610.64	1	6
306	3	541.8	1	6
306	3	573.17	1	6
306	3	1002.7	1	6
306	3	571.64	1	6
306	3	1576	0	6
306	3	753.27	1	6
306	3	486.29	1	6
306	3	520.97	1	6
306	3	535.48	1	6
306	3	458.35	1	6
306	3	733.67	1	6
306	3	787.56	1	6
306	3	1089.2	1	6
306	3	606.46	1	6
306	3	591.26	1	6
306	3	719.67	1	6
306	3	616.16	1	6
306	3	571.5	1	6
306	3	544.04	1	6
306	3	389.73	1	6
306	3	559.24	1	6
306	3	1340.6	1	6
306	3	688.98	1	6
306	3	456.76	1	6
306	3	562.49	1	6
306	3	686.96	1	6
306	3	539.32	1	6
306	3	467.69	1	6
306	3	449.78	1	6
306	3	831.9	1	6
306	3	734.97	1	6
306	3	698.82	1	6
306	3	724.52	1	6
306	3	1108.3	1	6
306	3	617.29	1	6
306	3	1062.9	1	6
306	3	498.6	1	6
306	3	406.46	1	6
306	3	723.29	1	6
306	3	440.33	1	6
306	3	607.15	1	6
306	3	497.2	1	6
306	3	580.25	1	6
306	3	724.67	1	6
306	3	842.88	0	6
306	3	748.32	1	6
306	3	703.49	1	6
306	3	620.5	1	6
306	3	577.35	1	6
306	3	626.6	1	6
306	3	551.08	1	6
306	3	742.82	1	6
306	3	945.07	1	6
306	3	475.06	1	6
306	3	482.22	1	6
306	3	485.43	1	6
306	3	966.54	1	7
306	3	975.29	1	7
306	3	980.21	1	7
306	3	1167.1	1	7
306	3	573.6	1	7
306	3	800.85	1	7
306	3	646	1	7
306	3	710.12	1	7
306	3	958.94	1	7
306	3	765.74	1	7
306	3	930.62	1	7
306	3	927.83	1	7
306	3	1481.8	1	7
306	3	644.27	1	7
306	3	1013.3	1	7
306	3	736.43	1	7
306	3	605.93	1	7
306	3	828.84	1	7
306	3	1099	1	7
306	3	842.34	1	7
306	3	950.62	1	7
306	3	1150.8	1	7
306	3	722.07	1	7
306	3	550.16	1	7
306	3	924.46	1	7
306	3	698.06	1	7
306	3	888.18	1	7
306	3	655.18	1	7
306	3	1107.7	1	7
306	3	559.5	1	7
306	3	1059.2	1	7
306	3	1019.6	1	7
306	3	655.18	1	7
306	3	551.9	1	7
306	3	842.76	1	7
306	3	863.87	1	7
306	3	792.63	1	7
306	3	745.29	1	7
306	3	787.76	1	7
306	3	805.56	1	7
306	3	541.43	1	7
306	3	964.75	1	7
306	3	801.78	1	7
306	3	894.94	1	7
306	3	1140	1	7
306	3	917.99	1	7
306	3	521.08	1	7
306	3	543.69	0	7
306	3	879.23	1	7
306	3	672.98	1	7
306	3	831.8	1	7
306	3	927.31	1	7
306	3	1098.1	1	7
306	3	978.95	1	7
306	3	679.73	1	7
306	3	1337	0	7
306	3	610.65	1	7
306	3	577.06	1	7
306	3	1042.5	0	7
306	3	1739.1	1	7
306	3	817.23	1	7
306	3	713.3	1	7
306	3	465.27	1	7
306	3	717.92	1	7
306	3	717.17	1	7
306	3	711.68	1	7
306	3	648.82	1	7
306	3	756.32	1	7
306	3	799.05	1	7
306	3	1200.8	1	7
306	3	1729.8	1	7
306	3	1882.2	1	7
306	3	818.25	1	7
306	3	561.05	1	7
306	3	1894	1	7
306	3	781.95	1	7
306	3	922.02	1	7
306	3	1327.5	1	7
306	3	720.7	1	7
306	3	559.6	1	7
306	3	833.45	1	7
306	3	936.83	1	7
306	3	730.08	1	7
306	3	666.2	1	7
306	3	976.69	1	7
306	3	869.52	1	7
306	3	806.36	1	7
306	3	1131.4	1	7
306	3	888.97	1	7
306	3	2074.3	1	7
306	3	747.49	1	7
306	3	948.83	1	7
306	3	950.59	1	7
306	3	1387.1	1	7
306	3	630.15	1	7
306	3	642.73	1	7
306	3	449.53	1	7
306	3	750.83	1	7
306	3	738.47	1	7
306	3	1233.5	1	7
306	3	983.94	0	7
306	3	1046.4	1	7
306	3	751.1	1	7
306	3	822.4	1	7
306	3	726.97	1	7
306	3	799.16	1	7
306	3	771.97	1	7
306	3	859.15	1	7
306	3	560.61	1	7
306	3	1007.3	1	7
306	3	763.97	1	7
306	3	668.88	1	7
306	3	1038.5	1	7
306	3	808.79	0	7
306	3	824.65	1	7
306	3	575.9	1	7
306	3	716.79	1	7
306	3	720.52	1	7
306	3	733.41	1	7
306	3	675.33	1	7
306	3	774.8	1	7
306	3	1166.2	1	7
306	3	982.09	1	7
306	3	827.98	1	7
306	3	1158	1	7
306	3	755.42	1	7
306	3	929.28	1	7
306	3	581.41	1	7
306	3	862.66	1	7
306	3	534.06	1	7
306	3	402.01	1	7
306	3	870.72	1	7
306	3	428.96	1	7
306	3	693.26	1	7
306	3	1229.6	1	7
306	3	851.18	1	7
306	3	689.8	1	7
306	3	585.99	1	7
306	3	740.48	1	7
306	3	747.14	1	7
306	3	648.56	1	7
306	3	576.14	1	7
306	3	954.16	1	7
306	3	643.04	1	7
306	3	1005.3	1	7
306	3	662.79	1	7
306	3	518.93	1	7
306	3	607.99	1	7
306	3	888.66	1	7
306	3	718.41	1	7
306	3	631.1	1	7
306	3	852.81	1	7
306	3	699.56	0	7
306	3	568.54	1	7
306	3	962.41	1	7
306	3	619.11	1	7
306	3	1216	1	7
306	3	480.75	1	7
306	3	509.72	1	7
306	3	843.54	1	7
306	3	812.26	1	7
306	3	1031.1	1	7
306	3	899.23	1	7
306	3	543.58	1	7
306	3	737.62	1	7
306	3	924.54	1	7
306	3	592.71	1	7
306	3	704.62	1	7
306	3	726.41	1	7
306	3	638.24	1	7
306	3	574.8	1	7
306	3	557.01	1	7
306	3	673.63	1	7
306	3	529.93	1	7
306	3	854.37	1	7
306	3	748.88	1	7
306	3	954.54	1	7
306	3	518.48	1	7
306	3	601.65	1	7
306	3	577.38	1	7
306	3	705.25	0	7
306	3	594.31	1	7
306	3	492.54	1	7
306	3	707.75	1	7
306	3	496.36	1	7
306	3	854.33	1	7
306	3	561.93	1	7
306	3	865.81	1	7
306	3	492.53	1	7
306	3	721.87	1	7
306	3	584.78	1	7
306	3	913.98	1	7
306	3	755.67	1	7
306	3	534.38	1	7
306	3	652.2	1	7
306	3	617.92	1	7
306	3	611.89	1	7
306	3	600.62	1	7
306	3	845.46	1	7
306	3	566.86	1	7
306	3	708.19	1	7
306	3	622.83	1	7
306	3	854.71	1	7
306	3	795.82	1	7
306	3	915.27	1	7
306	3	694.7	1	7
306	3	655.88	1	7
306	3	553.95	1	7
306	3	628.74	1	7
306	3	748.76	1	7
306	3	839.96	1	7
306	3	651.61	1	7
306	3	832.29	1	7
306	3	1078.7	1	7
306	3	668.89	1	7
306	3	1277.4	1	7
306	3	642.16	1	7
306	3	709.02	1	7
306	3	567.98	1	7
306	3	904.87	1	7
306	3	838.69	1	7
306	3	1087.1	1	7
306	3	863.8	1	7
306	3	627.98	1	7
306	3	678.55	1	7
306	3	701.23	1	7
306	3	571.96	1	7
306	3	582.71	1	7
306	3	1044.4	1	7
306	3	520.37	1	7
306	3	819.76	1	7
306	3	628.64	1	7
306	3	665.5	1	7
306	3	1933.4	1	7
306	3	918.28	1	7
306	3	814.61	1	7
306	3	1505.2	1	7
306	3	833.17	1	7
306	3	1150.7	1	7
306	3	528.82	1	7
306	3	841.08	1	7
306	3	623.88	1	7
306	3	753.27	1	7
306	3	958.64	1	7
306	3	593.87	1	7
306	3	415.99	1	7
306	3	910.86	1	7
306	3	549.32	1	7
306	3	726.26	1	7
306	3	572.79	1	7
306	3	607.98	1	7
306	3	732.27	1	7
306	3	667.51	1	7
306	3	467.77	1	7
306	3	766.85	1	7
306	3	469.93	1	7
306	3	438.94	1	7
306	3	573.29	1	7
306	3	999.42	1	7
306	3	672.94	1	7
306	3	665.61	1	7
306	3	768.41	1	7
306	3	588.77	1	7
306	3	811.15	1	7
306	3	616.11	1	7
306	3	543.09	1	7
306	3	592.83	1	7
306	3	634.18	1	7
306	3	656.99	1	7
306	3	1351.8	1	7
306	3	669.2	1	7
306	3	702.53	1	7
306	3	621.31	1	7
306	3	578.01	1	7
306	3	639.29	1	7
306	3	725.17	1	7
306	3	551.56	1	7
306	3	511.91	1	7
306	3	549.73	1	7
306	3	512.89	1	7
306	3	464.14	1	7
306	3	528.22	1	7
306	3	602.53	1	7
306	3	601.89	1	7
306	3	740.53	1	7
306	3	660.75	1	7
306	3	600.73	1	7
306	3	582.11	1	7
306	3	533.01	1	7
306	3	715.06	1	7
306	3	677.78	1	7
306	3	498.01	1	7
306	3	1398	1	7
306	3	814.47	1	7
306	3	721.52	1	7
306	3	462.53	1	7
306	3	589.2	1	7
306	3	777.59	1	7
306	3	657.77	1	7
306	3	656.17	1	7
306	3	625	1	7
306	3	756.92	1	7
306	3	776	1	7
306	3	721.88	1	7
306	3	516.5	1	7
306	3	697.71	1	7
306	3	577.27	1	7
306	3	717.41	1	7
306	3	794.96	1	7
306	3	651.43	1	7
306	3	660.48	1	7
306	3	665.19	1	7
306	3	621.03	1	7
306	3	663.89	1	7
306	3	648.13	1	7
306	3	550.55	1	7
306	3	723.15	1	7
306	3	501.87	1	7
306	3	868.27	1	7
306	3	631.79	1	7
306	3	558.38	1	7
306	3	574.72	1	7
306	3	497.06	1	7
306	3	651.34	1	7
306	3	646.66	1	7
306	3	581.33	1	7
306	3	582.97	1	7
306	3	529.71	1	7
306	3	491.03	1	7
306	3	483.96	1	7
306	3	599.58	1	7
306	3	560.28	1	7
306	3	555.29	1	7
306	3	1291	1	7
306	3	857.83	1	7
306	3	658.91	1	7
306	3	579.36	1	7
306	3	626.5	1	7
306	3	733.41	1	7
306	3	547.17	1	7
306	3	500.84	1	7
306	3	619.48	1	7
306	3	531.17	1	7
306	3	647.78	1	7
306	3	588.63	1	7
306	3	636.64	1	7
306	3	593.18	1	7
306	3	595.12	1	7
306	3	566.5	1	7
306	3	843.58	1	8
306	3	559.21	1	8
306	3	998.87	1	8
306	3	982.51	1	8
306	3	1040.9	1	8
306	3	1213.1	1	8
306	3	655.65	1	8
306	3	1052.1	1	8
306	3	633.24	1	8
306	3	529.8	1	8
306	3	603.48	1	8
306	3	738.02	1	8
306	3	532.7	1	8
306	3	998.8	1	8
306	3	775.35	1	8
306	3	715.77	1	8
306	3	691.29	1	8
306	3	701.29	1	8
306	3	818.74	1	8
306	3	671.77	1	8
306	3	631.81	1	8
306	3	631.79	1	8
306	3	933.32	1	8
306	3	705.95	1	8
306	3	731.1	1	8
306	3	609.45	1	8
306	3	824.64	1	8
306	3	641.11	1	8
306	3	559.92	1	8
306	3	969.07	1	8
306	3	1175.2	1	8
306	3	848.11	1	8
306	3	1103.4	1	8
306	3	458.67	1	8
306	3	717.96	1	8
306	3	795.61	1	8
306	3	931.98	1	8
306	3	621.26	1	8
306	3	710.55	1	8
306	3	772.67	1	8
306	3	1292.4	1	8
306	3	680.31	1	8
306	3	907.96	1	8
306	3	756.17	1	8
306	3	1605.3	1	8
306	3	625.47	1	8
306	3	1045.8	1	8
306	3	602.91	1	8
306	3	528.71	1	8
306	3	592.24	1	8
306	3	895.03	1	8
306	3	732.23	1	8
306	3	608.73	1	8
306	3	854.53	1	8
306	3	1435.1	1	8
306	3	1552.5	1	8
306	3	1121.5	1	8
306	3	796.71	1	8
306	3	1322.4	1	8
306	3	660.41	1	8
306	3	502.38	1	8
306	3	1394.4	1	8
306	3	1169	1	8
306	3	964.06	1	8
306	3	545.18	1	8
306	3	511.32	1	8
306	3	920.84	1	8
306	3	626.19	1	8
306	3	676.92	1	8
306	3	572.34	1	8
306	3	603.65	1	8
306	3	481.5	1	8
306	3	834.9	1	8
306	3	550.97	1	8
306	3	544.62	1	8
306	3	782.45	1	8
306	3	1018.7	1	8
306	3	633.81	1	8
306	3	1330.9	1	8
306	3	798.15	1	8
306	3	837.32	1	8
306	3	718.6	1	8
306	3	1726.2	1	8
306	3	535.02	1	8
306	3	772.87	1	8
306	3	976.62	1	8
306	3	686.28	1	8
306	3	704.91	1	8
306	3	1353.9	1	8
306	3	1423.9	1	8
306	3	1547.8	1	8
306	3	855.97	1	8
306	3	1089	1	8
306	3	1743.1	1	8
306	3	1248	1	8
306	3	705.74	1	8
306	3	634.75	1	8
306	3	600.49	1	8
306	3	780.63	1	8
306	3	1217.4	1	8
306	3	825.82	1	8
306	3	840.31	1	8
306	3	979.81	1	8
306	3	1292.2	1	8
306	3	655.67	1	8
306	3	697.3	1	8
306	3	671.46	1	8
306	3	787.59	1	8
306	3	637.62	1	8
306	3	822.38	1	8
306	3	568.17	1	8
306	3	1094.3	1	8
306	3	596.35	1	8
306	3	867.55	1	8
306	3	495.78	1	8
306	3	942.71	1	8
306	3	990.1	1	8
306	3	1973.2	1	8
306	3	771.45	1	8
306	3	539.16	1	8
306	3	706.72	1	8
306	3	551.4	1	8
306	3	665.64	1	8
306	3	523.6	1	8
306	3	831.05	1	8
306	3	794.9	1	8
306	3	629.95	1	8
306	3	899.25	1	8
306	3	985.94	1	8
306	3	1098.2	1	8
306	3	616.68	1	8
306	3	413.3	1	8
306	3	1092.4	1	8
306	3	513.48	1	8
306	3	653.61	1	8
306	3	630.48	1	8
306	3	1965.8	1	8
306	3	1030.2	1	8
306	3	504.35	1	8
306	3	938.96	1	8
306	3	597.47	1	8
306	3	763.88	1	8
306	3	563.28	1	8
306	3	715.74	1	8
306	3	942.6	1	8
306	3	484.98	1	8
306	3	618.89	1	8
306	3	614.35	1	8
306	3	880.57	1	8
306	3	1125.4	1	8
306	3	666.72	1	8
306	3	497.67	1	8
306	3	622.71	1	8
306	3	638.97	1	8
306	3	736.8	1	8
306	3	756.59	1	8
306	3	679.97	1	8
306	3	1505.8	1	8
306	3	1494.6	1	8
306	3	704.74	1	8
306	3	512.82	1	8
306	3	723.6	1	8
306	3	533.91	1	8
306	3	497.08	1	8
306	3	454.89	1	8
306	3	742.56	1	8
306	3	593.05	1	8
306	3	585.74	1	8
306	3	542.15	1	8
306	3	542.52	1	8
306	3	693.18	1	8
306	3	786.8	1	8
306	3	672.63	1	8
306	3	568.85	1	8
306	3	566.09	1	8
306	3	856.04	1	8
306	3	534	1	8
306	3	482.38	1	8
306	3	1150.6	1	8
306	3	822.7	1	8
306	3	680.32	1	8
306	3	579.47	1	8
306	3	564.47	1	8
306	3	458.16	1	8
306	3	818.23	1	8
306	3	875.2	1	8
306	3	628.57	1	8
306	3	608.66	1	8
306	3	657.42	1	8
306	3	684.41	1	8
306	3	1198.3	1	8
306	3	1316.4	1	8
306	3	663.25	1	8
306	3	560.87	1	8
306	3	463.5	1	8
306	3	469.35	1	8
306	3	688.76	1	8
306	3	538.63	1	8
306	3	658.42	1	8
306	3	463.68	1	8
306	3	515.52	1	8
306	3	706	1	8
306	3	681.65	1	8
306	3	804.76	1	8
306	3	716.59	1	8
306	3	576.09	1	8
306	3	1164.8	1	8
306	3	851.65	1	8
306	3	702.74	1	8
306	3	627.62	1	8
306	3	510.88	1	8
306	3	718.66	1	8
306	3	516.82	1	8
306	3	641.24	1	8
306	3	1112.4	1	8
306	3	805.24	1	8
306	3	509.49	1	8
306	3	664.87	1	8
306	3	579.22	1	8
306	3	515.85	1	8
306	3	686.15	1	8
306	3	1245.1	1	8
306	3	740.07	1	8
306	3	544.49	1	8
306	3	529.34	1	8
306	3	519.18	1	8
306	3	695.15	1	8
306	3	558.29	1	8
306	3	586.71	1	8
306	3	772.21	1	8
306	3	553.66	1	8
306	3	708.01	1	8
306	3	591.82	1	8
306	3	529.39	1	8
306	3	584.99	1	8
306	3	1284.7	1	8
306	3	694.38	1	8
306	3	518.5	1	8
306	3	581.54	1	8
306	3	654.88	1	8
306	3	548.25	1	8
306	3	538.25	1	8
306	3	1026.9	1	8
306	3	762.51	1	8
306	3	668.17	1	8
306	3	472.06	1	8
306	3	688.94	1	8
306	3	507.79	1	8
306	3	1618.8	1	8
306	3	710.38	1	8
306	3	507.56	1	8
306	3	593.68	1	8
306	3	650.7	1	8
306	3	520.03	1	8
306	3	613.83	1	8
306	3	664.27	1	8
306	3	560.82	1	8
306	3	752.66	1	8
306	3	601.22	1	8
306	3	545.25	1	8
306	3	740.46	1	8
306	3	548.76	1	8
306	3	550.35	1	8
306	3	625.22	1	8
306	3	571.61	1	8
306	3	770.92	1	8
306	3	433.68	1	8
306	3	604.44	1	8
306	3	704.23	1	8
306	3	539.84	1	8
306	3	528.66	1	8
306	3	750.43	1	8
306	3	767.75	1	8
306	3	801.9	1	8
306	3	611.92	1	8
306	3	928.04	1	8
306	3	657.32	1	8
306	3	499.05	1	8
306	3	543.17	1	8
306	3	629.52	1	8
306	3	521.9	1	8
306	3	581.86	1	8
306	3	679.9	1	8
306	3	421.52	1	8
306	3	953.94	1	8
306	3	703.34	1	8
306	3	593.65	1	8
306	3	530.43	1	8
306	3	453.84	1	8
306	3	552.52	1	8
306	3	698.06	1	8
306	3	484.68	1	8
306	3	734.16	1	8
306	3	739.19	1	8
306	3	512.44	1	8
306	3	422.82	1	8
306	3	707.48	1	8
306	3	463.76	1	8
306	3	789.56	1	8
306	3	543.36	1	8
306	3	572.17	1	8
306	3	482.16	1	8
306	3	519.55	1	8
306	3	560.2	1	8
306	3	673.02	1	8
306	3	761.76	1	8
306	3	803.77	1	8
306	3	834.69	1	8
306	3	632.47	1	8
306	3	518.49	1	8
306	3	602.74	1	8
306	3	353.31	1	8
306	3	517.43	1	8
306	3	599.51	1	8
306	3	476.38	1	8
306	3	564.33	1	8
306	3	444.86	1	8
306	3	505.9	1	8
306	3	471.12	1	8
306	3	480.92	1	8
306	3	611.46	1	8
306	3	425.58	1	8
306	3	433.73	1	8
306	3	542.03	1	8
306	3	515.65	1	8
306	3	1113	1	8
306	3	486.76	1	8
306	3	1001.4	1	8
306	3	577.79	1	8
306	3	641.22	1	8
306	3	644.89	1	8
306	3	493.44	1	8
306	3	542.8	1	8
306	3	612.03	1	8
306	3	597.31	1	8
306	3	538.31	1	8
306	3	520.93	1	8
306	3	479.47	1	8
306	3	589.04	1	8
306	3	554.1	1	8
306	3	1034.7	1	8
306	3	604.15	1	8
306	3	676.81	1	8
306	3	538.4	1	8
306	3	518.01	1	8
306	3	421.57	1	8
306	3	1122.2	1	8
306	3	440.68	1	8
306	3	524.07	1	8
306	3	469.61	1	8
306	3	589.21	1	9
306	3	644.71	1	9
306	3	896.44	1	9
306	3	610.41	1	9
306	3	630.37	1	9
306	3	638.4	1	9
306	3	597.42	1	9
306	3	634.23	1	9
306	3	875.54	1	9
306	3	728.89	1	9
306	3	733.21	1	9
306	3	548.17	1	9
306	3	810.97	1	9
306	3	650.46	1	9
306	3	613.15	1	9
306	3	708.87	1	9
306	3	739.4	1	9
306	3	663.69	1	9
306	3	566.44	1	9
306	3	583.02	1	9
306	3	704.79	1	9
306	3	658.68	1	9
306	3	568.5	1	9
306	3	452.81	1	9
306	3	711.14	1	9
306	3	696.63	1	9
306	3	582.67	1	9
306	3	645.14	1	9
306	3	563.47	1	9
306	3	921.18	1	9
306	3	1333.8	1	9
306	3	504.29	1	9
306	3	569.92	1	9
306	3	610.91	1	9
306	3	536.43	1	9
306	3	542.84	1	9
306	3	531.82	1	9
306	3	647.18	1	9
306	3	588.33	1	9
306	3	839.72	1	9
306	3	519.58	1	9
306	3	517.16	1	9
306	3	601.23	1	9
306	3	591.65	1	9
306	3	748.16	1	9
306	3	626.25	1	9
306	3	679.41	1	9
306	3	569.3	1	9
306	3	603.24	1	9
306	3	695.08	1	9
306	3	488.42	1	9
306	3	668.9	1	9
306	3	722.1	1	9
306	3	706.66	1	9
306	3	704.9	1	9
306	3	1568.5	1	9
306	3	1696.8	0	9
306	3	649.64	1	9
306	3	623.79	1	9
306	3	600.18	1	9
306	3	456.51	1	9
306	3	483.47	1	9
306	3	633.01	1	9
306	3	488.06	1	9
306	3	540.99	1	9
306	3	678.43	1	9
306	3	655.99	1	9
306	3	810.58	1	9
306	3	1470.5	1	9
306	3	585.22	1	9
306	3	676.26	1	9
306	3	1795.1	1	9
306	3	657.97	1	9
306	3	1007.7	1	9
306	3	927.77	1	9
306	3	853.36	1	9
306	3	528.14	1	9
306	3	757.63	1	9
306	3	779.08	1	9
306	3	542.79	1	9
306	3	661.99	1	9
306	3	614.58	1	9
306	3	523.03	1	9
306	3	1227	1	9
306	3	582.34	1	9
306	3	886.39	1	9
306	3	630.8	1	9
306	3	838.74	1	9
306	3	620.23	1	9
306	3	593.06	1	9
306	3	595.19	1	9
306	3	566.02	1	9
306	3	791.46	1	9
306	3	562.14	1	9
306	3	654.55	1	9
306	3	594.72	1	9
306	3	591.24	1	9
306	3	588.76	1	9
306	3	588.93	1	9
306	3	598.15	1	9
306	3	708.28	1	9
306	3	674.54	1	9
306	3	733.51	1	9
306	3	1039.4	1	9
306	3	1145.1	1	9
306	3	746.5	1	9
306	3	693.9	1	9
306	3	664.07	1	9
306	3	592.1	1	9
306	3	532.6	1	9
306	3	580.6	1	9
306	3	564.01	1	9
306	3	740.58	1	9
306	3	590.24	1	9
306	3	442.52	1	9
306	3	1454.5	1	9
306	3	800.73	1	9
306	3	730.18	1	9
306	3	1536	1	9
306	3	680.92	1	9
306	3	564.44	1	9
306	3	519.44	1	9
306	3	532.3	1	9
306	3	639.62	1	9
306	3	666.49	1	9
306	3	1421.6	1	9
306	3	578.78	1	9
306	3	859.35	1	9
306	3	610.2	1	9
306	3	660.36	1	9
306	3	604.21	1	9
306	3	495.5	1	9
306	3	689.86	1	9
306	3	580.78	1	9
306	3	732.61	1	9
306	3	526.25	1	9
306	3	581.07	1	9
306	3	455.93	1	9
306	3	753.03	1	9
306	3	564.13	1	9
306	3	430.04	1	9
306	3	478.19	1	9
306	3	629.3	1	9
306	3	467.1	1	9
306	3	773.32	1	9
306	3	577.33	1	9
306	3	1935.5	1	9
306	3	1230.9	1	9
306	3	696.64	1	9
306	3	731.41	1	9
306	3	531.04	1	9
306	3	559.26	1	9
306	3	598.41	1	9
306	3	672.81	1	9
306	3	533.32	1	9
306	3	578.56	1	9
306	3	593.53	1	9
306	3	531.63	1	9
306	3	634.61	1	9
306	3	604.57	1	9
306	3	569.81	1	9
306	3	460.34	1	9
306	3	553.28	1	9
306	3	466.67	1	9
306	3	446.95	1	9
306	3	464.16	1	9
306	3	628.8	1	9
306	3	624.77	1	9
306	3	546.15	1	9
306	3	595.28	1	9
306	3	678.94	1	9
306	3	500.76	1	9
306	3	584.77	1	9
306	3	473.53	1	9
306	3	512.42	1	9
306	3	691.48	1	9
306	3	493.37	1	9
306	3	567.72	1	9
306	3	693.82	1	9
306	3	611.7	1	9
306	3	604.76	1	9
306	3	497.59	1	9
306	3	565.9	1	9
306	3	664.78	1	9
306	3	503.83	1	9
306	3	491.28	1	9
306	3	495.77	1	9
306	3	537.66	1	9
306	3	589.57	1	9
306	3	671.1	1	9
306	3	560.15	1	9
306	3	418.99	1	9
306	3	780.12	1	9
306	3	443.28	1	9
306	3	680.23	1	9
306	3	557.56	1	9
306	3	490.65	1	9
306	3	672.45	1	9
306	3	641.23	1	9
306	3	635.39	1	9
306	3	526.04	1	9
306	3	553.44	1	9
306	3	571.53	1	9
306	3	560.83	1	9
306	3	594.63	1	9
306	3	625.64	1	9
306	3	764.91	1	9
306	3	542.66	1	9
306	3	547.39	1	9
306	3	470.41	1	9
306	3	561.29	1	9
306	3	544.16	1	9
306	3	1043.2	1	9
306	3	720.22	1	9
306	3	560.28	1	9
306	3	563.56	1	9
306	3	533.86	1	9
306	3	564.28	1	9
306	3	662.46	1	9
306	3	781.13	1	9
306	3	513.19	1	9
306	3	560.58	1	9
306	3	843.63	1	9
306	3	2836.3	1	9
306	3	1685.3	1	9
306	3	568.74	1	9
306	3	511.1	1	9
306	3	562.01	1	9
306	3	566.14	1	9
306	3	490.68	1	9
306	3	587.85	1	9
306	3	456.78	1	9
306	3	497.61	1	9
306	3	676.33	1	9
306	3	2529.3	1	9
306	3	861.56	1	9
306	3	723.97	1	9
306	3	814.06	1	9
306	3	566.56	1	9
306	3	529.46	1	9
306	3	623.69	1	9
306	3	457.15	1	9
306	3	560.26	1	9
306	3	513.22	1	9
306	3	813.13	1	9
306	3	545.7	1	9
306	3	670.59	1	9
306	3	555.44	1	9
306	3	592.1	1	9
306	3	1977.3	1	9
306	3	451.55	1	9
306	3	483.53	1	9
306	3	491.67	1	9
306	3	1253.9	1	9
306	3	578.64	1	9
306	3	579.83	1	9
306	3	535.22	1	9
306	3	481.59	1	9
306	3	453.84	1	9
306	3	481.07	1	9
306	3	553.95	1	9
306	3	366.89	1	9
306	3	549.07	1	9
306	3	488.49	1	9
306	3	527.31	1	9
306	3	445.08	1	9
306	3	587.8	1	9
306	3	483.71	1	9
306	3	568.34	1	9
306	3	517	1	9
306	3	716.25	1	9
306	3	513.05	1	9
306	3	570.43	1	9
306	3	479.95	1	9
306	3	518.29	1	9
306	3	575.75	1	9
306	3	522.34	1	9
306	3	537.04	1	9
306	3	512.96	1	9
306	3	396.61	1	9
306	3	593.94	1	9
306	3	459.27	1	9
306	3	598.29	1	9
306	3	463.24	1	9
306	3	498.08	1	9
306	3	499.78	1	9
306	3	500.1	1	9
306	3	722.01	1	9
306	3	808.78	1	9
306	3	620.32	1	9
306	3	412.71	1	9
306	3	442.07	1	9
306	3	464.57	1	9
306	3	459.68	1	9
306	3	947.32	1	9
306	3	490.39	1	9
306	3	538.64	1	9
306	3	597.85	1	9
306	3	669.04	1	9
306	3	445.97	1	9
306	3	413.86	1	9
306	3	487.26	1	9
306	3	787.11	1	9
306	3	480.2	1	9
306	3	525.99	1	9
306	3	558.02	1	9
306	3	412.97	1	9
306	3	451.47	1	9
306	3	536.03	1	9
306	3	474.68	1	9
306	3	610.79	1	9
306	3	625.37	1	9
306	3	399.39	1	9
306	3	425.51	1	9
306	3	393.42	1	9
306	3	701.64	1	9
306	3	474.05	1	9
306	3	449.75	1	9
306	3	405.18	1	9
306	3	483.65	1	9
306	3	448.56	1	9
306	3	435.29	1	9
306	3	518.37	1	9
306	3	465.68	1	9
306	3	487.99	1	9
306	3	472.98	1	9
306	3	501.16	1	9
306	3	554.23	1	9
306	3	523.77	1	9
306	3	461.04	1	9
306	3	408.86	1	9
306	3	449.75	1	9
306	3	611.32	1	9
306	3	1086.5	1	9
306	3	638.37	1	9
306	3	497.26	1	9
306	3	482.48	1	9
306	3	464.98	1	9
306	3	535.76	1	9
306	3	514.88	1	9
306	3	450.33	1	9
306	3	477.14	1	9
306	3	487.38	1	9
306	3	969.64	1	9
306	3	439.34	1	9
306	3	383.83	1	9
306	3	497.98	1	9
306	3	539.01	1	9
306	3	540.25	1	9
306	3	445.66	1	9
