9	3	682.9	1	1
9	3	583.02	1	1
9	3	599.45	1	1
9	3	774.26	1	1
9	3	1284.8	1	1
9	3	988.42	1	1
9	3	836.6	1	1
9	3	1065	1	1
9	3	740.68	1	1
9	3	673.87	1	1
9	3	609.12	1	1
9	3	741.43	1	1
9	3	959.22	1	1
9	3	1078.6	1	1
9	3	884.28	1	1
9	3	749.03	1	1
9	3	587.6	1	1
9	3	566.61	1	1
9	3	543.19	1	1
9	3	811.11	1	1
9	3	652.97	1	1
9	3	1094.9	1	1
9	3	782.37	1	1
9	3	727.86	1	1
9	3	643.4	1	1
9	3	544.37	1	1
9	3	786.83	1	1
9	3	648.58	1	1
9	3	655.65	1	1
9	3	650.7	1	1
9	3	878	1	1
9	3	514.11	1	1
9	3	811.53	1	1
9	3	523.9	1	1
9	3	756.83	1	1
9	3	820.43	1	1
9	3	1330.7	1	1
9	3	592.67	1	1
9	3	638.97	1	1
9	3	564.4	1	1
9	3	1062.4	1	1
9	3	566.71	1	1
9	3	1113.6	1	1
9	3	663.17	1	1
9	3	564.7	1	1
9	3	598.38	1	1
9	3	551.09	1	1
9	3	675.35	1	1
9	3	764.15	1	1
9	3	647.17	1	1
9	3	689.96	1	1
9	3	769.32	1	1
9	3	600.79	1	1
9	3	632.01	1	1
9	3	559.37	1	1
9	3	490.09	1	1
9	3	600.57	1	1
9	3	564.36	1	1
9	3	502.46	1	1
9	3	543.82	1	1
9	3	606.99	1	1
9	3	603.88	1	1
9	3	900.03	1	1
9	3	582.01	1	1
9	3	545.43	1	1
9	3	642.22	1	1
9	3	501.59	1	1
9	3	794.33	1	1
9	3	989.24	1	1
9	3	499.22	1	1
9	3	641.4	1	1
9	3	626.66	1	1
9	3	561.9	1	1
9	3	614.87	1	1
9	3	566.45	1	1
9	3	568.04	1	1
9	3	590.07	1	1
9	3	724.92	1	1
9	3	909.45	1	1
9	3	616.29	1	1
9	3	714.26	1	1
9	3	811.74	1	1
9	3	554.29	1	1
9	3	584.02	1	1
9	3	602.55	1	1
9	3	971.4	1	1
9	3	524.47	1	1
9	3	707.76	1	1
9	3	560.22	1	1
9	3	787.61	1	1
9	3	530.21	1	1
9	3	541.62	1	1
9	3	616.98	1	1
9	3	578.38	1	1
9	3	506.48	1	1
9	3	531.18	1	1
9	3	664.82	1	1
9	3	493.75	1	1
9	3	531.75	1	1
9	3	705.19	1	1
9	3	591.38	1	1
9	3	585.05	1	1
9	3	556.9	1	1
9	3	576.1	1	1
9	3	586.41	1	1
9	3	663.31	1	1
9	3	535.38	1	1
9	3	545.59	1	1
9	3	586.06	1	1
9	3	593.81	1	1
9	3	696.75	1	1
9	3	647.47	1	1
9	3	602.76	1	1
9	3	615.57	1	1
9	3	772.93	1	1
9	3	835.25	1	1
9	3	630.24	1	1
9	3	541.41	1	1
9	3	664.77	1	1
9	3	605.18	1	1
9	3	562.5	1	1
9	3	524.67	1	1
9	3	642.99	1	1
9	3	589.89	1	1
9	3	588.28	1	1
9	3	689.12	1	1
9	3	561.56	1	1
9	3	550.15	1	1
9	3	552.94	1	1
9	3	530.81	1	1
9	3	560.24	1	1
9	3	640.31	1	1
9	3	518.93	1	1
9	3	638.43	1	1
9	3	637.67	1	1
9	3	564.15	1	1
9	3	541.83	1	1
9	3	518.1	1	1
9	3	636.13	1	1
9	3	607.23	1	1
9	3	507.83	1	1
9	3	761.62	1	1
9	3	544.08	1	1
9	3	595.2	1	1
9	3	619.34	1	1
9	3	761.25	1	1
9	3	619.72	1	1
9	3	672.59	1	1
9	3	701.53	1	1
9	3	704.92	1	1
9	3	487.4	1	1
9	3	554.71	1	1
9	3	572.18	1	1
9	3	848.63	1	1
9	3	544.7	1	1
9	3	499.52	1	1
9	3	535.19	1	1
9	3	527.92	1	1
9	3	597.75	1	1
9	3	576.16	1	1
9	3	544.62	1	1
9	3	629.31	1	1
9	3	526.35	1	1
9	3	520.25	1	1
9	3	612.33	1	1
9	3	615.24	1	1
9	3	570.47	1	1
9	3	585.35	1	1
9	3	554.5	1	1
9	3	673.71	1	1
9	3	545.82	1	1
9	3	551.95	1	1
9	3	627.99	1	1
9	3	611.37	1	1
9	3	595.24	1	1
9	3	672.09	1	1
9	3	624.16	1	1
9	3	553.87	1	1
9	3	604.14	1	1
9	3	671.99	1	1
9	3	605.81	1	1
9	3	543.55	1	1
9	3	489.43	1	1
9	3	620.16	1	1
9	3	531.49	1	1
9	3	448.18	1	1
9	3	632.1	1	1
9	3	504.08	1	1
9	3	564.65	1	1
9	3	576.38	1	1
9	3	631.81	1	1
9	3	590.29	1	1
9	3	729.19	1	1
9	3	592.16	1	1
9	3	534.84	1	1
9	3	600.32	1	1
9	3	525.34	1	1
9	3	503.17	1	1
9	3	538.68	1	1
9	3	545.72	1	1
9	3	490.09	1	1
9	3	578.6	1	1
9	3	549.63	1	1
9	3	666.66	1	1
9	3	653.05	1	1
9	3	514.53	1	1
9	3	515.12	1	1
9	3	534.98	1	1
9	3	613.08	1	1
9	3	677.61	1	1
9	3	543.21	1	1
9	3	536.94	1	1
9	3	524.82	1	1
9	3	616.82	1	1
9	3	547.31	1	1
9	3	606.38	1	1
9	3	577.65	1	1
9	3	770.73	1	1
9	3	632.24	1	1
9	3	561.14	1	1
9	3	549.62	1	1
9	3	559.45	1	1
9	3	612.52	1	1
9	3	525.36	1	1
9	3	524.36	1	1
9	3	1009.8	1	1
9	3	617.23	1	1
9	3	611.45	1	1
9	3	658.78	1	1
9	3	616.51	1	1
9	3	599.38	1	1
9	3	568.66	1	1
9	3	573.85	1	1
9	3	508.19	1	1
9	3	711.71	1	1
9	3	524.79	1	1
9	3	567.84	1	1
9	3	539.85	1	1
9	3	545.96	1	1
9	3	740.29	1	1
9	3	582.23	1	1
9	3	575.32	1	1
9	3	571.66	1	1
9	3	522.26	1	1
9	3	637.73	1	1
9	3	537.95	1	1
9	3	551.08	1	1
9	3	577.79	1	1
9	3	591.08	1	1
9	3	623.88	1	1
9	3	521.86	1	1
9	3	535.05	1	1
9	3	663.16	1	1
9	3	687.79	1	1
9	3	614.5	1	1
9	3	548.25	1	1
9	3	628.22	1	1
9	3	682.84	1	1
9	3	607.74	1	1
9	3	663.49	1	1
9	3	613.44	1	1
9	3	528.83	1	1
9	3	759.61	1	1
9	3	592.66	1	1
9	3	713.17	1	1
9	3	670.16	1	1
9	3	595.9	1	1
9	3	618.16	1	1
9	3	671.99	1	1
9	3	655.64	1	1
9	3	606.37	1	1
9	3	650.9	1	1
9	3	690.55	1	1
9	3	610.15	1	1
9	3	600.13	1	1
9	3	686.49	1	1
9	3	841.56	1	1
9	3	1113.9	1	1
9	3	857.44	1	1
9	3	658.34	1	1
9	3	978.36	1	1
9	3	713.51	1	1
9	3	961.7	1	1
9	3	1290.7	1	1
9	3	683.47	1	1
9	3	1078.2	1	1
9	3	636.59	1	1
9	3	751.89	1	1
9	3	1081.4	1	1
9	3	846.75	1	1
9	3	1187.5	1	1
9	3	785.97	1	1
9	3	1130.1	1	1
9	3	1096.2	1	1
9	3	1082.6	1	1
9	3	711.3	1	1
9	3	731.66	1	1
9	3	960.78	1	1
9	3	1309.6	1	1
9	3	727.94	1	1
9	3	598.7	1	1
9	3	587.83	1	1
9	3	867.51	1	1
9	3	639.34	1	1
9	3	586.5	1	1
9	3	638.16	1	1
9	3	684.95	1	1
9	3	676.35	1	1
9	3	854.48	1	1
9	3	1168.5	1	1
9	3	884.07	1	1
9	3	803.13	1	1
9	3	862.46	1	1
9	3	1334.4	1	1
9	3	838.3	1	1
9	3	806.68	1	1
9	3	631.48	1	1
9	3	558.45	1	1
9	3	600.66	1	1
9	3	574.44	1	1
9	3	574.6	1	1
9	3	556.31	1	1
9	3	594.86	1	1
9	3	624.31	1	1
9	3	869.68	1	1
9	3	591.36	1	1
9	3	867.4	1	1
9	3	770.05	1	1
9	3	957.82	1	1
9	3	719.13	1	1
9	3	679.98	1	1
9	3	615.29	1	1
9	3	681.71	1	1
9	3	759.66	1	1
9	3	682.95	1	1
9	3	623.85	1	1
9	3	547.05	1	1
9	3	537.12	1	1
9	3	1165.2	1	1
9	3	599.85	1	1
9	3	683.85	1	1
9	3	706.2	1	1
9	3	559.95	1	1
9	3	1098.3	1	1
9	3	640.74	1	1
9	3	1335.2	1	1
9	3	607.58	1	1
9	3	624.14	1	1
9	3	935.12	1	1
9	3	609.2	1	1
9	3	1081.9	1	2
9	3	708.3	1	2
9	3	746.73	1	2
9	3	801.04	1	2
9	3	658.82	1	2
9	3	597.28	1	2
9	3	557.96	1	2
9	3	1445.8	1	2
9	3	625.68	1	2
9	3	816.48	1	2
9	3	832.53	1	2
9	3	709.08	1	2
9	3	1351.7	1	2
9	3	649.88	1	2
9	3	678.78	1	2
9	3	858.01	1	2
9	3	796.5	1	2
9	3	575.35	1	2
9	3	569.64	1	2
9	3	1120	1	2
9	3	581.99	1	2
9	3	1383.1	1	2
9	3	934.51	1	2
9	3	566.24	1	2
9	3	935.33	1	2
9	3	1277.5	1	2
9	3	1630.5	1	2
9	3	740.98	1	2
9	3	595.15	1	2
9	3	785.7	1	2
9	3	726.75	1	2
9	3	720.64	1	2
9	3	627.55	1	2
9	3	617.77	1	2
9	3	572.81	1	2
9	3	633.81	1	2
9	3	813.57	1	2
9	3	638.07	1	2
9	3	1156.4	1	2
9	3	766.88	1	2
9	3	710.83	1	2
9	3	750.84	1	2
9	3	776.86	1	2
9	3	645.27	1	2
9	3	1642	1	2
9	3	885.24	1	2
9	3	582.53	1	2
9	3	577.01	1	2
9	3	1440.6	1	2
9	3	957.32	1	2
9	3	1519.4	0	2
9	3	836.71	1	2
9	3	889.89	1	2
9	3	781.84	1	2
9	3	771	1	2
9	3	642.7	1	2
9	3	650.48	1	2
9	3	1504.2	1	2
9	3	1038.3	1	2
9	3	565.02	1	2
9	3	622.03	1	2
9	3	696.65	1	2
9	3	615.12	1	2
9	3	1302.9	1	2
9	3	761.29	1	2
9	3	1175.8	1	2
9	3	659.44	1	2
9	3	900.36	1	2
9	3	737.27	1	2
9	3	639.12	1	2
9	3	668.53	1	2
9	3	1217.4	1	2
9	3	1025.4	0	2
9	3	546.69	1	2
9	3	674.88	1	2
9	3	509.18	1	2
9	3	947.92	1	2
9	3	805.95	1	2
9	3	614.3	1	2
9	3	1036.8	1	2
9	3	1305.5	1	2
9	3	586.18	1	2
9	3	811.25	1	2
9	3	597.5	1	2
9	3	609.19	1	2
9	3	681.45	1	2
9	3	531.34	1	2
9	3	983.4	1	2
9	3	1866.7	1	2
9	3	1090.5	1	2
9	3	577.11	1	2
9	3	763.21	1	2
9	3	604.08	1	2
9	3	579.49	1	2
9	3	695.3	1	2
9	3	728.91	1	2
9	3	974.25	1	2
9	3	808.66	0	2
9	3	1211.1	1	2
9	3	732.8	1	2
9	3	1094.4	1	2
9	3	667.81	1	2
9	3	588.88	1	2
9	3	1563.2	1	2
9	3	597.22	1	2
9	3	688.96	1	2
9	3	807.83	1	2
9	3	965.22	1	2
9	3	692.44	1	2
9	3	623.37	1	2
9	3	1130.3	1	2
9	3	941.54	1	2
9	3	796.97	1	2
9	3	601.24	1	2
9	3	914.07	1	2
9	3	799.97	1	2
9	3	608.17	1	2
9	3	580.68	1	2
9	3	655.68	1	2
9	3	743.15	1	2
9	3	814.85	1	2
9	3	609.63	1	2
9	3	770.15	1	2
9	3	876.77	1	2
9	3	951.1	1	2
9	3	926.16	1	2
9	3	974.12	1	2
9	3	616.49	1	2
9	3	845.17	0	2
9	3	1066	1	2
9	3	849.44	1	2
9	3	590.09	1	2
9	3	891.21	1	2
9	3	623.85	1	2
9	3	646.49	1	2
9	3	600.7	1	2
9	3	1416.9	1	2
9	3	1113.7	1	2
9	3	691.53	1	2
9	3	576.67	1	2
9	3	515.24	1	2
9	3	669.18	1	2
9	3	1065.8	1	2
9	3	626.35	1	2
9	3	956.8	1	2
9	3	1248.2	1	2
9	3	750.48	1	2
9	3	1170.5	1	2
9	3	930.6	1	2
9	3	1061.6	1	2
9	3	1072.8	1	2
9	3	793.07	1	2
9	3	624.48	1	2
9	3	513.33	1	2
9	3	638.37	1	2
9	3	677.82	1	2
9	3	751.51	1	2
9	3	797.15	1	2
9	3	644.79	1	2
9	3	636.4	1	2
9	3	585.78	1	2
9	3	891.86	1	2
9	3	741.86	1	2
9	3	551.49	1	2
9	3	668.44	1	2
9	3	554.77	1	2
9	3	661.95	1	2
9	3	895.53	1	2
9	3	705.79	1	2
9	3	874.24	1	2
9	3	591.91	1	2
9	3	632.38	1	2
9	3	686.08	1	2
9	3	835.65	1	2
9	3	685	1	2
9	3	835.77	1	2
9	3	549.91	1	2
9	3	839.87	1	2
9	3	683.78	1	2
9	3	754.76	1	2
9	3	829.35	1	2
9	3	488.09	1	2
9	3	1073	1	2
9	3	663.17	1	2
9	3	536.22	1	2
9	3	566.99	1	2
9	3	784.69	1	2
9	3	633.29	1	2
9	3	658.77	1	2
9	3	1027.5	1	2
9	3	575.83	1	2
9	3	794.08	1	2
9	3	1083.7	1	2
9	3	689.29	1	2
9	3	669.92	1	2
9	3	625.61	1	2
9	3	934.83	1	2
9	3	911.6	1	2
9	3	684.44	1	2
9	3	523.44	1	2
9	3	852.65	1	2
9	3	667.94	1	2
9	3	800.2	1	2
9	3	560.18	1	2
9	3	592.39	1	2
9	3	575	1	2
9	3	1005.7	1	2
9	3	549.96	1	2
9	3	643.04	1	2
9	3	1225.3	1	2
9	3	859.96	1	2
9	3	558.57	1	2
9	3	605.44	1	2
9	3	601.68	1	2
9	3	1108.9	1	2
9	3	1179.1	1	2
9	3	615.83	1	2
9	3	838.37	1	2
9	3	636.01	1	2
9	3	568.36	1	2
9	3	957.07	1	2
9	3	769.19	1	2
9	3	639.03	1	2
9	3	552.38	1	2
9	3	650.28	1	2
9	3	608.58	1	2
9	3	471.81	1	2
9	3	813.88	1	2
9	3	849.42	1	2
9	3	978.43	1	2
9	3	766.15	1	2
9	3	791.81	0	2
9	3	635.09	1	2
9	3	739.92	1	2
9	3	647.26	1	2
9	3	773.5	1	2
9	3	1053.1	1	2
9	3	864.28	1	2
9	3	762.49	1	2
9	3	701.95	1	2
9	3	677.02	1	2
9	3	539.6	1	2
9	3	1108.8	1	2
9	3	563.61	1	2
9	3	1185.7	1	2
9	3	1036.1	1	2
9	3	674.94	1	2
9	3	667.67	1	2
9	3	1710.4	1	2
9	3	722.96	1	2
9	3	684.99	1	2
9	3	776.36	1	2
9	3	569.91	1	2
9	3	632.5	1	2
9	3	653.95	1	2
9	3	803.97	1	2
9	3	783.65	1	2
9	3	762.81	1	2
9	3	1051.1	1	2
9	3	1034.5	1	2
9	3	695.27	1	2
9	3	814.68	1	2
9	3	608.93	1	2
9	3	1040	1	2
9	3	679.4	1	2
9	3	718.07	1	2
9	3	580.27	1	2
9	3	796.74	1	2
9	3	1444.6	1	2
9	3	850.35	1	2
9	3	701.8	1	2
9	3	1083	1	2
9	3	912.84	1	2
9	3	610.23	1	2
9	3	729.48	1	2
9	3	969.89	1	2
9	3	965.37	1	2
9	3	826.78	1	2
9	3	881.32	1	2
9	3	668.3	1	2
9	3	1302.6	1	2
9	3	1200.6	1	2
9	3	792.96	1	2
9	3	932.83	1	2
9	3	1114	1	2
9	3	742.16	1	2
9	3	862.28	1	2
9	3	1083.9	1	2
9	3	1580.1	1	2
9	3	889.42	1	2
9	3	820.74	1	2
9	3	917.13	1	2
9	3	1075.6	1	2
9	3	748.39	1	2
9	3	1115.5	1	2
9	3	991.76	1	2
9	3	1082.8	1	2
9	3	1590.5	1	2
9	3	1060.6	1	2
9	3	802.19	1	2
9	3	789.66	0	2
9	3	670.4	1	2
9	3	854.16	1	2
9	3	1290.1	1	2
9	3	673.32	1	2
9	3	1023.4	1	2
9	3	1289.9	1	2
9	3	638.73	1	2
9	3	743.9	1	2
9	3	1087.7	1	2
9	3	1012.3	1	2
9	3	1011.7	1	2
9	3	779.98	1	2
9	3	935.4	1	2
9	3	721.58	1	2
9	3	946.7	1	2
9	3	733.65	1	2
9	3	1086.1	1	2
9	3	710.74	1	2
9	3	591.59	1	2
9	3	870.66	1	2
9	3	828.97	1	2
9	3	988.79	1	2
9	3	793.67	1	2
9	3	652.14	1	2
9	3	957.74	1	2
9	3	616.43	1	2
9	3	691.55	1	2
9	3	636.27	1	2
9	3	862.86	1	2
9	3	1237.7	1	2
9	3	728.93	1	2
9	3	1013.8	1	2
9	3	1011.3	1	2
9	3	659.25	1	2
9	3	709.82	1	2
9	3	1016.7	1	2
9	3	857.58	1	2
9	3	1063.2	1	2
9	3	750.26	1	2
9	3	785.18	1	2
9	3	1055.6	1	2
9	3	914.63	1	2
9	3	675.24	1	2
9	3	999.64	1	2
9	3	781.43	1	2
9	3	902.2	1	2
9	3	808.68	1	2
9	3	597.37	1	2
9	3	528.65	1	2
9	3	731.21	1	3
9	3	1367.9	1	3
9	3	650.27	1	3
9	3	645.16	1	3
9	3	548.4	1	3
9	3	682.29	1	3
9	3	1136.7	0	3
9	3	714.47	1	3
9	3	778.28	1	3
9	3	924.3	1	3
9	3	867.45	1	3
9	3	1062.9	0	3
9	3	717.19	1	3
9	3	1147.8	1	3
9	3	589.51	1	3
9	3	1020.2	1	3
9	3	663.89	1	3
9	3	1811.9	0	3
9	3	598.82	1	3
9	3	993.14	0	3
9	3	1084.9	0	3
9	3	1199.9	1	3
9	3	743.5	1	3
9	3	553.09	1	3
9	3	1596.1	1	3
9	3	701.4	1	3
9	3	1297.4	1	3
9	3	865.69	1	3
9	3	586.32	1	3
9	3	853.4	1	3
9	3	730.2	1	3
9	3	614.4	1	3
9	3	688.85	1	3
9	3	608.92	1	3
9	3	653.04	1	3
9	3	1285.4	0	3
9	3	945.47	1	3
9	3	697.43	1	3
9	3	789.61	1	3
9	3	661.91	1	3
9	3	615.18	1	3
9	3	1455.4	1	3
9	3	727.06	1	3
9	3	956.53	1	3
9	3	1238.3	1	3
9	3	1051.2	1	3
9	3	651.25	1	3
9	3	567.83	1	3
9	3	480.17	1	3
9	3	1424.5	1	3
9	3	803.17	1	3
9	3	806.13	0	3
9	3	692.41	1	3
9	3	581.41	1	3
9	3	555.54	1	3
9	3	793.36	1	3
9	3	500.04	1	3
9	3	581.34	1	3
9	3	774.14	1	3
9	3	1125.2	1	3
9	3	610	1	3
9	3	680.12	1	3
9	3	541.64	1	3
9	3	1246.4	1	3
9	3	720.01	1	3
9	3	531.43	1	3
9	3	632.08	1	3
9	3	614.35	1	3
9	3	983.16	1	3
9	3	625.09	1	3
9	3	1216.5	1	3
9	3	615.95	1	3
9	3	701.7	1	3
9	3	593.3	1	3
9	3	603.31	1	3
9	3	1150.1	1	3
9	3	690.82	1	3
9	3	764.15	1	3
9	3	866.63	1	3
9	3	657.38	1	3
9	3	744.21	1	3
9	3	603.97	1	3
9	3	629.8	1	3
9	3	576.14	1	3
9	3	577.75	1	3
9	3	492.12	1	3
9	3	535.27	1	3
9	3	501.95	1	3
9	3	600.68	1	3
9	3	791.14	1	3
9	3	969.98	1	3
9	3	656.86	1	3
9	3	627.07	1	3
9	3	849.94	1	3
9	3	585.17	1	3
9	3	760.1	1	3
9	3	688.11	1	3
9	3	601.23	1	3
9	3	543.98	1	3
9	3	656.25	1	3
9	3	538.8	1	3
9	3	579.88	1	3
9	3	741.64	1	3
9	3	581.15	1	3
9	3	926.31	0	3
9	3	817.36	1	3
9	3	511.12	1	3
9	3	539.61	1	3
9	3	717.99	1	3
9	3	600.64	1	3
9	3	591.85	1	3
9	3	628.18	1	3
9	3	713.79	1	3
9	3	742.05	1	3
9	3	724.51	1	3
9	3	712.62	1	3
9	3	825.54	1	3
9	3	651.88	1	3
9	3	833.26	1	3
9	3	645.97	1	3
9	3	598.89	1	3
9	3	620.22	1	3
9	3	901.7	1	3
9	3	639.64	1	3
9	3	678.15	1	3
9	3	1196.1	1	3
9	3	747.09	1	3
9	3	564.83	1	3
9	3	555.54	1	3
9	3	572.51	1	3
9	3	610.67	1	3
9	3	605.2	1	3
9	3	617.23	1	3
9	3	663.13	1	3
9	3	521.71	1	3
9	3	522.29	1	3
9	3	666.46	1	3
9	3	671.81	1	3
9	3	602.73	1	3
9	3	605.85	1	3
9	3	826.47	1	3
9	3	629.92	1	3
9	3	611.93	1	3
9	3	1247.9	1	3
9	3	647.64	1	3
9	3	714.68	1	3
9	3	663.66	1	3
9	3	525.75	1	3
9	3	777.59	1	3
9	3	694.26	1	3
9	3	509.37	1	3
9	3	600.61	1	3
9	3	709.88	1	3
9	3	604.49	1	3
9	3	687.69	1	3
9	3	509.49	1	3
9	3	494.9	1	3
9	3	523.95	1	3
9	3	508.71	1	3
9	3	568.17	1	3
9	3	516.8	1	3
9	3	505.96	1	3
9	3	549.14	1	3
9	3	644	1	3
9	3	655.25	1	3
9	3	537.06	1	3
9	3	572.81	1	3
9	3	687.35	1	3
9	3	634.71	1	3
9	3	555.85	1	3
9	3	570.38	1	3
9	3	547.72	1	3
9	3	577.12	1	3
9	3	538.17	1	3
9	3	591.18	1	3
9	3	631.75	1	3
9	3	554.36	1	3
9	3	570.16	1	3
9	3	550.08	1	3
9	3	557.23	1	3
9	3	662.87	1	3
9	3	513.6	1	3
9	3	682.6	1	3
9	3	675.67	1	3
9	3	514.11	1	3
9	3	488.33	1	3
9	3	601.96	1	3
9	3	653.18	1	3
9	3	510.7	1	3
9	3	729.19	1	3
9	3	616.41	1	3
9	3	579.39	1	3
9	3	546.85	1	3
9	3	643.88	1	3
9	3	542.17	1	3
9	3	571.49	1	3
9	3	563.77	1	3
9	3	558.73	1	3
9	3	522.17	1	3
9	3	656.84	1	3
9	3	507.73	1	3
9	3	558.65	1	3
9	3	577.36	1	3
9	3	556.01	1	3
9	3	609.97	1	3
9	3	530.19	1	3
9	3	569.31	1	3
9	3	552.43	1	3
9	3	585.33	1	3
9	3	663.31	1	3
9	3	605.87	1	3
9	3	1207.9	1	3
9	3	516.28	1	3
9	3	723.95	1	3
9	3	581.73	1	3
9	3	1040.7	1	3
9	3	1064.2	1	3
9	3	557.62	1	3
9	3	718.03	1	3
9	3	605.85	1	3
9	3	791.12	1	3
9	3	715.52	1	3
9	3	499.73	1	3
9	3	562.62	1	3
9	3	733.35	1	3
9	3	640.88	1	3
9	3	626.12	1	3
9	3	626.22	1	3
9	3	550.19	1	3
9	3	720.73	1	3
9	3	664.94	1	3
9	3	454.1	1	3
9	3	667.79	1	3
9	3	642.88	1	3
9	3	577.47	1	3
9	3	584.29	1	3
9	3	1276.2	1	3
9	3	769.26	1	3
9	3	553.85	1	3
9	3	665.38	1	3
9	3	627.3	1	3
9	3	871.01	1	3
9	3	508.48	1	3
9	3	703.94	1	3
9	3	629.65	1	3
9	3	744.83	1	3
9	3	568	1	3
9	3	520.09	1	3
9	3	617.82	1	3
9	3	590.81	1	3
9	3	595.13	1	3
9	3	618.31	1	3
9	3	586.41	1	3
9	3	739.89	1	3
9	3	728.29	1	3
9	3	1177.5	1	3
9	3	649.65	1	3
9	3	629.57	1	3
9	3	632.83	1	3
9	3	658.61	1	3
9	3	540.86	1	3
9	3	563.59	1	3
9	3	572.19	1	3
9	3	921.85	1	3
9	3	1006.4	1	3
9	3	531.6	1	3
9	3	569.47	1	3
9	3	605.65	1	3
9	3	1089.9	1	3
9	3	602.05	1	3
9	3	619.21	1	3
9	3	598.65	1	3
9	3	694.05	1	3
9	3	589.15	1	3
9	3	801.91	1	3
9	3	574.34	1	3
9	3	1027.4	1	3
9	3	856.49	1	3
9	3	575.18	1	3
9	3	619.7	1	3
9	3	765.51	1	3
9	3	660.82	1	3
9	3	756.2	1	3
9	3	764.77	1	3
9	3	878.47	1	3
9	3	690.82	1	3
9	3	1172.8	1	3
9	3	885.98	1	3
9	3	708.87	1	3
9	3	1040.2	1	3
9	3	771.52	1	3
9	3	838.25	1	3
9	3	874.74	1	3
9	3	861.69	1	3
9	3	591.46	1	3
9	3	1297.1	1	3
9	3	830.58	1	3
9	3	1018.7	1	3
9	3	715.82	1	3
9	3	701.93	1	3
9	3	600.22	1	3
9	3	490.82	1	3
9	3	722.13	1	3
9	3	889.63	1	3
9	3	1230.2	1	3
9	3	679.77	1	3
9	3	671.13	1	3
9	3	889.34	1	3
9	3	636.87	1	3
9	3	1043.7	1	3
9	3	690.92	1	3
9	3	1578.7	1	3
9	3	615.55	1	3
9	3	649.28	1	3
9	3	743.58	1	3
9	3	740.33	1	3
9	3	589.95	1	3
9	3	1057.6	1	3
9	3	551.95	1	3
9	3	575.58	1	3
9	3	746.7	1	3
9	3	644.75	1	3
9	3	583.95	1	3
9	3	767.03	1	3
9	3	793.5	1	3
9	3	755.56	1	3
9	3	1064.8	1	3
9	3	695.76	1	3
9	3	576.01	1	3
9	3	583.84	1	3
9	3	692.85	1	3
9	3	543.54	1	3
9	3	691.32	1	3
9	3	608.69	1	3
9	3	621.53	1	3
9	3	628.88	1	3
9	3	700.77	1	3
9	3	619.66	1	3
9	3	644.03	1	3
9	3	680.11	1	3
9	3	944.3	1	3
9	3	709.11	1	3
9	3	543.64	1	3
9	3	964.18	1	3
9	3	693.19	1	3
9	3	885.63	0	3
9	3	807.14	1	3
9	3	740.42	1	3
9	3	520.3	1	3
9	3	781.56	1	3
9	3	926.24	0	4
9	3	662.09	0	4
9	3	803.39	0	4
9	3	659.98	0	4
9	3	685.22	0	4
9	3	1397.2	1	4
9	3	887.98	1	4
9	3	1278.5	1	4
9	3	829.14	0	4
9	3	948.72	1	4
9	3	619.59	1	4
9	3	856.26	0	4
9	3	526.87	1	4
9	3	1071.3	1	4
9	3	855.47	1	4
9	3	1439.5	0	4
9	3	1206.2	0	4
9	3	1321.9	1	4
9	3	1615.5	1	4
9	3	760.91	1	4
9	3	565.69	1	4
9	3	739.24	1	4
9	3	1190.9	0	4
9	3	1945	0	4
9	3	591.86	1	4
9	3	1252.3	0	4
9	3	1300.6	1	4
9	3	1123	1	4
9	3	885.51	0	4
9	3	1734.7	0	4
9	3	1625.3	1	4
9	3	713.94	0	4
9	3	829.58	0	4
9	3	1102.3	0	4
9	3	579.63	1	4
9	3	1031.8	0	4
9	3	1299.1	1	4
9	3	934.34	1	4
9	3	711.18	1	4
9	3	861.96	1	4
9	3	1380.8	1	4
9	3	882.65	1	4
9	3	548.83	0	4
9	3	1084.8	1	4
9	3	1391.4	1	4
9	3	1467.8	0	4
9	3	1946.7	0	4
9	3	1605.5	1	4
9	3	740.65	1	4
9	3	1140.8	0	4
9	3	1085.6	0	4
9	3	846.3	1	4
9	3	1656.6	0	4
9	3	1030.9	1	4
9	3	816.56	1	4
9	3	871.29	0	4
9	3	552.21	1	4
9	3	897.5	1	4
9	3	1186.9	1	4
9	3	1414.6	0	4
9	3	699.37	1	4
9	3	1093	1	4
9	3	1214.7	1	4
9	3	593.32	1	4
9	3	593.16	0	4
9	3	807.49	0	4
9	3	1042.5	1	4
9	3	807.91	0	4
9	3	1164	1	4
9	3	1127.9	1	4
9	3	603.45	1	4
9	3	585.85	1	4
9	3	1009	0	4
9	3	775.36	0	4
9	3	883.34	1	4
9	3	570.11	1	4
9	3	1240.6	1	4
9	3	1777.7	1	4
9	3	1383.9	1	4
9	3	865.13	1	4
9	3	737.88	1	4
9	3	949.04	1	4
9	3	758.84	1	4
9	3	606.66	1	4
9	3	831.61	0	4
9	3	890.29	0	4
9	3	885.12	1	4
9	3	680.49	1	4
9	3	966.06	1	4
9	3	665.67	1	4
9	3	924.72	1	4
9	3	1060.6	1	4
9	3	562.54	1	4
9	3	768.01	1	4
9	3	953.3	1	4
9	3	649.21	1	4
9	3	894.34	1	4
9	3	1888	1	4
9	3	676.48	1	4
9	3	1054.7	1	4
9	3	863.29	1	4
9	3	706.74	1	4
9	3	1069.7	1	4
9	3	1050.8	1	4
9	3	1117.5	1	4
9	3	880.47	1	4
9	3	1055.7	1	4
9	3	671.19	1	4
9	3	1183.2	1	4
9	3	1083.3	1	4
9	3	940.79	1	4
9	3	594.61	1	4
9	3	833.73	1	4
9	3	1487	1	4
9	3	1002.7	1	4
9	3	1660.7	1	4
9	3	760.41	1	4
9	3	598.33	1	4
9	3	1552.1	1	4
9	3	891.25	1	4
9	3	762.77	1	4
9	3	822.12	1	4
9	3	946.38	1	4
9	3	920.15	1	4
9	3	981	1	4
9	3	1860.9	1	4
9	3	672.58	1	4
9	3	773.98	1	4
9	3	806.8	1	4
9	3	954.38	1	4
9	3	834.67	1	4
9	3	706.84	1	4
9	3	1105.5	1	4
9	3	515.32	1	4
9	3	819.72	1	4
9	3	742.2	1	4
9	3	1002.6	1	4
9	3	618.95	1	4
9	3	657.07	1	4
9	3	718.01	1	4
9	3	898.11	1	4
9	3	872.38	1	4
9	3	651.9	1	4
9	3	900.48	1	4
9	3	759.4	1	4
9	3	939.55	1	4
9	3	947.73	1	4
9	3	1448.2	1	4
9	3	915.51	1	4
9	3	631.37	1	4
9	3	671.98	1	4
9	3	912.58	1	4
9	3	640.93	1	4
9	3	685.96	1	4
9	3	1082.8	1	4
9	3	534.16	1	4
9	3	772.28	1	4
9	3	970.23	1	4
9	3	975.62	1	4
9	3	849.54	1	4
9	3	568.6	1	4
9	3	718.75	1	4
9	3	900.66	1	4
9	3	1060.3	1	4
9	3	608.69	1	4
9	3	787.61	1	4
9	3	512.08	1	4
9	3	591.57	1	4
9	3	779.92	1	4
9	3	807.38	1	4
9	3	698.85	1	4
9	3	582.1	1	4
9	3	708.85	1	4
9	3	736.14	1	4
9	3	653.55	1	4
9	3	694.56	1	4
9	3	564.02	1	4
9	3	622.66	1	4
9	3	680.71	1	4
9	3	754.9	1	4
9	3	564.14	1	4
9	3	893.78	1	4
9	3	496.17	1	4
9	3	466.41	1	4
9	3	533.54	1	4
9	3	800.09	1	4
9	3	688.27	1	4
9	3	665.22	1	4
9	3	836.34	1	4
9	3	674.67	1	4
9	3	1018.2	1	4
9	3	647.91	1	4
9	3	851.82	1	4
9	3	774.25	1	4
9	3	802.09	1	4
9	3	1168.8	1	4
9	3	561.05	1	4
9	3	1147.9	1	4
9	3	536.87	1	4
9	3	613.73	1	4
9	3	551.21	1	4
9	3	729.65	1	4
9	3	578.18	1	4
9	3	896.15	1	4
9	3	596.66	1	4
9	3	660.98	1	4
9	3	751.36	1	4
9	3	669.09	1	4
9	3	690.06	1	4
9	3	727.56	1	4
9	3	519.38	1	4
9	3	566.73	1	4
9	3	605.87	1	4
9	3	726.5	1	4
9	3	749.46	1	4
9	3	1075	1	4
9	3	611.14	1	4
9	3	853.73	1	4
9	3	1202.8	1	4
9	3	630.22	1	4
9	3	718.59	1	4
9	3	687.75	1	4
9	3	836.35	1	4
9	3	504.88	1	4
9	3	914.12	1	4
9	3	686.64	1	4
9	3	634.62	1	4
9	3	1377.8	1	4
9	3	752.65	1	4
9	3	605.5	0	4
9	3	880.17	1	4
9	3	874	1	4
9	3	855.86	1	4
9	3	1083.3	1	4
9	3	900.18	1	4
9	3	730.04	1	4
9	3	894.59	1	4
9	3	1871.2	1	4
9	3	838.41	1	4
9	3	526.18	1	4
9	3	974.13	1	4
9	3	723.75	1	4
9	3	731.31	1	4
9	3	1420.3	1	4
9	3	683.43	1	4
9	3	970.23	1	4
9	3	1148.2	1	4
9	3	1269.1	1	4
9	3	560.43	1	4
9	3	774.16	1	4
9	3	928.37	1	4
9	3	817.56	1	4
9	3	1012.2	1	4
9	3	741.1	1	4
9	3	699.05	1	4
9	3	1140.2	1	4
9	3	737.5	1	4
9	3	722.89	1	4
9	3	688.39	1	4
9	3	771.64	1	4
9	3	672.23	1	4
9	3	739.8	1	4
9	3	812.54	1	4
9	3	625.63	1	4
9	3	1066.3	1	4
9	3	786.55	1	4
9	3	611.35	1	4
9	3	756.73	1	4
9	3	1343.4	1	4
9	3	1186.8	1	4
9	3	767.5	1	4
9	3	706.8	1	4
9	3	1040.9	1	4
9	3	810.49	1	4
9	3	952.19	1	4
9	3	984.45	1	4
9	3	969.76	1	4
9	3	826.15	1	4
9	3	804.89	1	4
9	3	1033.1	1	4
9	3	1891.6	1	4
9	3	1149.6	1	4
9	3	1465	1	4
9	3	815.65	1	4
9	3	812.7	1	4
9	3	1034.5	1	4
9	3	1401.2	1	4
9	3	1069.8	1	4
9	3	1084.8	1	4
9	3	854.73	1	4
9	3	1171.7	1	4
9	3	687.4	1	4
9	3	965.55	1	4
9	3	798.25	1	4
9	3	793.35	1	4
9	3	1492.2	1	4
9	3	757.15	1	4
9	3	984.21	1	4
9	3	602.73	1	4
9	3	653.94	1	4
9	3	919.13	1	4
9	3	1127.9	1	4
9	3	949.73	1	4
9	3	864.85	1	4
9	3	829.44	1	4
9	3	929.27	1	4
9	3	882.2	1	4
9	3	1160.4	1	4
9	3	1108.8	1	4
9	3	1142.4	1	4
9	3	870.19	1	4
9	3	879.6	1	4
9	3	734.79	1	4
9	3	822.83	1	4
9	3	1345	1	4
9	3	698.66	1	4
9	3	833.09	1	4
9	3	687.73	1	4
9	3	1154.2	1	4
9	3	1408.6	1	4
9	3	794.11	1	4
9	3	963.19	1	4
9	3	660.81	1	4
9	3	734.62	1	4
9	3	1056.6	1	4
9	3	951.76	1	4
9	3	929.84	1	4
9	3	1221.4	1	4
9	3	987.77	1	4
9	3	742.27	1	4
9	3	1557.4	1	4
9	3	1175.4	1	4
9	3	631.11	1	4
9	3	549.16	1	4
9	3	629.48	1	4
9	3	716.52	1	4
9	3	998.98	1	4
9	3	709.8	1	4
9	3	1157.5	1	4
9	3	804.41	1	4
9	3	1049	1	4
9	3	834.7	1	4
9	3	785.17	1	4
9	3	695.25	1	4
9	3	674.23	1	4
9	3	1051	1	4
9	3	588.88	1	4
9	3	724.87	1	4
9	3	1088.8	1	4
9	3	755.02	0	5
9	3	963.04	0	5
9	3	1209	1	5
9	3	844.45	0	5
9	3	681.79	0	5
9	3	1113.6	1	5
9	3	927.02	1	5
9	3	1240	1	5
9	3	1386.4	0	5
9	3	520.09	1	5
9	3	806.31	1	5
9	3	651.61	1	5
9	3	548.25	0	5
9	3	854.72	0	5
9	3	1443.6	1	5
9	3	1133.5	0	5
9	3	842.98	0	5
9	3	804.65	0	5
9	3	1453.7	1	5
9	3	1190.9	1	5
9	3	738.8	0	5
9	3	726.33	0	5
9	3	1370.4	1	5
9	3	1173	1	5
9	3	1438.6	1	5
9	3	1249.8	1	5
9	3	1044	1	5
9	3	1446.2	1	5
9	3	1284.4	1	5
9	3	911.44	1	5
9	3	1259.6	1	5
9	3	930.53	1	5
9	3	1077.3	1	5
9	3	891.51	1	5
9	3	1269.1	1	5
9	3	750.53	1	5
9	3	1292.4	0	5
9	3	730.16	0	5
9	3	1202.7	1	5
9	3	1089.7	1	5
9	3	838.72	0	5
9	3	667.25	0	5
9	3	1782	1	5
9	3	1299.9	0	5
9	3	1260.3	1	5
9	3	838.85	0	5
9	3	1487.3	0	5
9	3	1085.6	0	5
9	3	1162.7	1	5
9	3	732.9	0	5
9	3	879.36	0	5
9	3	691.52	1	5
9	3	1050.1	1	5
9	3	1424.3	1	5
9	3	727.34	1	5
9	3	1057	1	5
9	3	1072.7	1	5
9	3	746.56	1	5
9	3	675.39	1	5
9	3	1162.4	1	5
9	3	1529.6	1	5
9	3	782.38	0	5
9	3	588.94	0	5
9	3	1316	1	5
9	3	1377.8	1	5
9	3	737.21	1	5
9	3	1064.7	0	5
9	3	1171.3	1	5
9	3	1068.7	0	5
9	3	1233.4	1	5
9	3	1085.8	1	5
9	3	1111.2	0	5
9	3	1776.3	1	5
9	3	844.93	1	5
9	3	643.04	1	5
9	3	1375.2	1	5
9	3	1281.7	1	5
9	3	1255.4	1	5
9	3	1054.8	1	5
9	3	847.28	1	5
9	3	648.38	1	5
9	3	880.16	1	5
9	3	661.65	1	5
9	3	753.63	1	5
9	3	941.05	1	5
9	3	653.14	1	5
9	3	663.91	1	5
9	3	728.45	1	5
9	3	806.51	1	5
9	3	838.38	1	5
9	3	1836.4	0	5
9	3	682.51	1	5
9	3	767.16	1	5
9	3	727.76	1	5
9	3	1494.8	0	5
9	3	1174.9	1	5
9	3	625.27	0	5
9	3	987.55	1	5
9	3	1147.9	1	5
9	3	1147.9	0	5
9	3	625.64	1	5
9	3	797.64	1	5
9	3	763.49	1	5
9	3	1138.7	1	5
9	3	800.04	1	5
9	3	940.83	1	5
9	3	608.42	1	5
9	3	659.39	0	5
9	3	587.03	1	5
9	3	835.11	1	5
9	3	697.71	1	5
9	3	1970.7	0	5
9	3	892.83	1	5
9	3	576.39	1	5
9	3	493.19	1	5
9	3	947.67	1	5
9	3	876.17	1	5
9	3	1130.4	1	5
9	3	778.86	1	5
9	3	1328.7	1	5
9	3	1414.6	1	5
9	3	1350	0	5
9	3	770.51	1	5
9	3	717.92	1	5
9	3	1100	1	5
9	3	861.28	1	5
9	3	802.01	1	5
9	3	1325	1	5
9	3	1460.8	1	5
9	3	897.34	1	5
9	3	1630.7	1	5
9	3	956.16	0	5
9	3	1426.6	1	5
9	3	787.83	1	5
9	3	840.08	1	5
9	3	699.82	1	5
9	3	1529.1	1	5
9	3	819.7	1	5
9	3	651.37	1	5
9	3	1054.6	1	5
9	3	1467.4	1	5
9	3	1228.6	1	5
9	3	807.89	1	5
9	3	885.89	1	5
9	3	1001.9	1	5
9	3	661.88	1	5
9	3	735.53	1	5
9	3	1024.6	1	5
9	3	692.51	1	5
9	3	893.38	1	5
9	3	1613.6	0	5
9	3	633.95	1	5
9	3	1216.8	1	5
9	3	843.64	1	5
9	3	1011.2	1	5
9	3	1248.4	1	5
9	3	683.12	1	5
9	3	576.15	1	5
9	3	897.35	1	5
9	3	623.76	1	5
9	3	682.68	1	5
9	3	618.04	1	5
9	3	809.25	1	5
9	3	829.59	1	5
9	3	1009.4	1	5
9	3	591.42	1	5
9	3	911.23	1	5
9	3	686.6	1	5
9	3	616.29	1	5
9	3	718.1	1	5
9	3	925.08	1	5
9	3	762.46	1	5
9	3	726.69	1	5
9	3	735.5	1	5
9	3	803.21	1	5
9	3	702.15	1	5
9	3	771.39	1	5
9	3	683.44	1	5
9	3	858.9	1	5
9	3	628.66	1	5
9	3	654.19	1	5
9	3	716.72	1	5
9	3	616.26	1	5
9	3	665.26	1	5
9	3	874.82	1	5
9	3	721.86	1	5
9	3	665.45	1	5
9	3	956.78	1	5
9	3	830.24	1	5
9	3	1161.8	1	5
9	3	663.46	1	5
9	3	796.2	1	5
9	3	670.37	1	5
9	3	686.53	1	5
9	3	720.91	1	5
9	3	684.5	1	5
9	3	552.44	1	5
9	3	601.8	1	5
9	3	1325.8	0	5
9	3	784.09	1	5
9	3	640.58	1	5
9	3	519.17	1	5
9	3	847.16	1	5
9	3	713	1	5
9	3	703.14	1	5
9	3	814.56	1	5
9	3	719	1	5
9	3	619.3	1	5
9	3	690.91	1	5
9	3	643.62	1	5
9	3	696.8	1	5
9	3	1790	1	5
9	3	868.19	1	5
9	3	780.34	1	5
9	3	716.16	1	5
9	3	604.83	1	5
9	3	1186	1	5
9	3	1581.3	1	5
9	3	801.14	1	5
9	3	1018.5	1	5
9	3	556.73	1	5
9	3	835.72	1	5
9	3	594.07	1	5
9	3	642.57	1	5
9	3	603.28	1	5
9	3	882.47	1	5
9	3	861.57	1	5
9	3	767.07	1	5
9	3	765.96	1	5
9	3	1010.6	0	5
9	3	648.12	1	5
9	3	566.43	1	5
9	3	625.42	1	5
9	3	637.04	1	5
9	3	900.22	1	5
9	3	661.12	1	5
9	3	1161.3	1	5
9	3	914.89	1	5
9	3	709.76	1	5
9	3	703.27	1	5
9	3	1022.1	1	5
9	3	1097.3	1	5
9	3	667.48	1	5
9	3	1090.6	1	5
9	3	677.51	1	5
9	3	977.34	0	5
9	3	912.46	1	5
9	3	740.22	1	5
9	3	761.74	1	5
9	3	859.03	1	5
9	3	902.83	1	5
9	3	613.99	1	5
9	3	861.23	1	5
9	3	846.73	1	5
9	3	830.59	1	5
9	3	848.14	1	5
9	3	754.87	1	5
9	3	1025	1	5
9	3	674.66	1	5
9	3	615.97	1	5
9	3	1124.9	1	5
9	3	879.14	1	5
9	3	915.43	1	5
9	3	800.08	1	5
9	3	575.05	1	5
9	3	722.35	1	5
9	3	573.02	1	5
9	3	589.6	1	5
9	3	1604.9	1	5
9	3	811.9	1	5
9	3	857.07	1	5
9	3	822.3	1	5
9	3	1227.2	1	5
9	3	1082.4	1	5
9	3	758.2	1	5
9	3	822.94	1	5
9	3	843.26	1	5
9	3	788.46	1	5
9	3	639.25	1	5
9	3	789.41	1	5
9	3	691.59	1	5
9	3	792.33	1	5
9	3	817.85	1	5
9	3	799.99	1	5
9	3	831.33	1	5
9	3	838.36	1	5
9	3	1110.4	1	5
9	3	1238.1	1	5
9	3	907.86	1	5
9	3	1046.1	1	5
9	3	930.25	1	5
9	3	1198.3	1	5
9	3	1187.1	1	5
9	3	1184.4	1	5
9	3	1006.6	1	5
9	3	950.5	1	5
9	3	916.28	1	5
9	3	918.77	1	5
9	3	1531	1	5
9	3	1572	1	5
9	3	651.57	1	5
9	3	1464.2	0	5
9	3	664.26	1	5
9	3	641.62	1	5
9	3	801.29	1	5
9	3	1035.9	1	5
9	3	755.91	1	5
9	3	801.51	1	5
9	3	868.93	1	5
9	3	1278.9	1	5
9	3	726.29	1	5
9	3	837.14	1	5
9	3	1056.5	1	5
9	3	910.72	1	5
9	3	867.26	1	5
9	3	614.57	1	5
9	3	803.19	1	5
9	3	734.43	1	5
9	3	640.93	1	5
9	3	872.12	1	5
9	3	561.77	1	5
9	3	743.92	1	5
9	3	738.3	1	5
9	3	1033.4	1	5
9	3	869.08	1	5
9	3	833.35	1	5
9	3	589.21	1	5
9	3	791.99	1	5
9	3	656.11	1	5
9	3	648.13	1	5
9	3	711.92	1	5
9	3	1131	1	5
9	3	615.16	1	5
9	3	612.43	1	5
9	3	1034.1	1	5
9	3	704.36	1	5
9	3	642.31	1	5
9	3	787.49	1	5
9	3	606.85	1	5
9	3	988.8	1	5
9	3	669.87	1	5
9	3	849.47	1	5
9	3	627.21	1	5
9	3	1432.2	1	5
9	3	1052.4	1	5
9	3	703.77	1	5
9	3	1422	1	5
9	3	649.26	1	5
9	3	817.24	1	5
9	3	1036.6	1	6
9	3	1072.8	1	6
9	3	582.15	1	6
9	3	556.7	1	6
9	3	846.58	1	6
9	3	1088.3	1	6
9	3	808.75	1	6
9	3	890.97	1	6
9	3	1263.9	1	6
9	3	673.41	1	6
9	3	1061.8	1	6
9	3	856.53	1	6
9	3	553.86	0	6
9	3	830.05	1	6
9	3	1255.9	1	6
9	3	860.78	1	6
9	3	843.18	1	6
9	3	1204.5	1	6
9	3	1111.3	1	6
9	3	1351.5	0	6
9	3	916.57	1	6
9	3	935.66	1	6
9	3	1178.8	0	6
9	3	908.95	1	6
9	3	867.42	1	6
9	3	928.92	1	6
9	3	969.42	1	6
9	3	1368.5	1	6
9	3	1074.8	1	6
9	3	1041.4	1	6
9	3	993.45	1	6
9	3	888.27	1	6
9	3	682.68	1	6
9	3	629.74	1	6
9	3	872	1	6
9	3	775.18	1	6
9	3	1031.4	1	6
9	3	936.7	1	6
9	3	770.94	1	6
9	3	1091.8	1	6
9	3	949.73	1	6
9	3	1164.8	1	6
9	3	1184.9	1	6
9	3	1178.2	1	6
9	3	1531.7	0	6
9	3	994.28	1	6
9	3	872.31	1	6
9	3	622.35	1	6
9	3	893.5	1	6
9	3	583.62	1	6
9	3	640.94	1	6
9	3	611.67	1	6
9	3	873.36	1	6
9	3	893.63	1	6
9	3	637.97	1	6
9	3	926.94	1	6
9	3	794.17	1	6
9	3	626.25	1	6
9	3	649.39	1	6
9	3	657.22	1	6
9	3	576.53	1	6
9	3	564.66	1	6
9	3	681.63	1	6
9	3	746.89	1	6
9	3	1130.8	1	6
9	3	1344.6	1	6
9	3	954.65	1	6
9	3	1053.2	1	6
9	3	659.35	1	6
9	3	864	1	6
9	3	721.94	1	6
9	3	809.85	1	6
9	3	1019.4	1	6
9	3	806.23	1	6
9	3	489.69	1	6
9	3	1015.8	1	6
9	3	1679	1	6
9	3	920.77	1	6
9	3	645.83	1	6
9	3	1025.3	1	6
9	3	713.6	1	6
9	3	683.2	1	6
9	3	967.9	1	6
9	3	794.02	1	6
9	3	553.65	1	6
9	3	782.33	1	6
9	3	713.02	1	6
9	3	746	1	6
9	3	588.66	1	6
9	3	1065.4	1	6
9	3	1424.9	1	6
9	3	983.75	1	6
9	3	884.49	1	6
9	3	974.01	1	6
9	3	847.56	1	6
9	3	1832.1	1	6
9	3	825.87	1	6
9	3	605.46	1	6
9	3	842.83	1	6
9	3	1510.4	0	6
9	3	574.56	1	6
9	3	605.92	1	6
9	3	721.12	1	6
9	3	712.76	1	6
9	3	590.67	1	6
9	3	875.41	1	6
9	3	988.09	1	6
9	3	746.64	1	6
9	3	550.48	1	6
9	3	500.08	1	6
9	3	758.28	1	6
9	3	653	1	6
9	3	583.83	1	6
9	3	590.08	1	6
9	3	611.94	1	6
9	3	707.68	1	6
9	3	922.23	1	6
9	3	518.12	1	6
9	3	714.25	1	6
9	3	1001	1	6
9	3	1100.1	1	6
9	3	743.79	1	6
9	3	1100.3	1	6
9	3	803.99	1	6
9	3	615.34	1	6
9	3	605.53	1	6
9	3	633.79	1	6
9	3	870.49	1	6
9	3	759.11	1	6
9	3	1311.6	1	6
9	3	551.61	1	6
9	3	975.01	1	6
9	3	550.3	1	6
9	3	587.24	1	6
9	3	637.88	1	6
9	3	839.32	1	6
9	3	639.86	1	6
9	3	1039.5	1	6
9	3	889.11	1	6
9	3	890.38	1	6
9	3	825.04	1	6
9	3	843.44	1	6
9	3	1062.9	1	6
9	3	1164.3	1	6
9	3	1015	1	6
9	3	768.48	1	6
9	3	929.06	1	6
9	3	810.61	1	6
9	3	1182.9	1	6
9	3	790.43	1	6
9	3	747.28	1	6
9	3	638.7	1	6
9	3	1602.5	1	6
9	3	1055.1	1	6
9	3	804.27	1	6
9	3	567.77	1	6
9	3	796.33	1	6
9	3	798.9	1	6
9	3	1087.5	1	6
9	3	623.24	1	6
9	3	605.21	1	6
9	3	768.53	1	6
9	3	692.54	1	6
9	3	722.55	1	6
9	3	624.6	1	6
9	3	1273.7	1	6
9	3	761.46	1	6
9	3	818.39	1	6
9	3	1289.6	1	6
9	3	733.04	1	6
9	3	654.88	1	6
9	3	715.59	1	6
9	3	800.29	1	6
9	3	960.11	1	6
9	3	738.42	1	6
9	3	606.79	1	6
9	3	780.69	1	6
9	3	752.04	1	6
9	3	708.56	1	6
9	3	1579.9	1	6
9	3	642.32	1	6
9	3	940.81	1	6
9	3	721.08	1	6
9	3	556.09	1	6
9	3	537.77	1	6
9	3	640.38	1	6
9	3	908.35	1	6
9	3	766.38	1	6
9	3	1104.8	1	6
9	3	783.84	1	6
9	3	917.47	1	6
9	3	911.7	1	6
9	3	740.64	1	6
9	3	691.01	1	6
9	3	639.03	1	6
9	3	920.28	1	6
9	3	698.91	1	6
9	3	728.07	1	6
9	3	694.55	1	6
9	3	742.36	1	6
9	3	1122.5	1	6
9	3	548.54	1	6
9	3	955.21	0	6
9	3	860.07	1	6
9	3	621.65	1	6
9	3	1543.6	1	6
9	3	725.98	1	6
9	3	606.31	1	6
9	3	949.87	1	6
9	3	549.96	1	6
9	3	1346.6	1	6
9	3	895.37	1	6
9	3	735.52	1	6
9	3	602.24	1	6
9	3	521.63	1	6
9	3	1210.5	1	6
9	3	643.55	1	6
9	3	636.93	1	6
9	3	681.76	1	6
9	3	1095.6	1	6
9	3	568.25	1	6
9	3	618.19	1	6
9	3	896.93	1	6
9	3	596.47	1	6
9	3	627.31	1	6
9	3	715.58	1	6
9	3	733.95	1	6
9	3	720.47	1	6
9	3	747.65	1	6
9	3	802.79	1	6
9	3	706.51	1	6
9	3	951.69	1	6
9	3	696.05	1	6
9	3	771.24	1	6
9	3	634.45	1	6
9	3	930.92	1	6
9	3	1116.2	1	6
9	3	927.86	1	6
9	3	753.36	1	6
9	3	924.57	1	6
9	3	1205.2	1	6
9	3	721.46	1	6
9	3	949.81	1	6
9	3	1396.2	1	6
9	3	601.36	1	6
9	3	762.99	1	6
9	3	744.43	1	6
9	3	754.75	1	6
9	3	664.98	1	6
9	3	647.59	1	6
9	3	896.24	1	6
9	3	613.28	1	6
9	3	910.17	1	6
9	3	734.78	1	6
9	3	682.41	1	6
9	3	1480.4	1	6
9	3	832.65	1	6
9	3	1113.8	1	6
9	3	781.81	1	6
9	3	939.2	1	6
9	3	614.64	1	6
9	3	704.45	1	6
9	3	1254.7	1	6
9	3	762.44	1	6
9	3	760.59	1	6
9	3	783.49	1	6
9	3	600.14	1	6
9	3	738.28	1	6
9	3	588.68	1	6
9	3	1413.8	1	6
9	3	1195.3	1	6
9	3	834.39	1	6
9	3	1211.1	1	6
9	3	1274	1	6
9	3	665.42	1	6
9	3	587.13	1	6
9	3	760.1	1	6
9	3	839.55	1	6
9	3	761.8	1	6
9	3	1088.8	1	6
9	3	962.1	1	6
9	3	1189.5	1	6
9	3	754.79	1	6
9	3	958.38	1	6
9	3	643.19	1	6
9	3	788.58	1	6
9	3	1059.8	1	6
9	3	873.3	1	6
9	3	1441.7	1	6
9	3	884.08	1	6
9	3	661.14	1	6
9	3	1087.4	1	6
9	3	1638.5	1	6
9	3	861.43	1	6
9	3	738.68	1	6
9	3	793.25	1	6
9	3	685.05	1	6
9	3	751.11	1	6
9	3	917.64	1	6
9	3	1191.7	1	6
9	3	1074.8	1	6
9	3	691.86	1	6
9	3	767.85	1	6
9	3	894.93	1	6
9	3	896.43	1	6
9	3	1183	1	6
9	3	915.85	1	6
9	3	989.66	1	6
9	3	862.59	1	6
9	3	1053.6	1	6
9	3	1123.4	1	6
9	3	923.49	1	6
9	3	636.73	1	6
9	3	841.76	1	6
9	3	839.64	1	6
9	3	922.38	1	6
9	3	779.15	1	6
9	3	1186.8	1	6
9	3	983.63	1	6
9	3	718.98	1	6
9	3	866.33	1	6
9	3	674.05	1	6
9	3	739.73	1	6
9	3	910.55	1	6
9	3	1205.1	1	6
9	3	618.51	1	6
9	3	694.77	1	6
9	3	755.93	1	6
9	3	726.02	1	6
9	3	748	1	6
9	3	596.22	1	6
9	3	713.17	1	6
9	3	609.76	1	6
9	3	641.67	1	6
9	3	602.6	1	6
9	3	647.24	1	6
9	3	805.38	1	6
9	3	1033.7	1	6
9	3	1000.4	1	6
9	3	684.58	1	6
9	3	687.2	1	6
9	3	699.28	1	6
9	3	775.83	0	6
9	3	642.39	1	6
9	3	738.28	1	6
9	3	1980	0	6
9	3	909.04	1	6
9	3	610.5	1	6
9	3	736.27	1	6
9	3	549.94	1	7
9	3	690.8	1	7
9	3	999.91	1	7
9	3	677.01	1	7
9	3	633.66	1	7
9	3	575.51	1	7
9	3	541.14	1	7
9	3	517.33	1	7
9	3	480.05	1	7
9	3	872.44	1	7
9	3	582.12	1	7
9	3	478.6	1	7
9	3	579.42	1	7
9	3	560.71	1	7
9	3	677.04	1	7
9	3	795.31	1	7
9	3	609.75	1	7
9	3	581.94	1	7
9	3	508.9	1	7
9	3	513.83	1	7
9	3	623.29	1	7
9	3	668.04	1	7
9	3	867.71	1	7
9	3	575.05	1	7
9	3	665.18	1	7
9	3	662.35	1	7
9	3	650.94	1	7
9	3	533.25	1	7
9	3	521.2	1	7
9	3	689.07	1	7
9	3	489.04	1	7
9	3	578.66	1	7
9	3	543.9	1	7
9	3	781.36	1	7
9	3	676.84	1	7
9	3	815.73	1	7
9	3	588.28	1	7
9	3	529.52	1	7
9	3	1140.4	1	7
9	3	623.28	1	7
9	3	609.29	1	7
9	3	560.63	1	7
9	3	542	1	7
9	3	595.76	1	7
9	3	573.38	1	7
9	3	524.76	1	7
9	3	778.61	1	7
9	3	535.83	1	7
9	3	649.69	1	7
9	3	559.78	1	7
9	3	536.43	1	7
9	3	550.64	1	7
9	3	511.27	1	7
9	3	505.56	1	7
9	3	530.11	1	7
9	3	490.67	1	7
9	3	850.85	1	7
9	3	593.88	1	7
9	3	614.89	1	7
9	3	626.1	1	7
9	3	743.04	1	7
9	3	526.54	1	7
9	3	494.1	1	7
9	3	518.38	1	7
9	3	722.09	1	7
9	3	547.6	1	7
9	3	670.45	1	7
9	3	634.01	1	7
9	3	714.76	1	7
9	3	827.8	1	7
9	3	656.78	1	7
9	3	504.9	1	7
9	3	1015.9	1	7
9	3	1043.8	1	7
9	3	600.17	1	7
9	3	541.19	1	7
9	3	610.2	1	7
9	3	621.13	1	7
9	3	755.54	1	7
9	3	595.08	1	7
9	3	596.29	1	7
9	3	552.17	1	7
9	3	654.95	1	7
9	3	783.38	1	7
9	3	484.29	1	7
9	3	601.76	1	7
9	3	744.75	1	7
9	3	537.1	1	7
9	3	693.47	1	7
9	3	532.51	1	7
9	3	769.91	1	7
9	3	508.24	1	7
9	3	519.54	1	7
9	3	605.28	1	7
9	3	772.57	1	7
9	3	697.92	1	7
9	3	554.11	1	7
9	3	625.27	1	7
9	3	637.99	1	7
9	3	614.52	1	7
9	3	906.54	1	7
9	3	665.39	1	7
9	3	628.8	0	7
9	3	545.06	1	7
9	3	825.42	1	7
9	3	590.02	1	7
9	3	600.17	1	7
9	3	550.46	1	7
9	3	578.81	1	7
9	3	490.42	1	7
9	3	712.45	1	7
9	3	573.37	1	7
9	3	670.02	1	7
9	3	610.78	1	7
9	3	546.75	1	7
9	3	563.11	1	7
9	3	743.99	1	7
9	3	590.39	1	7
9	3	727.03	1	7
9	3	564.05	1	7
9	3	589.52	1	7
9	3	672.09	0	7
9	3	729.25	1	7
9	3	775.84	1	7
9	3	701.76	1	7
9	3	689.94	1	7
9	3	748.62	1	7
9	3	611.45	1	7
9	3	637.59	1	7
9	3	797.84	1	7
9	3	482.67	1	7
9	3	953.54	1	7
9	3	718.47	1	7
9	3	583.68	1	7
9	3	553.53	1	7
9	3	592.92	1	7
9	3	657.82	1	7
9	3	718.95	1	7
9	3	702.63	1	7
9	3	681.2	1	7
9	3	677.84	0	7
9	3	591.04	1	7
9	3	632.59	0	7
9	3	757.44	1	7
9	3	748.72	1	7
9	3	658.49	1	7
9	3	1168.2	1	7
9	3	1036.1	1	7
9	3	736.85	1	7
9	3	778.98	1	7
9	3	583.24	1	7
9	3	768.16	1	7
9	3	812.45	1	7
9	3	933.55	1	7
9	3	684.75	1	7
9	3	638.1	1	7
9	3	643.5	1	7
9	3	690.1	1	7
9	3	685.09	1	7
9	3	565.35	1	7
9	3	690.92	1	7
9	3	557.45	1	7
9	3	635.41	1	7
9	3	538	1	7
9	3	782.52	1	7
9	3	745.01	1	7
9	3	587.21	1	7
9	3	693.5	1	7
9	3	563.26	1	7
9	3	591.07	1	7
9	3	630.07	1	7
9	3	635.3	1	7
9	3	658.99	1	7
9	3	647.29	1	7
9	3	569.03	0	7
9	3	665.58	1	7
9	3	572.11	0	7
9	3	551.4	1	7
9	3	666.47	1	7
9	3	735.09	1	7
9	3	549.21	1	7
9	3	573.78	1	7
9	3	586.1	1	7
9	3	774.92	1	7
9	3	576.11	1	7
9	3	604.3	1	7
9	3	576.79	1	7
9	3	1158.1	1	7
9	3	647.69	1	7
9	3	868.99	1	7
9	3	1154.9	1	7
9	3	671.5	1	7
9	3	742.25	1	7
9	3	596.03	1	7
9	3	860.2	1	7
9	3	1039	1	7
9	3	673.64	1	7
9	3	628.44	1	7
9	3	1019.3	1	7
9	3	719.44	1	7
9	3	658.55	1	7
9	3	646.57	1	7
9	3	593.44	1	7
9	3	568.69	1	7
9	3	652.43	1	7
9	3	777.39	1	7
9	3	621.94	1	7
9	3	582.76	1	7
9	3	891.58	1	7
9	3	884.77	1	7
9	3	688.67	1	7
9	3	532.07	1	7
9	3	574.36	1	7
9	3	581.62	1	7
9	3	782.19	1	7
9	3	704.84	1	7
9	3	658.38	1	7
9	3	617.99	1	7
9	3	584.8	1	7
9	3	557.09	1	7
9	3	1319	1	7
9	3	779.65	1	7
9	3	564.5	1	7
9	3	520.12	1	7
9	3	553.36	0	7
9	3	541.85	1	7
9	3	789.92	1	7
9	3	845.01	1	7
9	3	724.81	1	7
9	3	570.92	0	7
9	3	572.85	1	7
9	3	621.56	1	7
9	3	1121.9	1	7
9	3	1222.3	1	7
9	3	943.99	1	7
9	3	741.48	1	7
9	3	685.36	1	7
9	3	820.28	1	7
9	3	686.31	1	7
9	3	740.06	1	7
9	3	646.36	1	7
9	3	871.47	1	7
9	3	966.24	1	7
9	3	1019.4	1	7
9	3	1324.9	1	7
9	3	726.75	1	7
9	3	788.26	1	7
9	3	489.61	0	7
9	3	756.53	1	7
9	3	685.92	1	7
9	3	612.98	1	7
9	3	892.62	1	7
9	3	715.48	1	7
9	3	583.7	1	7
9	3	732.92	1	7
9	3	777.87	1	7
9	3	867.64	1	7
9	3	782.88	1	7
9	3	694.51	1	7
9	3	693.27	1	7
9	3	600.43	1	7
9	3	699.75	1	7
9	3	658.53	1	7
9	3	888.09	1	7
9	3	697.87	1	7
9	3	626.03	1	7
9	3	674.99	1	7
9	3	667.89	1	7
9	3	626.07	1	7
9	3	797.58	1	7
9	3	873.79	1	7
9	3	704.5	1	7
9	3	914.14	1	7
9	3	761.6	1	7
9	3	879.49	1	7
9	3	686.01	0	7
9	3	715.85	1	7
9	3	634.27	1	7
9	3	678.12	1	7
9	3	656.73	1	7
9	3	701.09	1	7
9	3	838.59	1	7
9	3	813.28	1	7
9	3	709.6	1	7
9	3	971.97	1	7
9	3	769.83	1	7
9	3	777.31	1	7
9	3	1220.4	1	7
9	3	843.03	1	7
9	3	785.3	1	7
9	3	910.64	1	7
9	3	1071.6	1	7
9	3	889.46	1	7
9	3	910.74	1	7
9	3	1100.7	1	7
9	3	769.11	1	7
9	3	667.19	1	7
9	3	965.27	1	7
9	3	866.14	1	7
9	3	794.99	1	7
9	3	649.01	1	7
9	3	870.15	1	7
9	3	783.93	1	7
9	3	1052.6	1	7
9	3	634.94	1	7
9	3	1276.6	1	7
9	3	1008.6	1	7
9	3	1002.1	1	7
9	3	1191.3	1	7
9	3	661.51	1	7
9	3	776.77	1	7
9	3	668.43	1	7
9	3	633.09	1	7
9	3	680.61	1	7
9	3	927.15	1	7
9	3	804.13	1	7
9	3	940.32	1	7
9	3	822.22	1	7
9	3	687.42	1	7
9	3	696.34	1	7
9	3	672.93	1	7
9	3	685.34	1	7
9	3	667.15	1	7
9	3	768.97	1	7
9	3	967.86	1	7
9	3	707.77	1	7
9	3	839.75	1	7
9	3	754.63	1	7
9	3	779.2	1	7
9	3	746.5	1	7
9	3	664.88	1	7
9	3	593.34	1	7
9	3	857.47	1	7
9	3	711.6	1	7
9	3	788.72	1	7
9	3	695.89	1	7
9	3	903.22	1	7
9	3	784.05	1	7
9	3	672.85	1	7
9	3	640.84	1	7
9	3	804.23	1	7
9	3	580.52	0	7
9	3	690.23	1	7
9	3	855.74	1	7
9	3	685.75	1	7
9	3	601.12	1	7
9	3	521.25	1	7
9	3	873.85	1	7
9	3	799.61	1	7
9	3	1504.1	1	7
9	3	583.43	1	8
9	3	607.37	1	8
9	3	575.38	1	8
9	3	513.77	1	8
9	3	523.85	1	8
9	3	578.67	1	8
9	3	645.46	1	8
9	3	572.04	1	8
9	3	532.14	1	8
9	3	1003	1	8
9	3	642.24	1	8
9	3	700.64	1	8
9	3	549.29	1	8
9	3	707.84	1	8
9	3	713.94	1	8
9	3	567.53	1	8
9	3	516.64	1	8
9	3	574.96	1	8
9	3	514.51	1	8
9	3	518.89	1	8
9	3	611.53	1	8
9	3	679.12	1	8
9	3	454.13	1	8
9	3	668.86	1	8
9	3	621.27	1	8
9	3	539.69	1	8
9	3	568.69	1	8
9	3	578.45	1	8
9	3	539.93	1	8
9	3	641.63	1	8
9	3	622.46	1	8
9	3	519.67	1	8
9	3	624.51	1	8
9	3	664.98	1	8
9	3	590.16	1	8
9	3	592.89	1	8
9	3	653.15	1	8
9	3	569.4	1	8
9	3	647.59	1	8
9	3	549.88	1	8
9	3	960.28	1	8
9	3	627.48	1	8
9	3	604.19	1	8
9	3	770.59	1	8
9	3	720.84	1	8
9	3	481.85	1	8
9	3	608.9	1	8
9	3	605.74	1	8
9	3	528.81	1	8
9	3	640.61	1	8
9	3	578.68	1	8
9	3	526.76	1	8
9	3	542.65	1	8
9	3	495.98	1	8
9	3	528.54	1	8
9	3	668.77	1	8
9	3	638.79	1	8
9	3	444.92	1	8
9	3	556.8	1	8
9	3	569.68	1	8
9	3	495.23	1	8
9	3	443.6	1	8
9	3	465.49	1	8
9	3	678.99	1	8
9	3	720.84	1	8
9	3	595.59	1	8
9	3	530	1	8
9	3	545.84	1	8
9	3	582.07	1	8
9	3	540.17	1	8
9	3	611.12	1	8
9	3	540.48	1	8
9	3	632.14	1	8
9	3	560.12	1	8
9	3	562.27	1	8
9	3	521.64	1	8
9	3	689.12	1	8
9	3	660.99	1	8
9	3	633.86	1	8
9	3	563.28	1	8
9	3	672.65	1	8
9	3	585.89	1	8
9	3	619.11	1	8
9	3	587.02	1	8
9	3	727.94	1	8
9	3	585.11	1	8
9	3	546.62	1	8
9	3	571.8	1	8
9	3	513.5	1	8
9	3	596.94	1	8
9	3	599.54	1	8
9	3	578.57	1	8
9	3	562.08	1	8
9	3	854.37	0	8
9	3	809.75	1	8
9	3	627.63	1	8
9	3	557.59	1	8
9	3	670.75	1	8
9	3	627.98	1	8
9	3	583.44	1	8
9	3	504.01	1	8
9	3	583.27	1	8
9	3	513.39	1	8
9	3	491.75	1	8
9	3	493.35	1	8
9	3	629.19	1	8
9	3	541.66	1	8
9	3	557.05	1	8
9	3	507.51	1	8
9	3	553.09	1	8
9	3	468.94	1	8
9	3	999.91	1	8
9	3	552.02	1	8
9	3	545.73	1	8
9	3	545.36	1	8
9	3	619.02	1	8
9	3	577.06	1	8
9	3	533.21	1	8
9	3	581.17	1	8
9	3	925.36	1	8
9	3	813.98	1	8
9	3	596.35	1	8
9	3	860.57	1	8
9	3	543.95	1	8
9	3	639.34	1	8
9	3	1360	1	8
9	3	545.38	1	8
9	3	565.66	1	8
9	3	711.77	1	8
9	3	545.53	1	8
9	3	514.54	1	8
9	3	526.37	1	8
9	3	563.13	1	8
9	3	592.05	1	8
9	3	741.66	1	8
9	3	582.56	1	8
9	3	847.11	1	8
9	3	965.67	1	8
9	3	846.13	1	8
9	3	602.16	1	8
9	3	616.4	1	8
9	3	857.33	1	8
9	3	636.29	1	8
9	3	828.55	1	8
9	3	574.34	1	8
9	3	883.7	1	8
9	3	635.2	1	8
9	3	668.38	1	8
9	3	861.53	1	8
9	3	1014.3	1	8
9	3	813.24	1	8
9	3	1102.1	1	8
9	3	655.16	1	8
9	3	574.39	1	8
9	3	993.63	1	8
9	3	603.24	1	8
9	3	550.4	1	8
9	3	553.23	1	8
9	3	746.05	1	8
9	3	720.02	1	8
9	3	605.92	1	8
9	3	731.68	1	8
9	3	564.89	1	8
9	3	673.89	1	8
9	3	632.34	1	8
9	3	533.07	1	8
9	3	653.11	1	8
9	3	590.02	1	8
9	3	733.13	1	8
9	3	667.07	1	8
9	3	700.06	1	8
9	3	674.48	1	8
9	3	682.19	1	8
9	3	625.21	1	8
9	3	589.7	1	8
9	3	645.85	1	8
9	3	561.22	1	8
9	3	613.99	1	8
9	3	596.85	1	8
9	3	638.28	1	8
9	3	546.56	1	8
9	3	511.02	1	8
9	3	894.62	1	8
9	3	666.14	1	8
9	3	588.85	1	8
9	3	672.02	1	8
9	3	499.62	1	8
9	3	534.24	1	8
9	3	600.73	1	8
9	3	532.94	1	8
9	3	653.57	1	8
9	3	574.58	1	8
9	3	614.36	1	8
9	3	585.03	1	8
9	3	552.77	1	8
9	3	739.34	1	8
9	3	1053.8	1	8
9	3	650.23	1	8
9	3	627.86	1	8
9	3	838.52	1	8
9	3	541.83	1	8
9	3	624.33	1	8
9	3	580.23	1	8
9	3	586.46	1	8
9	3	642.63	1	8
9	3	814.88	1	8
9	3	565.26	1	8
9	3	672.96	1	8
9	3	529.99	1	8
9	3	548.95	1	8
9	3	747.71	1	8
9	3	708.5	1	8
9	3	618.06	1	8
9	3	596.27	1	8
9	3	559.75	1	8
9	3	608.36	1	8
9	3	503.13	1	8
9	3	669.06	1	8
9	3	1305.3	1	8
9	3	747.39	1	8
9	3	506.05	1	8
9	3	826.35	1	8
9	3	1169.4	1	8
9	3	591.18	1	8
9	3	976.18	1	8
9	3	871.83	1	8
9	3	558.86	1	8
9	3	549.3	1	8
9	3	563.69	1	8
9	3	615.24	1	8
9	3	1074.7	1	8
9	3	541.34	1	8
9	3	682.13	1	8
9	3	646.71	1	8
9	3	596.49	1	8
9	3	573.09	1	8
9	3	601.58	1	8
9	3	765.75	1	8
9	3	585.89	1	8
9	3	752.91	1	8
9	3	755.39	1	8
9	3	752.36	1	8
9	3	708.82	1	8
9	3	879.11	1	8
9	3	573.13	1	8
9	3	576.77	1	8
9	3	688.08	1	8
9	3	586.92	1	8
9	3	546.2	1	8
9	3	598.3	1	8
9	3	988.77	1	8
9	3	701.15	1	8
9	3	699.34	1	8
9	3	698.42	1	8
9	3	755.89	1	8
9	3	697.33	1	8
9	3	675.94	1	8
9	3	1020.6	1	8
9	3	599.1	1	8
9	3	703.53	1	8
9	3	651.33	1	8
9	3	688.59	1	8
9	3	709.93	1	8
9	3	798.01	1	8
9	3	629.18	1	8
9	3	671.71	1	8
9	3	703.74	1	8
9	3	635.6	1	8
9	3	790.42	1	8
9	3	730.24	1	8
9	3	663.3	1	8
9	3	563.21	1	8
9	3	660.73	1	8
9	3	639.63	1	8
9	3	710.65	1	8
9	3	742.36	1	8
9	3	777.64	1	8
9	3	1780.1	0	8
9	3	561.34	1	8
9	3	1359.6	1	8
9	3	1084.2	1	8
9	3	680.13	1	8
9	3	921.22	1	8
9	3	659.88	1	8
9	3	839.69	1	8
9	3	1103.4	1	8
9	3	678.19	1	8
9	3	1292.8	1	8
9	3	1589.8	1	8
9	3	994.71	1	8
9	3	765.33	1	8
9	3	863.38	1	8
9	3	772.4	1	8
9	3	1017.6	1	8
9	3	885.82	1	8
9	3	1241.8	1	8
9	3	668.29	1	8
9	3	689.83	1	8
9	3	1382.6	1	8
9	3	793.07	1	8
9	3	703.72	1	8
9	3	812.28	1	8
9	3	770.89	1	8
9	3	692.99	1	8
9	3	642.85	1	8
9	3	1022.9	1	8
9	3	1218.8	1	8
9	3	769.58	1	8
9	3	907.49	1	8
9	3	1439.1	1	8
9	3	617.29	1	8
9	3	1039.2	1	8
9	3	903.34	1	8
9	3	757.6	1	8
9	3	807.59	1	8
9	3	629.91	1	8
9	3	786.11	1	8
9	3	700.07	1	8
9	3	580.89	1	8
9	3	636.96	1	8
9	3	1726	1	8
9	3	720.39	1	8
9	3	757.02	1	8
9	3	725.27	1	8
9	3	626.83	1	8
9	3	603.22	1	8
9	3	684.18	1	8
9	3	1384.5	1	8
9	3	593.08	1	8
9	3	683.38	1	8
9	3	615.96	1	8
9	3	589.5	1	8
9	3	736.32	1	8
9	3	666.45	1	8
9	3	633.1	1	8
9	3	704.29	1	8
9	3	645.03	1	8
9	3	728.67	1	8
9	3	721.64	1	8
9	3	525	1	8
9	3	757.67	1	8
9	3	698.76	1	8
9	3	813.46	1	8
9	3	743.2	1	8
9	3	499.14	1	8
9	3	552.75	1	8
9	3	575.54	1	8
9	3	714.74	1	8
9	3	692.19	1	8
9	3	698.5	1	8
9	3	596.69	1	9
9	3	592.16	1	9
9	3	600.76	1	9
9	3	576.93	1	9
9	3	626.45	1	9
9	3	517.59	1	9
9	3	619.19	1	9
9	3	584.86	1	9
9	3	584.96	1	9
9	3	546.61	1	9
9	3	601.17	1	9
9	3	561.4	1	9
9	3	518.99	1	9
9	3	470.85	1	9
9	3	513.11	1	9
9	3	543.03	1	9
9	3	857.01	1	9
9	3	559.15	1	9
9	3	549.33	1	9
9	3	562.12	1	9
9	3	589.52	1	9
9	3	588.57	1	9
9	3	643.19	1	9
9	3	674.48	1	9
9	3	571.82	1	9
9	3	620.66	1	9
9	3	489.32	1	9
9	3	640.06	1	9
9	3	533.09	1	9
9	3	618.81	1	9
9	3	592.99	1	9
9	3	548.81	1	9
9	3	654.08	1	9
9	3	684.19	1	9
9	3	558.8	1	9
9	3	546.06	1	9
9	3	699.47	1	9
9	3	672.83	1	9
9	3	546.64	1	9
9	3	604.53	1	9
9	3	567.76	1	9
9	3	684.4	1	9
9	3	779.5	1	9
9	3	583.23	1	9
9	3	537.77	1	9
9	3	544.18	1	9
9	3	668.96	1	9
9	3	632.61	1	9
9	3	609.2	1	9
9	3	525.8	1	9
9	3	559.46	1	9
9	3	570.96	1	9
9	3	501.99	1	9
9	3	501.3	1	9
9	3	553.32	1	9
9	3	520.21	1	9
9	3	527.52	1	9
9	3	523.78	1	9
9	3	554.06	1	9
9	3	562.33	1	9
9	3	764.52	1	9
9	3	625.91	1	9
9	3	481.89	1	9
9	3	558.98	1	9
9	3	455.34	1	9
9	3	524.66	1	9
9	3	687.33	1	9
9	3	635.33	1	9
9	3	963.19	1	9
9	3	639.73	1	9
9	3	575.91	1	9
9	3	508.58	1	9
9	3	566.08	1	9
9	3	513.77	1	9
9	3	469.9	1	9
9	3	604.27	1	9
9	3	575.27	1	9
9	3	615.81	1	9
9	3	567.73	1	9
9	3	575.68	1	9
9	3	570.96	1	9
9	3	612.84	1	9
9	3	524.89	1	9
9	3	507.6	1	9
9	3	462.88	1	9
9	3	567.8	1	9
9	3	554.77	1	9
9	3	642.48	1	9
9	3	725.92	1	9
9	3	588.73	1	9
9	3	692.51	1	9
9	3	541.37	1	9
9	3	487.81	1	9
9	3	522.71	1	9
9	3	562.75	1	9
9	3	547.07	1	9
9	3	563.14	1	9
9	3	547.7	1	9
9	3	633.38	1	9
9	3	554.23	1	9
9	3	470.43	1	9
9	3	500.36	1	9
9	3	562.98	1	9
9	3	605.3	1	9
9	3	535.91	1	9
9	3	600.79	1	9
9	3	920.87	1	9
9	3	493.71	1	9
9	3	516.48	1	9
9	3	499	1	9
9	3	560.19	1	9
9	3	628.38	1	9
9	3	515.79	1	9
9	3	596.67	1	9
9	3	536.41	1	9
9	3	537.71	1	9
9	3	605.71	1	9
9	3	591.28	1	9
9	3	534.73	1	9
9	3	614.63	1	9
9	3	637.73	1	9
9	3	526.52	1	9
9	3	508.1	1	9
9	3	502.38	1	9
9	3	739.87	1	9
9	3	570.52	1	9
9	3	531.96	1	9
9	3	538.85	1	9
9	3	530.29	1	9
9	3	543.26	1	9
9	3	579.26	1	9
9	3	538.86	1	9
9	3	581.58	1	9
9	3	544.72	1	9
9	3	508.13	1	9
9	3	589.02	1	9
9	3	534.77	1	9
9	3	564.22	1	9
9	3	737.95	1	9
9	3	662.24	1	9
9	3	631.8	1	9
9	3	621.42	1	9
9	3	556.88	1	9
9	3	672.47	1	9
9	3	712.03	1	9
9	3	599.56	1	9
9	3	628.73	1	9
9	3	619.15	1	9
9	3	620.9	1	9
9	3	658.88	1	9
9	3	532.83	1	9
9	3	497.83	1	9
9	3	521.95	1	9
9	3	596.47	1	9
9	3	581.67	1	9
9	3	531.1	1	9
9	3	521.48	1	9
9	3	669.05	1	9
9	3	969.31	1	9
9	3	732.22	1	9
9	3	511.18	1	9
9	3	584.73	1	9
9	3	624.46	1	9
9	3	544.38	1	9
9	3	569.66	1	9
9	3	667.14	1	9
9	3	813.39	1	9
9	3	561.9	1	9
9	3	586.08	1	9
9	3	695.77	1	9
9	3	679.9	1	9
9	3	653.71	1	9
9	3	528.14	1	9
9	3	689.13	1	9
9	3	616.53	1	9
9	3	605.78	1	9
9	3	531.54	1	9
9	3	556.23	1	9
9	3	569.77	1	9
9	3	625.64	1	9
9	3	558.44	1	9
9	3	550.62	1	9
9	3	539.1	1	9
9	3	622.65	1	9
9	3	516.09	1	9
9	3	532.22	1	9
9	3	631.98	1	9
9	3	647.47	1	9
9	3	600.47	1	9
9	3	682.07	1	9
9	3	533.09	1	9
9	3	546.47	1	9
9	3	672.96	1	9
9	3	645.19	1	9
9	3	570.9	1	9
9	3	531.27	1	9
9	3	550.25	1	9
9	3	625.65	1	9
9	3	646.46	1	9
9	3	546.47	1	9
9	3	567.69	1	9
9	3	758.79	1	9
9	3	614.58	1	9
9	3	613.07	1	9
9	3	603.73	1	9
9	3	568.08	1	9
9	3	579.22	1	9
9	3	567.91	1	9
9	3	500.11	1	9
9	3	615.49	1	9
9	3	590.67	1	9
9	3	558.45	1	9
9	3	625.75	1	9
9	3	643.36	1	9
9	3	534.52	1	9
9	3	590.56	1	9
9	3	667.1	1	9
9	3	878.67	1	9
9	3	676.21	1	9
9	3	557.25	1	9
9	3	618.86	1	9
9	3	876.77	1	9
9	3	572.33	1	9
9	3	528.54	1	9
9	3	655.94	1	9
9	3	716.72	1	9
9	3	575.36	1	9
9	3	563.6	1	9
9	3	749.62	1	9
9	3	588.13	1	9
9	3	978.66	1	9
9	3	685.91	1	9
9	3	930.65	1	9
9	3	596.79	1	9
9	3	502.8	1	9
9	3	576.9	1	9
9	3	689.92	1	9
9	3	696.72	1	9
9	3	600.67	1	9
9	3	642.9	1	9
9	3	537.65	1	9
9	3	587.25	1	9
9	3	649.94	1	9
9	3	693.37	1	9
9	3	582.04	1	9
9	3	586.88	1	9
9	3	517.29	1	9
9	3	527.4	1	9
9	3	565.65	1	9
9	3	569.58	1	9
9	3	503.01	1	9
9	3	736.42	1	9
9	3	711.49	1	9
9	3	691.41	1	9
9	3	621.74	1	9
9	3	749.65	1	9
9	3	690.47	1	9
9	3	653.78	1	9
9	3	819.41	1	9
9	3	698.8	1	9
9	3	580.33	1	9
9	3	658.52	1	9
9	3	664.66	1	9
9	3	565.2	1	9
9	3	624.8	1	9
9	3	628.21	1	9
9	3	738.2	1	9
9	3	830.69	1	9
9	3	570.13	1	9
9	3	634.32	1	9
9	3	762.38	1	9
9	3	667.67	1	9
9	3	1134.6	1	9
9	3	987.24	1	9
9	3	764.58	1	9
9	3	1257.5	1	9
9	3	635.11	1	9
9	3	759.48	1	9
9	3	661.17	1	9
9	3	717.43	1	9
9	3	815.92	1	9
9	3	710.59	1	9
9	3	827.78	1	9
9	3	1609.5	1	9
9	3	1010.5	1	9
9	3	779.63	1	9
9	3	741.69	1	9
9	3	1343.1	1	9
9	3	643.12	1	9
9	3	956.94	1	9
9	3	644.3	1	9
9	3	746.62	1	9
9	3	669.69	1	9
9	3	676.88	1	9
9	3	1518.2	1	9
9	3	934.4	1	9
9	3	719.3	1	9
9	3	813.9	1	9
9	3	862.1	1	9
9	3	913.82	1	9
9	3	706.39	1	9
9	3	855.08	1	9
9	3	686.9	1	9
9	3	811.96	1	9
9	3	658.12	1	9
9	3	904.24	1	9
9	3	599.52	1	9
9	3	612.89	1	9
9	3	854.9	1	9
9	3	665.53	1	9
9	3	954.63	1	9
9	3	897.81	1	9
9	3	714.23	1	9
9	3	877.73	1	9
9	3	563.98	1	9
9	3	584.79	1	9
9	3	998.94	1	9
9	3	597.1	1	9
9	3	993.08	1	9
9	3	541.35	1	9
9	3	736.34	1	9
9	3	718.32	1	9
9	3	681.2	1	9
9	3	842.61	1	9
9	3	705.37	1	9
9	3	769.17	1	9
9	3	654.96	1	9
9	3	634.22	1	9
9	3	1001.1	1	9
9	3	761.19	1	9
9	3	749.07	1	9
9	3	664.16	1	9
9	3	825.09	1	9
9	3	587.15	1	9
9	3	606.3	1	9
9	3	649.14	1	9
9	3	633.46	1	9
9	3	692.2	1	9
9	3	612.15	1	9
9	3	664.89	1	9
9	3	618.99	1	9
9	3	717.96	1	9
9	3	971.44	1	9
9	3	616.28	1	9
9	3	1442	1	9
9	3	656.72	1	9
9	3	637.61	1	9
9	3	643.92	1	9
9	3	579.66	1	9
9	3	670.62	1	9
