8	4	981.18	1	1
8	4	825.41	1	1
8	4	834.94	1	1
8	4	696.47	1	1
8	4	1265.7	1	1
8	4	684.54	1	1
8	4	715.26	1	1
8	4	614.57	1	1
8	4	860.77	1	1
8	4	825.52	1	1
8	4	978.26	1	1
8	4	1207.7	1	1
8	4	701.73	1	1
8	4	760.38	1	1
8	4	757.86	1	1
8	4	803.88	1	1
8	4	619.15	1	1
8	4	696.52	1	1
8	4	900.53	1	1
8	4	668.71	1	1
8	4	927.05	1	1
8	4	744.84	1	1
8	4	745.23	1	1
8	4	497.98	1	1
8	4	777.6	1	1
8	4	803.54	1	1
8	4	1414	1	1
8	4	756.77	1	1
8	4	703.05	1	1
8	4	732.56	1	1
8	4	1500.1	1	1
8	4	1030.2	1	1
8	4	693.15	1	1
8	4	1018.9	1	1
8	4	1246.6	1	1
8	4	751.95	1	1
8	4	1283.8	1	1
8	4	797.65	1	1
8	4	1087.3	1	1
8	4	1287.2	1	1
8	4	1015	1	1
8	4	798.62	1	1
8	4	681.59	1	1
8	4	927.68	1	1
8	4	926.3	1	1
8	4	1147.9	1	1
8	4	732.08	1	1
8	4	723.01	1	1
8	4	834.83	1	1
8	4	953.26	1	1
8	4	1039.3	1	1
8	4	719.34	1	1
8	4	802.65	1	1
8	4	715.22	1	1
8	4	1010.4	1	1
8	4	827.03	1	1
8	4	795.93	1	1
8	4	1546.1	1	1
8	4	764.37	1	1
8	4	1644.4	1	1
8	4	915.38	1	1
8	4	1109.4	1	1
8	4	637.55	1	1
8	4	848.35	1	1
8	4	1305.5	1	1
8	4	563.84	1	1
8	4	527.03	1	1
8	4	882.3	1	1
8	4	1057.8	1	1
8	4	918.05	1	1
8	4	830.26	1	1
8	4	577	1	1
8	4	676.7	1	1
8	4	646.82	1	1
8	4	779.12	1	1
8	4	735.78	1	1
8	4	786.41	1	1
8	4	655.11	1	1
8	4	744.31	1	1
8	4	602.23	1	1
8	4	618.78	1	1
8	4	604.35	1	1
8	4	694.1	1	1
8	4	898.07	1	1
8	4	695.79	1	1
8	4	624.13	1	1
8	4	616.17	1	1
8	4	765.41	1	1
8	4	992	1	1
8	4	621.74	1	1
8	4	1193.2	1	1
8	4	716.32	1	1
8	4	637.36	1	1
8	4	593.98	1	1
8	4	744.76	1	1
8	4	689.33	1	1
8	4	709.96	1	1
8	4	934.61	1	1
8	4	620.81	1	1
8	4	672.04	1	1
8	4	1185	1	1
8	4	541.72	1	1
8	4	712.95	1	1
8	4	632.01	1	1
8	4	593.31	1	1
8	4	554.54	1	1
8	4	626.38	1	1
8	4	692.1	1	1
8	4	784.51	1	1
8	4	762.2	1	1
8	4	668.48	1	1
8	4	665.95	1	1
8	4	641.05	1	1
8	4	635.81	1	1
8	4	658.05	1	1
8	4	702.09	1	1
8	4	864.03	1	1
8	4	670.9	1	1
8	4	596.59	1	1
8	4	646.32	1	1
8	4	719.92	1	1
8	4	563.09	1	1
8	4	584.2	1	1
8	4	755.27	1	1
8	4	624.5	1	1
8	4	615.34	1	1
8	4	586.29	1	1
8	4	554.39	1	1
8	4	553.34	1	1
8	4	841.62	1	1
8	4	765.04	1	1
8	4	623.55	1	1
8	4	544.32	1	1
8	4	592.47	1	1
8	4	596.77	1	1
8	4	603.53	1	1
8	4	526.28	1	1
8	4	573.95	1	1
8	4	564.95	1	1
8	4	515.54	1	1
8	4	549.31	1	1
8	4	671.88	1	1
8	4	514.27	1	1
8	4	728.86	1	1
8	4	587.59	1	1
8	4	577.25	1	1
8	4	578.19	1	1
8	4	588.02	1	1
8	4	650	1	1
8	4	621.39	1	1
8	4	624.21	1	1
8	4	585.02	1	1
8	4	557.77	1	1
8	4	591.84	1	1
8	4	1133	1	1
8	4	557.44	1	1
8	4	699.64	1	1
8	4	578.8	1	1
8	4	537.67	1	1
8	4	542.77	1	1
8	4	598.66	1	1
8	4	658.88	1	1
8	4	561.22	1	1
8	4	500.6	1	1
8	4	693.29	1	1
8	4	870.01	1	1
8	4	679.48	1	1
8	4	677.56	1	1
8	4	637.69	1	1
8	4	910.06	1	1
8	4	680.32	1	1
8	4	959.97	1	1
8	4	714.7	1	1
8	4	551.22	1	1
8	4	587.4	1	1
8	4	739.54	1	1
8	4	658.59	1	1
8	4	597.57	1	1
8	4	719.5	1	1
8	4	590.3	1	1
8	4	821.97	1	1
8	4	646.04	1	1
8	4	702.93	1	1
8	4	543.08	1	1
8	4	530.28	1	1
8	4	903.3	1	1
8	4	611.59	1	1
8	4	576.08	1	1
8	4	650.01	1	1
8	4	601.37	1	1
8	4	563.95	1	1
8	4	559.77	1	1
8	4	651.67	1	1
8	4	592.86	1	1
8	4	642.15	1	1
8	4	520.34	1	1
8	4	621.77	1	1
8	4	530.66	1	1
8	4	548.1	1	1
8	4	675.37	1	1
8	4	576.86	1	1
8	4	526.13	1	1
8	4	518.12	1	1
8	4	584.08	1	1
8	4	587.98	1	1
8	4	957.73	1	1
8	4	559.91	1	1
8	4	734.41	1	1
8	4	547.33	1	1
8	4	557.94	1	1
8	4	646.2	1	1
8	4	676.9	1	1
8	4	594.53	1	1
8	4	542.75	1	1
8	4	818.21	1	1
8	4	641.84	1	1
8	4	569.35	1	1
8	4	714.63	1	1
8	4	659.31	1	1
8	4	578.33	1	1
8	4	1155.6	1	1
8	4	721.94	1	1
8	4	630.57	1	1
8	4	826.26	1	1
8	4	581.82	1	1
8	4	637.48	1	1
8	4	531.21	1	1
8	4	835.01	1	1
8	4	591.77	1	1
8	4	601.77	1	1
8	4	888.82	1	1
8	4	602.05	1	1
8	4	602.61	1	1
8	4	564.32	1	1
8	4	476.11	1	1
8	4	658.86	1	1
8	4	551.76	1	1
8	4	513.68	1	1
8	4	609.15	1	1
8	4	724.15	1	1
8	4	657.8	1	1
8	4	650.61	1	1
8	4	660.87	1	1
8	4	845.65	1	1
8	4	874.48	1	1
8	4	552.91	1	1
8	4	615.3	1	1
8	4	997.05	1	1
8	4	793.27	1	1
8	4	700.23	1	1
8	4	511.7	1	1
8	4	545.59	1	1
8	4	543.05	1	1
8	4	529.21	1	1
8	4	570.97	1	1
8	4	570.67	1	1
8	4	537.58	1	1
8	4	634.46	1	1
8	4	541.94	1	1
8	4	767.6	1	1
8	4	1112.6	1	1
8	4	549.47	1	1
8	4	832.56	1	1
8	4	679.7	1	1
8	4	674.11	1	1
8	4	639.46	1	1
8	4	665.16	1	1
8	4	628.9	1	1
8	4	660.38	1	1
8	4	479.34	1	1
8	4	1189.6	1	1
8	4	619.71	1	1
8	4	661.11	1	1
8	4	468.12	1	1
8	4	817.32	1	1
8	4	708.04	1	1
8	4	635.29	1	1
8	4	560.06	1	1
8	4	739.59	1	1
8	4	792.95	1	1
8	4	780.26	1	1
8	4	576.84	1	1
8	4	788.75	1	1
8	4	800.57	1	1
8	4	562.55	1	1
8	4	539.84	1	1
8	4	605.39	1	1
8	4	643.25	1	1
8	4	671.05	1	1
8	4	533.39	1	1
8	4	696.26	1	1
8	4	594.46	1	1
8	4	626.76	1	1
8	4	720.57	1	1
8	4	650.93	1	1
8	4	721.9	1	1
8	4	659.58	1	1
8	4	790.79	1	1
8	4	669.65	1	1
8	4	688.66	1	1
8	4	509.25	1	1
8	4	544.44	1	1
8	4	462.22	0	1
8	4	518.52	1	1
8	4	602.7	1	1
8	4	547.44	1	1
8	4	1044.5	1	1
8	4	620.66	1	1
8	4	967.19	1	1
8	4	558.11	1	1
8	4	617.28	1	1
8	4	551.74	1	1
8	4	560.04	1	1
8	4	503.08	1	1
8	4	510.02	1	1
8	4	790.71	1	1
8	4	555.69	1	1
8	4	506.83	1	1
8	4	612.21	1	1
8	4	603.13	1	1
8	4	565.56	1	1
8	4	748.51	1	1
8	4	1030.8	1	1
8	4	459.83	1	1
8	4	641.32	1	1
8	4	583.62	1	1
8	4	528.86	1	1
8	4	618.27	1	1
8	4	679.89	1	1
8	4	533.75	1	1
8	4	598.52	1	1
8	4	616.61	1	1
8	4	538.71	1	1
8	4	567.57	1	1
8	4	503.93	1	1
8	4	626.05	1	1
8	4	555.01	1	1
8	4	529.67	1	1
8	4	651.78	1	1
8	4	607.06	1	1
8	4	612.69	1	1
8	4	499.53	1	1
8	4	497.04	1	1
8	4	549.39	1	1
8	4	545.25	1	1
8	4	501.08	1	1
8	4	1037	1	1
8	4	514.09	1	1
8	4	1040.9	1	1
8	4	752.03	1	1
8	4	1586.6	0	2
8	4	1164	1	2
8	4	974.62	1	2
8	4	1400.3	1	2
8	4	1130.1	1	2
8	4	1397.3	1	2
8	4	917.93	1	2
8	4	872.11	1	2
8	4	1198.2	1	2
8	4	1041.5	1	2
8	4	1108.1	1	2
8	4	790.06	1	2
8	4	1473	1	2
8	4	757.12	1	2
8	4	1489	1	2
8	4	832.98	1	2
8	4	805.49	1	2
8	4	1017.6	1	2
8	4	910.36	1	2
8	4	942.08	1	2
8	4	1077.2	1	2
8	4	856.95	1	2
8	4	753.37	1	2
8	4	990.5	1	2
8	4	1374.4	1	2
8	4	1068.4	1	2
8	4	664.56	1	2
8	4	892.45	1	2
8	4	901.98	1	2
8	4	1043.6	1	2
8	4	869.81	1	2
8	4	638.96	1	2
8	4	955.27	1	2
8	4	1489.9	1	2
8	4	1515.1	1	2
8	4	1373.9	1	2
8	4	1325.3	1	2
8	4	994.14	1	2
8	4	1239.3	1	2
8	4	1064.1	1	2
8	4	1233.7	1	2
8	4	1020.6	1	2
8	4	1168.2	1	2
8	4	1218.9	1	2
8	4	874.3	1	2
8	4	673.7	1	2
8	4	1521.2	1	2
8	4	1251.9	1	2
8	4	1278.3	1	2
8	4	968.94	1	2
8	4	789.09	1	2
8	4	1398.2	1	2
8	4	851.45	1	2
8	4	1211.8	1	2
8	4	1053.2	1	2
8	4	1089.6	1	2
8	4	810.9	1	2
8	4	1519	1	2
8	4	1212.4	1	2
8	4	1082.6	1	2
8	4	721.42	1	2
8	4	622.71	1	2
8	4	1115.9	1	2
8	4	884.19	1	2
8	4	832.69	1	2
8	4	577.95	1	2
8	4	874.59	1	2
8	4	629.01	1	2
8	4	824.23	1	2
8	4	906.52	1	2
8	4	638.93	1	2
8	4	1222.6	1	2
8	4	961.06	1	2
8	4	648.45	1	2
8	4	582.09	1	2
8	4	649	1	2
8	4	675.08	1	2
8	4	690.82	1	2
8	4	723.78	1	2
8	4	607.47	1	2
8	4	887.3	1	2
8	4	615.9	1	2
8	4	714.45	1	2
8	4	698.58	1	2
8	4	810.06	1	2
8	4	748.67	1	2
8	4	916.33	1	2
8	4	929.45	1	2
8	4	712.82	1	2
8	4	604.59	1	2
8	4	649.29	1	2
8	4	690.62	1	2
8	4	933.88	1	2
8	4	1053.8	1	2
8	4	960.63	1	2
8	4	683.4	1	2
8	4	1043.9	1	2
8	4	832.5	1	2
8	4	1370.6	1	2
8	4	832.74	1	2
8	4	869.78	1	2
8	4	691.95	1	2
8	4	563.09	1	2
8	4	825.68	1	2
8	4	722.94	1	2
8	4	600.77	1	2
8	4	563.85	1	2
8	4	523.8	1	2
8	4	708.12	1	2
8	4	651.66	1	2
8	4	1019.9	1	2
8	4	685.1	1	2
8	4	634.66	1	2
8	4	1215.7	1	2
8	4	980.62	1	2
8	4	942.91	1	2
8	4	583.51	1	2
8	4	657.36	1	2
8	4	555	1	2
8	4	716.91	1	2
8	4	687.43	1	2
8	4	629.45	1	2
8	4	1036.5	1	2
8	4	1039.3	1	2
8	4	753.27	1	2
8	4	730.12	1	2
8	4	516.35	1	2
8	4	584.41	1	2
8	4	992.8	1	2
8	4	619.01	1	2
8	4	588.27	1	2
8	4	534.08	1	2
8	4	695.26	1	2
8	4	633.49	1	2
8	4	568.33	1	2
8	4	513.19	1	2
8	4	1024.5	1	2
8	4	700.2	1	2
8	4	632.58	1	2
8	4	861.94	1	2
8	4	883.96	1	2
8	4	701.87	1	2
8	4	557.54	1	2
8	4	566.62	1	2
8	4	623.81	1	2
8	4	766.33	1	2
8	4	1104.1	1	2
8	4	648.88	1	2
8	4	561.07	1	2
8	4	628.14	1	2
8	4	750.56	1	2
8	4	732.84	1	2
8	4	718.16	1	2
8	4	677.55	1	2
8	4	661.02	1	2
8	4	1038.7	1	2
8	4	615.42	1	2
8	4	772.77	1	2
8	4	555.27	1	2
8	4	797.26	1	2
8	4	640.06	1	2
8	4	567.33	1	2
8	4	586.07	1	2
8	4	615.86	1	2
8	4	596.74	1	2
8	4	792.85	1	2
8	4	572.31	1	2
8	4	587.34	1	2
8	4	589.6	1	2
8	4	653.94	1	2
8	4	798.34	1	2
8	4	590.67	1	2
8	4	533.55	1	2
8	4	725.37	1	2
8	4	1463.3	1	2
8	4	875.12	1	2
8	4	568.11	1	2
8	4	640.81	1	2
8	4	662.19	1	2
8	4	633.73	1	2
8	4	536.73	1	2
8	4	740.82	1	2
8	4	663.89	1	2
8	4	590.33	1	2
8	4	634.27	1	2
8	4	582.54	1	2
8	4	681.68	1	2
8	4	611.14	1	2
8	4	860.63	1	2
8	4	1221.3	1	2
8	4	560.73	1	2
8	4	619.67	1	2
8	4	576.79	1	2
8	4	565.99	1	2
8	4	576.01	1	2
8	4	713.74	1	2
8	4	595.13	1	2
8	4	573.09	1	2
8	4	711.85	1	2
8	4	684.48	1	2
8	4	733.76	1	2
8	4	644.3	1	2
8	4	663.64	1	2
8	4	664.41	1	2
8	4	726.09	1	2
8	4	638.45	1	2
8	4	766.85	1	2
8	4	756.5	1	2
8	4	930.8	1	2
8	4	561.08	1	2
8	4	690.83	1	2
8	4	856.29	1	2
8	4	568.82	1	2
8	4	655.92	1	2
8	4	608.87	1	2
8	4	775.04	1	2
8	4	690.87	1	2
8	4	695.19	1	2
8	4	859.54	1	2
8	4	594.16	1	2
8	4	615.29	1	2
8	4	769.04	1	2
8	4	833.17	1	2
8	4	738.09	1	2
8	4	625.49	1	2
8	4	635.36	1	2
8	4	561.99	1	2
8	4	665.48	1	2
8	4	717.43	1	2
8	4	793.32	1	2
8	4	542.12	1	2
8	4	983.26	1	2
8	4	1005.5	1	2
8	4	544.09	1	2
8	4	576.46	1	2
8	4	530.54	1	2
8	4	722.94	1	2
8	4	877.56	1	2
8	4	590.89	1	2
8	4	1114.6	1	2
8	4	829.6	1	2
8	4	814.17	1	2
8	4	638.08	1	2
8	4	710.37	1	2
8	4	607.56	1	2
8	4	811.82	1	2
8	4	909.9	1	2
8	4	724.19	1	2
8	4	873.26	1	2
8	4	658.09	1	2
8	4	705.2	1	2
8	4	657.71	1	2
8	4	1014.5	1	2
8	4	581.44	1	2
8	4	957.8	1	2
8	4	542.88	1	2
8	4	640.22	1	2
8	4	791.63	1	2
8	4	634.04	1	2
8	4	743.46	1	2
8	4	812.94	1	2
8	4	651.86	1	2
8	4	611.81	1	2
8	4	637.14	1	2
8	4	777.86	1	2
8	4	834.09	1	2
8	4	650.38	1	2
8	4	810.41	1	2
8	4	603.24	1	2
8	4	610.82	1	2
8	4	644.55	0	2
8	4	638.21	1	2
8	4	639.44	1	2
8	4	499.33	1	2
8	4	568.39	1	2
8	4	800.23	1	2
8	4	647.67	1	2
8	4	926.15	1	2
8	4	601.86	1	2
8	4	676.49	1	2
8	4	529.77	1	2
8	4	829.37	1	2
8	4	708.55	1	2
8	4	602.79	1	2
8	4	564.97	1	2
8	4	783.53	1	2
8	4	583.32	1	2
8	4	919.68	1	2
8	4	666.44	1	2
8	4	587.07	1	2
8	4	617.25	1	2
8	4	668.63	1	2
8	4	634.95	1	2
8	4	856.58	1	2
8	4	899.13	1	2
8	4	812.47	1	2
8	4	998.67	1	2
8	4	852.02	1	2
8	4	1073	1	2
8	4	656.26	0	2
8	4	491.52	1	2
8	4	656.25	1	2
8	4	615.57	1	2
8	4	745.59	1	2
8	4	569.64	1	2
8	4	768.13	1	2
8	4	522.3	1	2
8	4	503.85	1	2
8	4	698.85	1	2
8	4	585.38	1	2
8	4	555.8	1	2
8	4	565.18	1	2
8	4	532.09	1	2
8	4	720.71	1	2
8	4	566.17	1	2
8	4	565.56	1	2
8	4	543.82	1	2
8	4	686.56	1	2
8	4	553.72	1	2
8	4	604.66	1	2
8	4	1425.3	1	2
8	4	539.18	1	2
8	4	769.21	1	2
8	4	712.52	0	2
8	4	538.78	1	2
8	4	583.58	1	2
8	4	577.2	1	2
8	4	589.48	1	2
8	4	607.27	1	2
8	4	588.1	1	2
8	4	671.53	1	2
8	4	861.21	1	2
8	4	550.11	1	2
8	4	797.4	1	2
8	4	712.41	1	2
8	4	503.76	1	2
8	4	501.84	1	2
8	4	651.64	1	2
8	4	609.11	1	2
8	4	530.71	1	2
8	4	541.52	1	2
8	4	621.1	1	2
8	4	559.03	1	2
8	4	516.98	1	2
8	4	568.72	1	2
8	4	528.03	1	2
8	4	513.44	1	2
8	4	632.85	1	2
8	4	957.75	1	2
8	4	717.45	1	2
8	4	869.9	1	3
8	4	687.3	1	3
8	4	630.12	1	3
8	4	964.94	1	3
8	4	653.98	1	3
8	4	884.41	1	3
8	4	701.68	1	3
8	4	670.58	1	3
8	4	708.68	1	3
8	4	819.24	1	3
8	4	668.7	1	3
8	4	906	1	3
8	4	989.47	1	3
8	4	1138	1	3
8	4	760.49	1	3
8	4	821.1	1	3
8	4	1467	1	3
8	4	872.23	1	3
8	4	698.5	1	3
8	4	783.65	1	3
8	4	612.59	1	3
8	4	665.31	1	3
8	4	780.02	1	3
8	4	1040.5	1	3
8	4	728.49	1	3
8	4	877.21	1	3
8	4	873.72	1	3
8	4	598.71	1	3
8	4	728.16	1	3
8	4	622.95	1	3
8	4	615.9	1	3
8	4	684.63	1	3
8	4	1992.3	1	3
8	4	1210.2	1	3
8	4	1374.5	1	3
8	4	1422.8	1	3
8	4	1541.1	1	3
8	4	1337.4	1	3
8	4	1317.7	1	3
8	4	766.38	1	3
8	4	850.37	1	3
8	4	1378.2	1	3
8	4	1323.8	1	3
8	4	878.07	1	3
8	4	1110.6	1	3
8	4	735.07	1	3
8	4	1168.6	1	3
8	4	960.49	1	3
8	4	1575.7	1	3
8	4	731.85	1	3
8	4	687.61	1	3
8	4	764.03	1	3
8	4	1504.7	1	3
8	4	1042.5	1	3
8	4	680.39	1	3
8	4	928.01	0	3
8	4	1126.5	1	3
8	4	1460.1	1	3
8	4	880.69	1	3
8	4	1579.8	1	3
8	4	578.04	1	3
8	4	903.51	1	3
8	4	650.9	1	3
8	4	876.53	1	3
8	4	656.04	1	3
8	4	571.37	1	3
8	4	675.56	1	3
8	4	1441.5	1	3
8	4	1191.7	1	3
8	4	652.17	1	3
8	4	599.75	1	3
8	4	920.89	1	3
8	4	644.94	1	3
8	4	878.15	1	3
8	4	669.28	1	3
8	4	743.28	1	3
8	4	695.93	1	3
8	4	717.49	1	3
8	4	726.35	1	3
8	4	826.95	1	3
8	4	601.54	1	3
8	4	765.5	1	3
8	4	619.96	1	3
8	4	822.87	1	3
8	4	1065.2	1	3
8	4	852.53	1	3
8	4	609.89	1	3
8	4	654.05	1	3
8	4	655.36	1	3
8	4	1131.1	1	3
8	4	619.29	1	3
8	4	656.37	1	3
8	4	926.59	1	3
8	4	785.68	1	3
8	4	714.02	1	3
8	4	618.95	1	3
8	4	678.36	1	3
8	4	727.35	1	3
8	4	847.59	1	3
8	4	805.28	1	3
8	4	513.1	1	3
8	4	520.77	1	3
8	4	601.96	1	3
8	4	1065.1	1	3
8	4	665.23	0	3
8	4	654.49	1	3
8	4	528.18	1	3
8	4	596.77	1	3
8	4	632.76	1	3
8	4	627.25	1	3
8	4	647.26	1	3
8	4	766.01	1	3
8	4	692.61	1	3
8	4	698.33	1	3
8	4	742.5	1	3
8	4	689.42	1	3
8	4	949.36	1	3
8	4	599.94	1	3
8	4	648.87	1	3
8	4	818.94	1	3
8	4	659.54	1	3
8	4	853.89	1	3
8	4	503.25	1	3
8	4	938.96	1	3
8	4	571.73	1	3
8	4	621.69	1	3
8	4	947.09	1	3
8	4	835.44	1	3
8	4	558.68	1	3
8	4	701.34	1	3
8	4	598.07	1	3
8	4	818.51	1	3
8	4	707.09	1	3
8	4	723.57	1	3
8	4	662.23	1	3
8	4	649.11	1	3
8	4	560.54	1	3
8	4	639.52	1	3
8	4	508.21	1	3
8	4	619.49	1	3
8	4	853.29	1	3
8	4	794.23	1	3
8	4	477.92	1	3
8	4	604.83	1	3
8	4	563.97	1	3
8	4	679.39	1	3
8	4	723.87	1	3
8	4	568.24	1	3
8	4	621.81	1	3
8	4	603.54	1	3
8	4	649.84	1	3
8	4	543.33	1	3
8	4	547.14	1	3
8	4	594.53	1	3
8	4	625.36	1	3
8	4	622.18	0	3
8	4	594.68	1	3
8	4	647.54	1	3
8	4	1116	1	3
8	4	626.19	1	3
8	4	510.28	1	3
8	4	613.3	1	3
8	4	552.9	1	3
8	4	647.22	1	3
8	4	580	1	3
8	4	526.44	1	3
8	4	553.58	1	3
8	4	528.11	1	3
8	4	614.07	1	3
8	4	546.61	1	3
8	4	642.42	1	3
8	4	974.47	1	3
8	4	606.78	1	3
8	4	578.92	1	3
8	4	571.85	1	3
8	4	564.4	1	3
8	4	621.07	1	3
8	4	559.18	1	3
8	4	918.79	1	3
8	4	1150.1	1	3
8	4	596.29	1	3
8	4	588.6	1	3
8	4	948.38	1	3
8	4	659.48	1	3
8	4	730.35	1	3
8	4	544.09	1	3
8	4	948.84	1	3
8	4	698.12	1	3
8	4	477.55	1	3
8	4	618.45	1	3
8	4	696.08	1	3
8	4	511.41	1	3
8	4	702.59	1	3
8	4	486.94	1	3
8	4	577.44	1	3
8	4	611.06	1	3
8	4	573.04	1	3
8	4	552.54	1	3
8	4	795.99	1	3
8	4	487.39	0	3
8	4	579.47	1	3
8	4	616.88	1	3
8	4	574.24	1	3
8	4	648.67	1	3
8	4	983.7	1	3
8	4	538.94	1	3
8	4	722.59	1	3
8	4	598.46	1	3
8	4	568.17	1	3
8	4	625.18	1	3
8	4	588.49	1	3
8	4	1071.2	1	3
8	4	559.04	1	3
8	4	709.63	1	3
8	4	613.83	1	3
8	4	598.69	1	3
8	4	683.62	1	3
8	4	680.4	1	3
8	4	817.65	1	3
8	4	897.57	1	3
8	4	567.24	1	3
8	4	554.95	1	3
8	4	753.83	1	3
8	4	578.57	1	3
8	4	551.88	1	3
8	4	610.72	1	3
8	4	834.34	1	3
8	4	1148.6	1	3
8	4	514.24	1	3
8	4	652.83	1	3
8	4	626.28	1	3
8	4	699.86	1	3
8	4	606.75	1	3
8	4	554.94	1	3
8	4	556.46	1	3
8	4	845.6	1	3
8	4	627.52	1	3
8	4	544.25	1	3
8	4	522.66	1	3
8	4	884.33	1	3
8	4	728.26	1	3
8	4	674.79	1	3
8	4	595.01	1	3
8	4	763.12	1	3
8	4	663.64	1	3
8	4	620.09	1	3
8	4	729.76	1	3
8	4	919.74	1	3
8	4	567.36	1	3
8	4	693.48	1	3
8	4	635.36	1	3
8	4	734.52	1	3
8	4	528.86	1	3
8	4	566.35	1	3
8	4	476.85	0	3
8	4	698.22	1	3
8	4	589.4	1	3
8	4	714.98	1	3
8	4	546.7	1	3
8	4	509.12	1	3
8	4	527.54	1	3
8	4	742.54	1	3
8	4	630.92	1	3
8	4	577.98	1	3
8	4	736	1	3
8	4	652.56	1	3
8	4	786.53	1	3
8	4	711.86	1	3
8	4	875.78	1	3
8	4	621.56	1	3
8	4	1070.7	1	3
8	4	645.48	1	3
8	4	694.13	1	3
8	4	825.32	1	3
8	4	539.55	1	3
8	4	774.02	1	3
8	4	577.49	1	3
8	4	581.46	1	3
8	4	786.89	1	3
8	4	792.89	1	3
8	4	620.04	1	3
8	4	602.33	1	3
8	4	548.59	0	3
8	4	693.33	1	3
8	4	597.83	1	3
8	4	1014.4	1	3
8	4	691.23	1	3
8	4	680.76	1	3
8	4	638.25	1	3
8	4	680.96	1	3
8	4	527.48	1	3
8	4	1002.7	1	3
8	4	1026.4	1	3
8	4	864.7	1	3
8	4	686.5	1	3
8	4	1098.1	1	3
8	4	1059.2	1	3
8	4	612.46	1	3
8	4	719.8	1	3
8	4	708.96	1	3
8	4	425.2	1	3
8	4	751.47	1	3
8	4	562.93	1	3
8	4	540.81	1	3
8	4	572.23	1	3
8	4	539.63	1	3
8	4	574.51	1	3
8	4	1135.1	0	3
8	4	555.04	1	3
8	4	487.67	1	3
8	4	899.68	1	3
8	4	1071.7	1	3
8	4	879.16	1	3
8	4	587.28	1	3
8	4	516.63	1	3
8	4	587.42	1	3
8	4	538.9	1	3
8	4	498.81	1	3
8	4	559.16	1	3
8	4	553.06	1	3
8	4	629.38	1	3
8	4	604.39	1	3
8	4	555.39	1	3
8	4	596.37	1	3
8	4	500.96	1	3
8	4	680.6	1	3
8	4	649.05	1	3
8	4	1111.3	1	3
8	4	578.98	1	3
8	4	486.46	1	3
8	4	564.84	1	3
8	4	518.83	1	3
8	4	565.18	1	3
8	4	546.8	1	3
8	4	637.22	1	3
8	4	1264.5	1	3
8	4	532.09	1	3
8	4	795.85	1	3
8	4	510.5	1	3
8	4	513.39	1	3
8	4	509.63	1	3
8	4	486.71	1	3
8	4	458.77	1	3
8	4	566.35	1	3
8	4	657.99	1	3
8	4	561.79	1	3
8	4	700.01	1	3
8	4	571.91	1	3
8	4	533.4	1	3
8	4	723	1	3
8	4	1332	1	4
8	4	1256.1	1	4
8	4	1584.8	0	4
8	4	1587.9	1	4
8	4	1676.8	1	4
8	4	1446.6	1	4
8	4	1233.3	1	4
8	4	864.16	1	4
8	4	846.97	1	4
8	4	1629.3	1	4
8	4	881.3	1	4
8	4	1289.5	1	4
8	4	849.09	1	4
8	4	851.88	1	4
8	4	869.77	1	4
8	4	1002.6	1	4
8	4	903.56	1	4
8	4	815.44	1	4
8	4	967.41	1	4
8	4	1441.9	1	4
8	4	780.7	1	4
8	4	1084.4	1	4
8	4	784.47	1	4
8	4	1172.1	1	4
8	4	756.21	1	4
8	4	1000.8	1	4
8	4	899.36	1	4
8	4	677.23	1	4
8	4	1289.3	1	4
8	4	782.99	1	4
8	4	1662.8	1	4
8	4	791.96	1	4
8	4	726.6	1	4
8	4	734.98	1	4
8	4	887.4	1	4
8	4	953.81	1	4
8	4	1394.1	1	4
8	4	1074.7	0	4
8	4	1173.9	1	4
8	4	1071.4	1	4
8	4	1291.3	1	4
8	4	1075.7	1	4
8	4	984.8	1	4
8	4	1096.7	1	4
8	4	1677.3	1	4
8	4	1345.2	1	4
8	4	821.2	1	4
8	4	1177	1	4
8	4	1095.9	1	4
8	4	884.63	1	4
8	4	768.53	1	4
8	4	977.79	0	4
8	4	835.99	1	4
8	4	1679.6	1	4
8	4	1248.1	1	4
8	4	1412.6	1	4
8	4	1376.8	1	4
8	4	1437.9	1	4
8	4	1154	1	4
8	4	1119.1	1	4
8	4	1081.3	1	4
8	4	655.85	1	4
8	4	1253.2	1	4
8	4	757.12	1	4
8	4	1135	1	4
8	4	574.88	1	4
8	4	601.25	1	4
8	4	663.82	1	4
8	4	864.48	1	4
8	4	671.03	1	4
8	4	713.97	1	4
8	4	702.1	1	4
8	4	1100.7	1	4
8	4	650.67	1	4
8	4	678.57	1	4
8	4	1710.9	1	4
8	4	1236.1	1	4
8	4	620.58	1	4
8	4	614.16	1	4
8	4	892.21	1	4
8	4	868.38	1	4
8	4	834.82	1	4
8	4	696.34	1	4
8	4	798.58	1	4
8	4	543.28	1	4
8	4	577.09	1	4
8	4	1074.1	1	4
8	4	907.37	1	4
8	4	648.24	1	4
8	4	696.56	1	4
8	4	671.91	0	4
8	4	679.66	1	4
8	4	1616.9	1	4
8	4	790.17	1	4
8	4	767	1	4
8	4	1268.9	1	4
8	4	569.12	1	4
8	4	1709.1	1	4
8	4	1005.6	1	4
8	4	719.71	1	4
8	4	674.45	1	4
8	4	562.44	1	4
8	4	899.92	1	4
8	4	1131	1	4
8	4	1034.8	1	4
8	4	601.99	1	4
8	4	723.45	1	4
8	4	758.7	1	4
8	4	631.78	1	4
8	4	887.53	1	4
8	4	1209.5	1	4
8	4	1199.6	1	4
8	4	1031.5	1	4
8	4	782.95	1	4
8	4	535.23	1	4
8	4	671.21	1	4
8	4	562.58	1	4
8	4	1037.1	1	4
8	4	1021	1	4
8	4	583.89	1	4
8	4	1441.1	1	4
8	4	883.55	1	4
8	4	682.43	1	4
8	4	698.48	1	4
8	4	1005.3	1	4
8	4	789.73	1	4
8	4	564.12	1	4
8	4	765.7	1	4
8	4	707.84	1	4
8	4	804.22	1	4
8	4	630.31	1	4
8	4	716.65	1	4
8	4	727.11	1	4
8	4	595.15	1	4
8	4	685.35	1	4
8	4	533.37	1	4
8	4	720.59	1	4
8	4	704.02	1	4
8	4	739.7	1	4
8	4	589.92	1	4
8	4	660.15	1	4
8	4	771.86	1	4
8	4	640.46	1	4
8	4	1012.1	1	4
8	4	840.66	1	4
8	4	703.37	1	4
8	4	715.39	1	4
8	4	564.01	1	4
8	4	703.39	1	4
8	4	519.14	1	4
8	4	746.95	1	4
8	4	734.37	1	4
8	4	628.35	1	4
8	4	666.28	1	4
8	4	701.26	1	4
8	4	545.82	1	4
8	4	751.94	1	4
8	4	1051.2	1	4
8	4	620.53	1	4
8	4	686.8	1	4
8	4	549.84	1	4
8	4	640.24	1	4
8	4	703.22	1	4
8	4	1015.2	1	4
8	4	711.74	1	4
8	4	974.03	1	4
8	4	747	1	4
8	4	507.57	0	4
8	4	639.9	1	4
8	4	615.42	1	4
8	4	1147.2	1	4
8	4	1100.9	0	4
8	4	1337.8	0	4
8	4	782.46	1	4
8	4	665.23	1	4
8	4	790.56	1	4
8	4	1062	1	4
8	4	1013.6	1	4
8	4	984.68	1	4
8	4	727.24	1	4
8	4	900.43	1	4
8	4	730.81	1	4
8	4	674.38	1	4
8	4	723.75	1	4
8	4	606.25	1	4
8	4	514.77	1	4
8	4	567.42	1	4
8	4	679.64	1	4
8	4	802.26	1	4
8	4	592.93	1	4
8	4	470.07	1	4
8	4	627.27	1	4
8	4	586.5	1	4
8	4	504.11	1	4
8	4	501.94	1	4
8	4	759.74	1	4
8	4	716.1	1	4
8	4	685.1	1	4
8	4	569.11	1	4
8	4	775.52	1	4
8	4	653.32	1	4
8	4	877.36	1	4
8	4	573.26	1	4
8	4	1375.5	1	4
8	4	599.78	1	4
8	4	707.79	1	4
8	4	946.65	1	4
8	4	812.4	0	4
8	4	1099.7	1	4
8	4	1151.3	1	4
8	4	599.86	1	4
8	4	737.68	0	4
8	4	1155.9	1	4
8	4	890.74	1	4
8	4	773.65	1	4
8	4	560.99	1	4
8	4	659.56	1	4
8	4	827.91	1	4
8	4	679.46	1	4
8	4	856.43	1	4
8	4	841.51	1	4
8	4	759.63	1	4
8	4	894.28	1	4
8	4	816.47	1	4
8	4	807.77	1	4
8	4	701.15	1	4
8	4	575.23	1	4
8	4	631.41	1	4
8	4	759.11	1	4
8	4	639.03	1	4
8	4	832.19	1	4
8	4	665.82	1	4
8	4	605.07	1	4
8	4	555.92	1	4
8	4	589.85	1	4
8	4	704.33	1	4
8	4	717.86	1	4
8	4	752.85	1	4
8	4	861.52	1	4
8	4	618.42	1	4
8	4	1005.6	1	4
8	4	729.96	1	4
8	4	779.46	1	4
8	4	724.12	1	4
8	4	773.89	1	4
8	4	888.59	1	4
8	4	826.87	1	4
8	4	720.23	1	4
8	4	921.25	1	4
8	4	891.22	1	4
8	4	689.23	1	4
8	4	553.53	1	4
8	4	1142.8	1	4
8	4	646.27	1	4
8	4	576.52	1	4
8	4	604.54	1	4
8	4	634.18	1	4
8	4	571.31	1	4
8	4	491.25	1	4
8	4	636.93	1	4
8	4	725.99	1	4
8	4	821.96	1	4
8	4	581.39	1	4
8	4	728.44	1	4
8	4	776.55	1	4
8	4	629.19	1	4
8	4	925.52	1	4
8	4	1094.1	1	4
8	4	911.95	1	4
8	4	612.62	1	4
8	4	768.97	1	4
8	4	893.41	1	4
8	4	684.17	1	4
8	4	646.76	1	4
8	4	1189.8	1	4
8	4	740.79	1	4
8	4	787.68	1	4
8	4	985.89	0	4
8	4	928.48	1	4
8	4	656.17	1	4
8	4	827.06	1	4
8	4	750.44	1	4
8	4	586.11	1	4
8	4	813.28	1	4
8	4	739.78	1	4
8	4	912.84	1	4
8	4	895.62	1	4
8	4	1241.7	1	4
8	4	814.45	1	4
8	4	844.56	1	4
8	4	620.71	1	4
8	4	808.99	1	4
8	4	627.09	1	4
8	4	564.9	1	4
8	4	519.14	1	4
8	4	877.22	1	4
8	4	560.55	0	4
8	4	753.93	1	4
8	4	1160.2	1	4
8	4	664.84	1	4
8	4	568.38	1	4
8	4	554.9	1	4
8	4	705.64	1	4
8	4	1041	1	4
8	4	547.94	1	4
8	4	1202.2	1	4
8	4	691.05	1	4
8	4	553.67	1	4
8	4	579.78	1	4
8	4	545.44	1	4
8	4	536.46	1	4
8	4	608.24	1	4
8	4	595.32	1	4
8	4	544.92	1	4
8	4	707.63	1	4
8	4	583.32	1	4
8	4	538.75	1	4
8	4	515.56	1	4
8	4	967.62	1	4
8	4	512.39	1	4
8	4	817.31	1	4
8	4	521.09	1	4
8	4	514.98	1	4
8	4	647.19	1	4
8	4	750.98	1	4
8	4	766.4	1	4
8	4	598.01	1	4
8	4	827.73	1	4
8	4	545.62	1	4
8	4	691.35	1	4
8	4	633.32	1	4
8	4	637.49	0	4
8	4	615.89	1	4
8	4	597.55	1	4
8	4	515.5	1	4
8	4	606.59	1	4
8	4	654.17	1	4
8	4	605.22	1	4
8	4	737.43	1	4
8	4	613.34	1	4
8	4	872.52	1	4
8	4	566.79	1	4
8	4	598.18	1	4
8	4	893.16	1	4
8	4	504	1	4
8	4	696.03	1	4
8	4	550.69	1	4
8	4	755.94	1	4
8	4	921.26	1	4
8	4	704.6	1	4
8	4	1264.5	1	5
8	4	611.52	1	5
8	4	862.89	1	5
8	4	984.78	1	5
8	4	696.98	1	5
8	4	893.35	1	5
8	4	787.76	1	5
8	4	692.31	1	5
8	4	730.75	1	5
8	4	938.73	1	5
8	4	938.78	1	5
8	4	694.93	1	5
8	4	893.87	1	5
8	4	875.45	1	5
8	4	673.06	1	5
8	4	713.1	1	5
8	4	780.93	1	5
8	4	729.53	1	5
8	4	909.32	1	5
8	4	1296	1	5
8	4	655.7	1	5
8	4	714.96	1	5
8	4	721.16	1	5
8	4	920.86	1	5
8	4	687.67	1	5
8	4	1540.3	1	5
8	4	654.82	1	5
8	4	797.35	1	5
8	4	685.8	1	5
8	4	660.98	1	5
8	4	1318.9	1	5
8	4	806.04	1	5
8	4	913.82	1	5
8	4	834.13	1	5
8	4	861.92	1	5
8	4	889.88	1	5
8	4	1070.6	1	5
8	4	870.15	1	5
8	4	1145.6	1	5
8	4	888.75	1	5
8	4	969.61	1	5
8	4	1281.1	1	5
8	4	841.88	1	5
8	4	931.33	1	5
8	4	1698.2	0	5
8	4	1375.5	1	5
8	4	731.68	1	5
8	4	968.53	1	5
8	4	671.1	1	5
8	4	993.75	1	5
8	4	962.14	1	5
8	4	783.48	1	5
8	4	882.18	1	5
8	4	764.97	1	5
8	4	946.58	1	5
8	4	674.03	1	5
8	4	904.19	1	5
8	4	1067	1	5
8	4	940.14	1	5
8	4	677.72	1	5
8	4	621.14	1	5
8	4	758.99	1	5
8	4	882.9	1	5
8	4	1072.4	1	5
8	4	557.2	1	5
8	4	585.19	0	5
8	4	543.25	1	5
8	4	769.65	1	5
8	4	551.56	1	5
8	4	673.96	1	5
8	4	1744.4	0	5
8	4	691.92	1	5
8	4	858.85	1	5
8	4	637.56	1	5
8	4	1262.5	1	5
8	4	485.9	1	5
8	4	563.91	1	5
8	4	578.36	1	5
8	4	616.75	1	5
8	4	638.28	1	5
8	4	539.43	1	5
8	4	944.42	1	5
8	4	594.16	1	5
8	4	765.28	1	5
8	4	622.95	1	5
8	4	610.79	1	5
8	4	588.47	1	5
8	4	542.23	1	5
8	4	721.48	1	5
8	4	568.74	0	5
8	4	958.29	1	5
8	4	692.05	1	5
8	4	563.94	1	5
8	4	567.99	1	5
8	4	1119.9	1	5
8	4	584.26	1	5
8	4	661.54	1	5
8	4	855.51	1	5
8	4	593.21	1	5
8	4	635.4	1	5
8	4	639.41	1	5
8	4	668.11	1	5
8	4	545.55	1	5
8	4	719.23	1	5
8	4	636.89	1	5
8	4	558.34	1	5
8	4	581.98	1	5
8	4	573.9	1	5
8	4	596.87	1	5
8	4	907.13	0	5
8	4	756.3	1	5
8	4	584.61	1	5
8	4	688.97	1	5
8	4	786.35	1	5
8	4	597.56	1	5
8	4	902.79	1	5
8	4	603.8	1	5
8	4	689.35	1	5
8	4	549.26	1	5
8	4	712.18	0	5
8	4	759.16	1	5
8	4	876.25	1	5
8	4	604.66	1	5
8	4	649.18	1	5
8	4	755.13	1	5
8	4	498.37	1	5
8	4	561.66	1	5
8	4	477.33	1	5
8	4	547.44	1	5
8	4	576.06	1	5
8	4	586.36	1	5
8	4	659.96	1	5
8	4	669.73	1	5
8	4	909.72	1	5
8	4	808.93	1	5
8	4	658.22	1	5
8	4	717.43	1	5
8	4	511.76	1	5
8	4	617.16	1	5
8	4	563.54	1	5
8	4	601.63	1	5
8	4	622.28	0	5
8	4	625.69	1	5
8	4	487.73	1	5
8	4	483.95	1	5
8	4	757.26	1	5
8	4	653.48	1	5
8	4	491.92	1	5
8	4	456.28	1	5
8	4	715.86	1	5
8	4	587.03	1	5
8	4	565.51	1	5
8	4	480.78	1	5
8	4	604.12	1	5
8	4	604.05	1	5
8	4	652.17	1	5
8	4	709.83	1	5
8	4	711.31	1	5
8	4	546.67	1	5
8	4	623.82	1	5
8	4	640.28	1	5
8	4	517.17	1	5
8	4	648.79	1	5
8	4	965.42	1	5
8	4	802.13	1	5
8	4	489.48	1	5
8	4	517.36	1	5
8	4	611.41	1	5
8	4	512.32	1	5
8	4	561.2	1	5
8	4	552.59	1	5
8	4	478.9	1	5
8	4	474.59	1	5
8	4	458	1	5
8	4	1073.6	1	5
8	4	545.66	1	5
8	4	959.71	1	5
8	4	482.55	1	5
8	4	542.94	1	5
8	4	1229.8	0	5
8	4	614.88	1	5
8	4	530.28	1	5
8	4	476.13	1	5
8	4	598.41	1	5
8	4	523.98	1	5
8	4	515.92	1	5
8	4	544.45	1	5
8	4	618.35	1	5
8	4	691.71	1	5
8	4	561.97	1	5
8	4	670.67	1	5
8	4	506.98	1	5
8	4	490.08	1	5
8	4	568.43	1	5
8	4	543.76	1	5
8	4	686.44	0	5
8	4	938.14	1	5
8	4	541.54	1	5
8	4	551.59	1	5
8	4	818.45	1	5
8	4	504.74	1	5
8	4	606.91	1	5
8	4	508.12	1	5
8	4	536.58	1	5
8	4	539.48	1	5
8	4	1044.2	1	5
8	4	712.99	1	5
8	4	677.79	1	5
8	4	701.93	1	5
8	4	649.6	1	5
8	4	491.72	1	5
8	4	936.27	1	5
8	4	691.68	1	5
8	4	881.13	1	5
8	4	766.56	1	5
8	4	573.63	1	5
8	4	651.67	1	5
8	4	552.47	1	5
8	4	654.2	1	5
8	4	587.98	1	5
8	4	520.03	1	5
8	4	1037.7	1	5
8	4	848.98	1	5
8	4	457.42	1	5
8	4	701.64	1	5
8	4	505.38	1	5
8	4	632.29	1	5
8	4	543.6	1	5
8	4	679.99	1	5
8	4	619.18	1	5
8	4	1287.6	1	5
8	4	625.78	1	5
8	4	515.13	1	5
8	4	545.48	1	5
8	4	478.77	1	5
8	4	522.77	1	5
8	4	640.68	0	5
8	4	627.55	1	5
8	4	697.7	1	5
8	4	580.73	1	5
8	4	645.57	1	5
8	4	614.41	1	5
8	4	535.12	1	5
8	4	651.05	1	5
8	4	1417.9	1	5
8	4	1013.4	1	5
8	4	754.79	1	5
8	4	600.51	1	5
8	4	550.14	1	5
8	4	725.97	1	5
8	4	528.1	1	5
8	4	681.72	1	5
8	4	524.7	1	5
8	4	530.39	1	5
8	4	514.33	1	5
8	4	553.33	1	5
8	4	491	1	5
8	4	474.89	1	5
8	4	526.58	1	5
8	4	569.98	1	5
8	4	618.99	1	5
8	4	758.98	1	5
8	4	754.72	1	5
8	4	716.17	1	5
8	4	823.77	1	5
8	4	643.24	1	5
8	4	726.56	1	5
8	4	595.15	1	5
8	4	893.26	1	5
8	4	540.2	1	5
8	4	474.56	1	5
8	4	798.95	1	5
8	4	564.15	1	5
8	4	617.74	1	5
8	4	911.23	1	5
8	4	545.52	1	5
8	4	505.97	1	5
8	4	478.48	1	5
8	4	651.41	1	5
8	4	636.99	1	5
8	4	753.99	1	5
8	4	852.98	1	5
8	4	491	1	5
8	4	529.59	1	5
8	4	571.03	1	5
8	4	556.53	1	5
8	4	698.42	1	5
8	4	545.93	1	5
8	4	667.97	1	5
8	4	579.82	1	5
8	4	1292.2	1	5
8	4	638.25	1	5
8	4	508.14	1	5
8	4	683.38	1	5
8	4	614.93	1	5
8	4	653.15	1	5
8	4	710.67	1	5
8	4	664.19	1	5
8	4	736.11	1	5
8	4	536.51	1	5
8	4	579.81	1	5
8	4	493.72	1	5
8	4	447.67	1	5
8	4	533.67	1	5
8	4	569.97	1	5
8	4	410.54	1	5
8	4	455.75	1	5
8	4	895.15	1	5
8	4	476.56	1	5
8	4	522.71	0	5
8	4	1046.5	1	5
8	4	500.76	1	5
8	4	605.91	1	5
8	4	527.81	1	5
8	4	649.16	1	5
8	4	517.16	1	5
8	4	482.47	1	5
8	4	479.64	1	5
8	4	861.31	1	5
8	4	534.37	1	5
8	4	546.25	0	5
8	4	462.09	1	5
8	4	519.45	1	5
8	4	510	1	5
8	4	528.77	1	5
8	4	529.41	1	5
8	4	524.51	1	5
8	4	581.9	1	5
8	4	587.71	1	5
8	4	503.26	1	5
8	4	716.78	1	5
8	4	537.69	1	5
8	4	473.35	1	5
8	4	569.13	1	5
8	4	416.31	1	5
8	4	664.51	1	5
8	4	726.1	0	5
8	4	447.99	1	5
8	4	420.42	1	5
8	4	690.35	1	5
8	4	478.1	1	5
8	4	496.37	1	5
8	4	485.67	1	5
8	4	451.78	1	5
8	4	710.17	1	5
8	4	621.3	1	5
8	4	661.2	1	5
8	4	819.81	1	5
8	4	612	1	5
8	4	778.4	1	6
8	4	1093.9	1	6
8	4	1001.7	1	6
8	4	642.67	1	6
8	4	836.16	1	6
8	4	776.22	1	6
8	4	985.45	1	6
8	4	732.34	1	6
8	4	779.4	1	6
8	4	1095.7	1	6
8	4	1184.7	1	6
8	4	951.85	1	6
8	4	684.16	1	6
8	4	650.93	1	6
8	4	681.59	1	6
8	4	630.48	1	6
8	4	1145.5	1	6
8	4	634.1	1	6
8	4	639.6	1	6
8	4	683.49	1	6
8	4	1912.5	1	6
8	4	1164.8	1	6
8	4	1654.9	1	6
8	4	650.5	1	6
8	4	963.79	1	6
8	4	624.87	1	6
8	4	790.06	1	6
8	4	695.18	1	6
8	4	722.42	1	6
8	4	669.37	1	6
8	4	755.21	1	6
8	4	1282.9	1	6
8	4	760.93	1	6
8	4	612.7	0	6
8	4	870.67	1	6
8	4	954.8	1	6
8	4	1246.9	1	6
8	4	1080.7	1	6
8	4	1062.9	1	6
8	4	973.73	1	6
8	4	1999.7	1	6
8	4	959.81	1	6
8	4	893.36	1	6
8	4	1056	1	6
8	4	655.45	1	6
8	4	648.92	1	6
8	4	717.39	1	6
8	4	916.91	1	6
8	4	674.67	1	6
8	4	750.26	1	6
8	4	689.38	1	6
8	4	591.48	1	6
8	4	740.62	1	6
8	4	517.97	1	6
8	4	714.31	1	6
8	4	940.92	1	6
8	4	693.17	1	6
8	4	907.39	1	6
8	4	1004	1	6
8	4	1119.7	1	6
8	4	607.22	1	6
8	4	1253.4	1	6
8	4	654.93	1	6
8	4	601.63	1	6
8	4	653.28	0	6
8	4	524.05	1	6
8	4	1778.5	1	6
8	4	506.89	1	6
8	4	560.74	1	6
8	4	629.89	1	6
8	4	563.61	1	6
8	4	780.02	1	6
8	4	1174.3	1	6
8	4	805.09	1	6
8	4	507.49	1	6
8	4	663.82	1	6
8	4	565.45	1	6
8	4	741.47	1	6
8	4	810.57	1	6
8	4	689.58	1	6
8	4	686.09	1	6
8	4	742.39	1	6
8	4	532.12	1	6
8	4	600.38	1	6
8	4	594.91	1	6
8	4	711.07	1	6
8	4	653.63	1	6
8	4	620.86	1	6
8	4	604.59	1	6
8	4	733.89	1	6
8	4	759.67	1	6
8	4	985.16	1	6
8	4	869.19	1	6
8	4	711.43	1	6
8	4	1071.3	1	6
8	4	652.19	1	6
8	4	1423.5	0	6
8	4	634.12	1	6
8	4	540	1	6
8	4	823.1	1	6
8	4	678.64	1	6
8	4	564.03	1	6
8	4	480.07	1	6
8	4	450.09	1	6
8	4	475.13	1	6
8	4	563.66	1	6
8	4	707.55	1	6
8	4	572.54	1	6
8	4	666.21	1	6
8	4	568.74	1	6
8	4	675.5	1	6
8	4	610.41	1	6
8	4	690.91	1	6
8	4	899.27	1	6
8	4	625.81	1	6
8	4	584.03	1	6
8	4	796.42	1	6
8	4	555.02	1	6
8	4	579.19	1	6
8	4	506.78	1	6
8	4	1132.4	1	6
8	4	588.04	1	6
8	4	694.8	1	6
8	4	764.69	1	6
8	4	530.8	1	6
8	4	513.47	1	6
8	4	516.73	1	6
8	4	565.33	1	6
8	4	655.42	1	6
8	4	542.3	1	6
8	4	735.23	1	6
8	4	674.25	1	6
8	4	561.22	1	6
8	4	616	1	6
8	4	791.28	1	6
8	4	668.8	1	6
8	4	551.5	1	6
8	4	555.69	1	6
8	4	851.87	1	6
8	4	695.57	1	6
8	4	515.2	1	6
8	4	487.16	1	6
8	4	494.97	1	6
8	4	633.13	1	6
8	4	511.92	1	6
8	4	488.39	1	6
8	4	487.56	1	6
8	4	693.71	1	6
8	4	677.21	1	6
8	4	494.96	1	6
8	4	422.7	0	6
8	4	571.03	1	6
8	4	851.24	1	6
8	4	648.32	1	6
8	4	513.45	1	6
8	4	560.92	1	6
8	4	471.72	1	6
8	4	847.83	1	6
8	4	455.1	1	6
8	4	518.18	1	6
8	4	505.08	1	6
8	4	532.32	1	6
8	4	761.28	1	6
8	4	1243.3	1	6
8	4	591.44	1	6
8	4	686.15	1	6
8	4	428.32	1	6
8	4	492.44	1	6
8	4	611.35	1	6
8	4	557.51	0	6
8	4	594.18	1	6
8	4	1216.2	1	6
8	4	555.97	1	6
8	4	532.7	1	6
8	4	1055	1	6
8	4	426.93	1	6
8	4	619.04	1	6
8	4	510.11	1	6
8	4	504.1	1	6
8	4	549.99	1	6
8	4	539.7	1	6
8	4	535.34	1	6
8	4	579.07	1	6
8	4	579.58	1	6
8	4	468.35	1	6
8	4	511.8	1	6
8	4	501.89	1	6
8	4	569.68	1	6
8	4	803.07	1	6
8	4	566.71	1	6
8	4	564.12	1	6
8	4	481.71	1	6
8	4	580.12	1	6
8	4	656.06	1	6
8	4	568.48	1	6
8	4	494.61	1	6
8	4	696.57	1	6
8	4	544.23	1	6
8	4	594.89	1	6
8	4	495.51	1	6
8	4	807.08	1	6
8	4	464.82	1	6
8	4	512.3	1	6
8	4	491.31	1	6
8	4	508.42	1	6
8	4	752.87	1	6
8	4	614.71	1	6
8	4	480.96	1	6
8	4	1077	0	6
8	4	827.38	1	6
8	4	822.53	1	6
8	4	1362.3	1	6
8	4	510.79	1	6
8	4	653.14	1	6
8	4	607.17	1	6
8	4	560.45	1	6
8	4	602.54	1	6
8	4	660.76	1	6
8	4	479.99	1	6
8	4	636.45	1	6
8	4	711.03	1	6
8	4	618.07	1	6
8	4	1148.4	1	6
8	4	589.42	1	6
8	4	600.41	1	6
8	4	498.23	1	6
8	4	525.33	1	6
8	4	622.95	1	6
8	4	633.7	1	6
8	4	558.9	1	6
8	4	681.78	1	6
8	4	530.27	1	6
8	4	590.41	1	6
8	4	535.82	1	6
8	4	618.87	1	6
8	4	668.31	1	6
8	4	609.25	1	6
8	4	546.09	1	6
8	4	643.96	1	6
8	4	587.55	1	6
8	4	531.11	1	6
8	4	641.65	1	6
8	4	572.87	1	6
8	4	1111.3	1	6
8	4	559.01	1	6
8	4	665.85	1	6
8	4	455.14	1	6
8	4	639.11	1	6
8	4	979.71	1	6
8	4	898.96	1	6
8	4	867.3	1	6
8	4	510.92	1	6
8	4	572.02	1	6
8	4	622.88	1	6
8	4	625.84	1	6
8	4	674.16	1	6
8	4	769.95	1	6
8	4	516.6	1	6
8	4	684.52	0	6
8	4	751.11	1	6
8	4	525.38	1	6
8	4	509.24	1	6
8	4	902.73	1	6
8	4	742.1	1	6
8	4	508.74	1	6
8	4	522.45	1	6
8	4	573.02	0	6
8	4	597.35	1	6
8	4	481.41	1	6
8	4	506.56	1	6
8	4	480.82	0	6
8	4	592.91	1	6
8	4	551.52	1	6
8	4	653.6	1	6
8	4	723.58	1	6
8	4	550.7	1	6
8	4	581.83	1	6
8	4	658.38	1	6
8	4	642.38	1	6
8	4	616.31	1	6
8	4	652.38	1	6
8	4	537.33	1	6
8	4	465.28	1	6
8	4	640.75	1	6
8	4	647.38	1	6
8	4	532.93	1	6
8	4	873	1	6
8	4	636.84	1	6
8	4	460.56	1	6
8	4	811.95	1	6
8	4	543.63	1	6
8	4	642.03	1	6
8	4	624.35	1	6
8	4	729.23	1	6
8	4	541.57	1	6
8	4	836.06	1	6
8	4	763.04	1	6
8	4	647.24	1	6
8	4	556.93	1	6
8	4	594.77	1	6
8	4	455.9	1	6
8	4	539.46	1	6
8	4	529.43	1	6
8	4	466.85	1	6
8	4	502.62	1	6
8	4	638.24	1	6
8	4	550.75	1	6
8	4	516.95	1	6
8	4	469.87	1	6
8	4	384.83	1	6
8	4	410.53	1	6
8	4	537.15	1	6
8	4	467.67	1	6
8	4	573.11	1	6
8	4	492.44	1	6
8	4	1024.7	1	6
8	4	500.49	1	6
8	4	648.14	1	6
8	4	667.38	1	6
8	4	516.19	1	6
8	4	766.6	1	6
8	4	654.15	1	6
8	4	496.33	1	6
8	4	480	1	6
8	4	435.19	1	6
8	4	464.37	1	6
8	4	608.93	1	6
8	4	597.6	1	6
8	4	643.43	1	6
8	4	550.91	1	6
8	4	497.95	1	6
8	4	574.44	1	6
8	4	444.34	1	6
8	4	545.25	1	6
8	4	458.54	1	6
8	4	502.89	1	6
8	4	572.01	1	6
8	4	438.77	1	6
8	4	517.56	1	6
8	4	574.27	1	6
8	4	404.2	1	6
8	4	452.25	1	6
8	4	480.34	1	6
8	4	443.58	1	6
8	4	573.5	1	6
8	4	560.18	1	6
8	4	806.49	1	6
8	4	664.06	1	6
8	4	541.96	1	6
8	4	582.15	1	6
8	4	976.38	1	7
8	4	1480.3	1	7
8	4	879.76	1	7
8	4	858.26	1	7
8	4	1076.3	1	7
8	4	1823.4	1	7
8	4	968.33	1	7
8	4	806.13	1	7
8	4	1789.2	1	7
8	4	2035.3	0	7
8	4	885.69	1	7
8	4	818.18	1	7
8	4	1120	1	7
8	4	829.06	1	7
8	4	808.57	1	7
8	4	685.92	1	7
8	4	1062.8	1	7
8	4	1007.3	1	7
8	4	705.99	1	7
8	4	1227.3	1	7
8	4	735.57	1	7
8	4	816.58	1	7
8	4	754.78	1	7
8	4	673.06	1	7
8	4	863.58	1	7
8	4	1006.4	1	7
8	4	847.84	1	7
8	4	668.55	1	7
8	4	646.07	1	7
8	4	691.29	1	7
8	4	923.81	1	7
8	4	874.64	1	7
8	4	727.24	1	7
8	4	872.85	1	7
8	4	777.72	1	7
8	4	961.9	1	7
8	4	715.88	1	7
8	4	697.86	1	7
8	4	730.22	1	7
8	4	669.67	1	7
8	4	742.05	1	7
8	4	732.61	1	7
8	4	846.68	1	7
8	4	865.27	1	7
8	4	772.94	1	7
8	4	749.45	1	7
8	4	668.64	1	7
8	4	841.18	1	7
8	4	1032	1	7
8	4	993.71	1	7
8	4	938.91	1	7
8	4	613.28	1	7
8	4	754.23	1	7
8	4	615.69	1	7
8	4	870.3	1	7
8	4	1190.8	1	7
8	4	982.08	1	7
8	4	952.04	1	7
8	4	626.32	1	7
8	4	626.1	1	7
8	4	961.75	1	7
8	4	837.69	1	7
8	4	806.89	1	7
8	4	586.02	1	7
8	4	538.66	1	7
8	4	707.77	1	7
8	4	734.86	1	7
8	4	479.91	1	7
8	4	772.95	1	7
8	4	1094.2	1	7
8	4	615.35	1	7
8	4	742.15	1	7
8	4	740.69	1	7
8	4	596.82	1	7
8	4	712.37	1	7
8	4	1049.7	1	7
8	4	533.94	1	7
8	4	719.08	1	7
8	4	614.67	1	7
8	4	719.65	1	7
8	4	478.01	1	7
8	4	584.2	1	7
8	4	600.2	1	7
8	4	781.7	1	7
8	4	891.69	1	7
8	4	1225.7	1	7
8	4	928.13	1	7
8	4	517.3	1	7
8	4	598.81	1	7
8	4	421.88	1	7
8	4	550.94	1	7
8	4	1014.6	1	7
8	4	491.77	1	7
8	4	779.58	1	7
8	4	541.54	1	7
8	4	569.19	1	7
8	4	563.89	1	7
8	4	547.32	1	7
8	4	976.42	1	7
8	4	497.21	1	7
8	4	637.2	1	7
8	4	562.86	1	7
8	4	512.07	0	7
8	4	621.86	1	7
8	4	817.96	1	7
8	4	804.74	1	7
8	4	676.22	1	7
8	4	565.36	1	7
8	4	878.34	1	7
8	4	902.58	1	7
8	4	1223.5	1	7
8	4	1136.1	1	7
8	4	810.27	1	7
8	4	589.79	1	7
8	4	620.23	1	7
8	4	649.36	1	7
8	4	769.46	1	7
8	4	629.27	1	7
8	4	651.44	1	7
8	4	856.42	1	7
8	4	514.65	1	7
8	4	911.97	1	7
8	4	562.75	1	7
8	4	455.33	1	7
8	4	473.71	1	7
8	4	548.87	1	7
8	4	513.37	1	7
8	4	497.39	1	7
8	4	530.79	1	7
8	4	684.74	1	7
8	4	645.94	1	7
8	4	758.11	1	7
8	4	495.74	1	7
8	4	627.57	1	7
8	4	525.44	1	7
8	4	447.52	1	7
8	4	621.99	1	7
8	4	615.47	1	7
8	4	556.48	1	7
8	4	623.55	1	7
8	4	464.17	1	7
8	4	569.06	1	7
8	4	518.71	1	7
8	4	554.96	1	7
8	4	701.61	1	7
8	4	488.91	1	7
8	4	553.17	1	7
8	4	474.34	1	7
8	4	509.87	1	7
8	4	490.43	1	7
8	4	607.67	1	7
8	4	520.73	1	7
8	4	506.88	1	7
8	4	439.08	1	7
8	4	506.03	1	7
8	4	546.42	1	7
8	4	608.98	1	7
8	4	487.65	1	7
8	4	524.1	1	7
8	4	692.31	1	7
8	4	584.71	1	7
8	4	622.13	1	7
8	4	547.85	1	7
8	4	721.6	1	7
8	4	573.18	1	7
8	4	499.37	1	7
8	4	411.66	1	7
8	4	488.23	1	7
8	4	577.31	1	7
8	4	710.52	1	7
8	4	526.28	1	7
8	4	553.95	1	7
8	4	500.02	1	7
8	4	599.34	1	7
8	4	626.76	1	7
8	4	594.17	1	7
8	4	462.51	1	7
8	4	451.04	1	7
8	4	619.81	1	7
8	4	515.69	1	7
8	4	459.68	1	7
8	4	539.96	1	7
8	4	574.27	1	7
8	4	471.05	1	7
8	4	531.12	1	7
8	4	515.83	1	7
8	4	566.41	1	7
8	4	481.41	1	7
8	4	616.6	1	7
8	4	758.15	1	7
8	4	475.8	1	7
8	4	454.33	1	7
8	4	491.77	1	7
8	4	728.2	1	7
8	4	602.69	1	7
8	4	550.05	1	7
8	4	561.46	1	7
8	4	464.18	1	7
8	4	462.03	1	7
8	4	437.61	1	7
8	4	450.34	1	7
8	4	605.41	1	7
8	4	989.9	1	7
8	4	421.25	1	7
8	4	395.17	1	7
8	4	491.28	1	7
8	4	641.22	1	7
8	4	644.86	1	7
8	4	623.64	1	7
8	4	505.78	1	7
8	4	444.81	1	7
8	4	437.81	1	7
8	4	559.34	1	7
8	4	797.78	1	7
8	4	657.4	1	7
8	4	629.07	1	7
8	4	730.63	1	7
8	4	478.19	1	7
8	4	890.55	1	7
8	4	629.02	1	7
8	4	504.59	1	7
8	4	1083.5	1	7
8	4	1009.5	1	7
8	4	594.7	1	7
8	4	663.78	1	7
8	4	1017.9	1	7
8	4	455.1	1	7
8	4	469.96	1	7
8	4	481.93	1	7
8	4	991.69	1	7
8	4	721.9	1	7
8	4	654.46	1	7
8	4	558.17	1	7
8	4	525.43	1	7
8	4	477.99	1	7
8	4	521.16	1	7
8	4	509.63	1	7
8	4	936.02	1	7
8	4	497	1	7
8	4	481.5	1	7
8	4	516.87	1	7
8	4	820.34	1	7
8	4	908.97	1	7
8	4	620.06	1	7
8	4	604	1	7
8	4	609.78	1	7
8	4	615.43	1	7
8	4	484.52	1	7
8	4	935.96	1	7
8	4	562.08	1	7
8	4	478.96	1	7
8	4	561.02	1	7
8	4	431.14	1	7
8	4	522.71	1	7
8	4	549.91	1	7
8	4	484.69	1	7
8	4	585.91	1	7
8	4	430.08	1	7
8	4	543.41	1	7
8	4	704.69	1	7
8	4	552.39	1	7
8	4	452.86	1	7
8	4	698.13	1	7
8	4	504.65	1	7
8	4	576.84	1	7
8	4	652.04	1	7
8	4	438.33	1	7
8	4	476.24	1	7
8	4	452.45	1	7
8	4	466.73	1	7
8	4	563.13	1	7
8	4	660.18	1	7
8	4	521.43	1	7
8	4	629.76	1	7
8	4	660.99	1	7
8	4	595.34	1	7
8	4	558.63	1	7
8	4	947.49	1	7
8	4	1055	1	7
8	4	528.08	1	7
8	4	528.71	1	7
8	4	722.52	1	7
8	4	687.68	1	7
8	4	411.56	1	7
8	4	637.63	1	7
8	4	516.59	1	7
8	4	476.02	1	7
8	4	629.91	1	7
8	4	447.21	1	7
8	4	488.89	1	7
8	4	494.71	1	7
8	4	512.66	1	7
8	4	894.06	1	7
8	4	518.72	1	7
8	4	561.79	1	7
8	4	811.42	1	7
8	4	477.72	1	7
8	4	414.19	1	7
8	4	752.45	1	7
8	4	395.17	1	7
8	4	436.31	1	7
8	4	516.54	1	7
8	4	400.79	1	7
8	4	472.71	1	7
8	4	512.67	1	7
8	4	1104.1	1	7
8	4	435.86	1	7
8	4	519.49	1	7
8	4	583.48	1	7
8	4	555.65	1	7
8	4	536.18	1	7
8	4	627.04	1	7
8	4	638.43	1	7
8	4	478.12	1	7
8	4	456.62	1	7
8	4	429.27	1	7
8	4	600.22	1	7
8	4	840.89	1	7
8	4	457.09	1	7
8	4	523.37	1	7
8	4	428.98	1	7
8	4	514.83	1	7
8	4	968.56	1	7
8	4	496.52	1	7
8	4	524.19	1	7
8	4	609.49	1	7
8	4	709.62	1	7
8	4	672.97	1	7
8	4	571.96	1	7
8	4	512.22	1	7
8	4	432.27	1	7
8	4	406.36	1	7
8	4	397.83	1	7
8	4	770.79	1	7
8	4	424.93	1	7
8	4	434.28	1	7
8	4	526.24	1	7
8	4	540.27	1	7
8	4	468.44	1	7
8	4	474.03	1	7
8	4	482.68	1	7
8	4	427.06	1	7
8	4	584.24	1	7
8	4	454.99	1	7
8	4	432.2	1	7
8	4	464.13	1	7
8	4	420.57	1	7
8	4	525.66	1	7
8	4	1208.6	1	7
8	4	1214	1	8
8	4	1107.2	1	8
8	4	2206.8	1	8
8	4	1258.7	1	8
8	4	1015.9	1	8
8	4	1303.3	0	8
8	4	1977.4	1	8
8	4	1161.7	1	8
8	4	788.42	1	8
8	4	1135.1	1	8
8	4	1199.3	1	8
8	4	873.49	1	8
8	4	959.86	1	8
8	4	975.41	1	8
8	4	1120.7	1	8
8	4	1018.9	1	8
8	4	887.68	1	8
8	4	1500.2	1	8
8	4	989.13	1	8
8	4	899.65	1	8
8	4	1034.6	1	8
8	4	943.51	1	8
8	4	999.88	1	8
8	4	779.72	1	8
8	4	716.6	1	8
8	4	782.3	1	8
8	4	853.24	1	8
8	4	796.19	1	8
8	4	971.2	1	8
8	4	1226.4	1	8
8	4	714.44	1	8
8	4	570.41	1	8
8	4	961.96	1	8
8	4	909.47	1	8
8	4	842.07	1	8
8	4	819.95	1	8
8	4	767.69	1	8
8	4	600.31	1	8
8	4	996.29	1	8
8	4	939.01	1	8
8	4	818.61	1	8
8	4	665.57	1	8
8	4	835.9	1	8
8	4	611.07	1	8
8	4	631.38	1	8
8	4	1001.3	1	8
8	4	726.17	1	8
8	4	656.3	1	8
8	4	642.78	1	8
8	4	566.87	1	8
8	4	591.57	1	8
8	4	908.72	1	8
8	4	724.35	1	8
8	4	1049.7	1	8
8	4	688.76	1	8
8	4	1503.9	1	8
8	4	828.78	1	8
8	4	683.11	1	8
8	4	697.54	1	8
8	4	769.18	1	8
8	4	802.05	1	8
8	4	994.35	1	8
8	4	758.53	1	8
8	4	596.23	1	8
8	4	1473.6	1	8
8	4	1092	1	8
8	4	531.89	1	8
8	4	606.07	1	8
8	4	641.76	1	8
8	4	1212	1	8
8	4	552.81	1	8
8	4	575.89	1	8
8	4	573.5	1	8
8	4	545.88	1	8
8	4	594.79	1	8
8	4	675.42	1	8
8	4	642.61	1	8
8	4	785.56	1	8
8	4	1073	1	8
8	4	670.28	1	8
8	4	641.03	1	8
8	4	550.44	1	8
8	4	652.91	1	8
8	4	540.29	1	8
8	4	593.2	1	8
8	4	614.82	1	8
8	4	572.09	1	8
8	4	1014.6	1	8
8	4	619.63	1	8
8	4	863.52	1	8
8	4	598.8	1	8
8	4	634.9	1	8
8	4	1012.5	1	8
8	4	653.68	1	8
8	4	932.64	1	8
8	4	720.3	1	8
8	4	721.63	1	8
8	4	607.81	1	8
8	4	1185.4	1	8
8	4	945.67	1	8
8	4	463.51	1	8
8	4	679.34	1	8
8	4	676.52	1	8
8	4	573.23	1	8
8	4	647.55	1	8
8	4	484.98	1	8
8	4	584.7	1	8
8	4	541.16	1	8
8	4	524.31	1	8
8	4	557.99	1	8
8	4	551.39	1	8
8	4	1136	1	8
8	4	542.64	1	8
8	4	650.51	1	8
8	4	762.57	1	8
8	4	901.67	1	8
8	4	512.44	1	8
8	4	555.02	1	8
8	4	855	1	8
8	4	713.12	1	8
8	4	536.25	1	8
8	4	524.8	1	8
8	4	671.3	1	8
8	4	599.09	1	8
8	4	648.65	1	8
8	4	606.45	1	8
8	4	561.02	1	8
8	4	576.66	1	8
8	4	574.25	1	8
8	4	578.48	1	8
8	4	477.87	1	8
8	4	549.9	1	8
8	4	572.73	1	8
8	4	497.33	1	8
8	4	498.57	1	8
8	4	483.51	1	8
8	4	515.19	1	8
8	4	513.96	1	8
8	4	476.2	1	8
8	4	552.19	1	8
8	4	486.61	1	8
8	4	545.47	1	8
8	4	614.07	1	8
8	4	430.82	1	8
8	4	486.92	1	8
8	4	957.32	1	8
8	4	564.32	1	8
8	4	643.95	1	8
8	4	443.74	1	8
8	4	411.13	1	8
8	4	504.57	1	8
8	4	461.14	1	8
8	4	455.14	1	8
8	4	440.91	1	8
8	4	527.81	1	8
8	4	1056.2	1	8
8	4	586.85	1	8
8	4	899.26	1	8
8	4	581.03	1	8
8	4	589.84	1	8
8	4	541	1	8
8	4	1270.2	1	8
8	4	535.64	1	8
8	4	675.64	1	8
8	4	548.32	1	8
8	4	518.37	1	8
8	4	446.33	1	8
8	4	420.47	1	8
8	4	404.22	1	8
8	4	506.51	1	8
8	4	597.48	1	8
8	4	633.06	1	8
8	4	585.56	1	8
8	4	561.27	1	8
8	4	525.84	1	8
8	4	529.29	1	8
8	4	573.95	1	8
8	4	817.76	1	8
8	4	474.51	1	8
8	4	441.76	1	8
8	4	480.22	1	8
8	4	470.7	1	8
8	4	1248.9	1	8
8	4	462.96	1	8
8	4	1033.4	1	8
8	4	470.15	1	8
8	4	572.66	1	8
8	4	493.1	1	8
8	4	611.14	1	8
8	4	485.05	1	8
8	4	493.7	1	8
8	4	507.21	1	8
8	4	464.25	1	8
8	4	487.75	1	8
8	4	567.44	1	8
8	4	526.97	1	8
8	4	562.51	1	8
8	4	463.96	1	8
8	4	399.12	1	8
8	4	521.55	1	8
8	4	481.59	1	8
8	4	607.43	1	8
8	4	522.01	1	8
8	4	473.08	1	8
8	4	495.67	1	8
8	4	646.95	1	8
8	4	597.81	1	8
8	4	584.33	1	8
8	4	550.32	1	8
8	4	836.7	1	8
8	4	672.13	1	8
8	4	689.44	1	8
8	4	577.44	1	8
8	4	766.79	1	8
8	4	732.96	1	8
8	4	780.53	1	8
8	4	438.65	1	8
8	4	497.77	1	8
8	4	555.97	1	8
8	4	760.45	1	8
8	4	638.81	1	8
8	4	912.44	1	8
8	4	717.78	1	8
8	4	722.96	1	8
8	4	563.89	1	8
8	4	739	1	8
8	4	632.14	1	8
8	4	484.43	1	8
8	4	649.18	1	8
8	4	530.47	1	8
8	4	522.49	1	8
8	4	958.82	0	8
8	4	494.51	1	8
8	4	566.01	1	8
8	4	498.71	1	8
8	4	607.46	1	8
8	4	621.11	1	8
8	4	707.5	1	8
8	4	450.19	1	8
8	4	786.7	1	8
8	4	462.73	1	8
8	4	501.38	1	8
8	4	497.9	1	8
8	4	568.57	1	8
8	4	899.73	1	8
8	4	563.59	1	8
8	4	812.29	1	8
8	4	562.99	1	8
8	4	619.46	1	8
8	4	586.41	1	8
8	4	505.29	1	8
8	4	503.12	1	8
8	4	515.2	1	8
8	4	506.21	1	8
8	4	855.47	1	8
8	4	457.47	1	8
8	4	524.32	1	8
8	4	462.05	1	8
8	4	476.51	1	8
8	4	645.04	1	8
8	4	522.28	1	8
8	4	466.56	1	8
8	4	589.51	1	8
8	4	834.9	1	8
8	4	597.78	1	8
8	4	462.21	1	8
8	4	484.28	1	8
8	4	631.86	1	8
8	4	881.39	1	8
8	4	957.57	1	8
8	4	547.44	1	8
8	4	604.5	1	8
8	4	982.19	1	8
8	4	521.82	1	8
8	4	958.32	1	8
8	4	504.12	1	8
8	4	445.92	1	8
8	4	460.04	1	8
8	4	805.53	1	8
8	4	602.97	1	8
8	4	523.23	1	8
8	4	550.66	1	8
8	4	543.08	1	8
8	4	505.7	1	8
8	4	600.97	1	8
8	4	642.15	1	8
8	4	522.74	1	8
8	4	647.72	1	8
8	4	612.07	1	8
8	4	792.59	1	8
8	4	410.24	1	8
8	4	463.63	1	8
8	4	536.61	1	8
8	4	675.45	1	8
8	4	485.19	1	8
8	4	530.04	1	8
8	4	929.68	1	8
8	4	530.28	1	8
8	4	542.65	1	8
8	4	415.82	1	8
8	4	469.68	1	8
8	4	532.72	1	8
8	4	459.43	1	8
8	4	448.13	1	8
8	4	620.73	1	8
8	4	600.77	1	8
8	4	887.21	1	8
8	4	492.49	1	8
8	4	571.41	1	8
8	4	523.14	1	8
8	4	409.17	1	8
8	4	487.67	1	8
8	4	533.91	1	8
8	4	504.94	1	8
8	4	492.61	1	8
8	4	629.97	1	8
8	4	533.12	1	8
8	4	746.85	1	8
8	4	498.82	1	8
8	4	822.68	1	8
8	4	440.12	1	8
8	4	460.54	1	8
8	4	567.12	1	8
8	4	476.67	1	8
8	4	495.92	1	8
8	4	641.38	1	8
8	4	492.27	1	8
8	4	475.81	1	8
8	4	446.2	1	8
8	4	442.2	1	8
8	4	397.19	1	8
8	4	450.45	1	8
8	4	506.86	1	8
8	4	547.04	1	8
8	4	404.72	1	8
8	4	449.61	1	8
8	4	548.56	1	8
8	4	448.08	1	8
8	4	492.07	1	8
8	4	524.55	1	8
8	4	475.25	1	8
8	4	419.83	1	8
8	4	471.62	1	8
8	4	442.52	1	8
8	4	414.44	1	8
8	4	822.85	1	8
8	4	831.29	1	8
8	4	374.18	1	8
8	4	496.36	1	8
8	4	680.65	1	9
8	4	566.77	1	9
8	4	649.14	1	9
8	4	1157.4	1	9
8	4	789.59	1	9
8	4	844.7	1	9
8	4	693.79	1	9
8	4	1117.8	1	9
8	4	1037.2	1	9
8	4	915.8	1	9
8	4	1242.1	1	9
8	4	703.48	1	9
8	4	808.29	1	9
8	4	654.35	1	9
8	4	981.76	1	9
8	4	572.03	1	9
8	4	771.98	1	9
8	4	647.18	1	9
8	4	905.8	1	9
8	4	829.47	1	9
8	4	708.5	1	9
8	4	668.73	1	9
8	4	752.21	1	9
8	4	654.4	1	9
8	4	684.03	1	9
8	4	666.46	1	9
8	4	791.21	1	9
8	4	628.87	1	9
8	4	706.23	1	9
8	4	634.55	1	9
8	4	1085.1	1	9
8	4	667.86	1	9
8	4	706.75	1	9
8	4	1013.1	1	9
8	4	717.82	1	9
8	4	929.57	1	9
8	4	618.19	1	9
8	4	887.65	1	9
8	4	1337.4	1	9
8	4	770.32	1	9
8	4	590.42	1	9
8	4	847.58	1	9
8	4	923.61	1	9
8	4	706.4	1	9
8	4	682.76	1	9
8	4	606.28	1	9
8	4	569.82	1	9
8	4	676.07	1	9
8	4	1071.3	1	9
8	4	615.81	1	9
8	4	857.2	1	9
8	4	715.46	1	9
8	4	668.72	1	9
8	4	699.55	1	9
8	4	688.93	1	9
8	4	699.93	1	9
8	4	689.11	1	9
8	4	623.41	1	9
8	4	1159.3	1	9
8	4	1184.6	1	9
8	4	700.94	1	9
8	4	720.82	1	9
8	4	907.89	1	9
8	4	1513.5	1	9
8	4	658.02	1	9
8	4	494.87	1	9
8	4	658.82	1	9
8	4	558.35	1	9
8	4	515.27	1	9
8	4	954.34	1	9
8	4	1108.9	1	9
8	4	543.54	1	9
8	4	499.33	1	9
8	4	730.25	1	9
8	4	506.58	1	9
8	4	562.14	1	9
8	4	491.92	1	9
8	4	680.81	1	9
8	4	544.07	1	9
8	4	604.96	1	9
8	4	572.39	1	9
8	4	1010.2	1	9
8	4	525.87	1	9
8	4	613.77	1	9
8	4	547.04	1	9
8	4	517.01	1	9
8	4	527.35	1	9
8	4	651.05	1	9
8	4	513.62	1	9
8	4	506.35	1	9
8	4	566.6	1	9
8	4	601.82	1	9
8	4	622.98	1	9
8	4	579.94	1	9
8	4	638.82	1	9
8	4	552.98	1	9
8	4	610.24	1	9
8	4	785.62	1	9
8	4	561.48	1	9
8	4	940.47	1	9
8	4	428.24	1	9
8	4	523.35	1	9
8	4	663.73	1	9
8	4	822.28	1	9
8	4	671.54	1	9
8	4	562.32	1	9
8	4	667.07	1	9
8	4	538.09	1	9
8	4	547.54	1	9
8	4	1036.4	1	9
8	4	627.47	1	9
8	4	576.3	1	9
8	4	539.24	1	9
8	4	558.39	1	9
8	4	681.74	1	9
8	4	506.64	1	9
8	4	891.3	1	9
8	4	635.14	1	9
8	4	608.75	1	9
8	4	580.73	1	9
8	4	540.19	1	9
8	4	512.12	1	9
8	4	596.05	1	9
8	4	579.34	1	9
8	4	441.55	1	9
8	4	443.95	1	9
8	4	685.61	1	9
8	4	527.72	1	9
8	4	529.22	1	9
8	4	463.66	1	9
8	4	719.61	1	9
8	4	634.26	1	9
8	4	996.74	1	9
8	4	550.9	1	9
8	4	535.89	1	9
8	4	572.86	1	9
8	4	460.25	1	9
8	4	569.14	1	9
8	4	497.84	1	9
8	4	517.5	1	9
8	4	562	1	9
8	4	457.37	1	9
8	4	513.12	1	9
8	4	467.65	1	9
8	4	517.48	1	9
8	4	548.2	1	9
8	4	532.57	1	9
8	4	417.79	1	9
8	4	480.24	1	9
8	4	404.48	1	9
8	4	534.47	1	9
8	4	536.6	1	9
8	4	565.34	1	9
8	4	811.21	1	9
8	4	560.76	1	9
8	4	540.11	1	9
8	4	504.09	1	9
8	4	527.57	1	9
8	4	516.42	1	9
8	4	700.12	1	9
8	4	917.58	1	9
8	4	499.97	1	9
8	4	456.07	1	9
8	4	558.45	1	9
8	4	1960.2	1	9
8	4	690.95	1	9
8	4	494.28	1	9
8	4	504.34	1	9
8	4	412.09	1	9
8	4	487.81	1	9
8	4	603.24	1	9
8	4	605.56	1	9
8	4	685.09	1	9
8	4	590.61	1	9
8	4	520.07	1	9
8	4	577.21	1	9
8	4	484.05	1	9
8	4	791.13	1	9
8	4	524.54	1	9
8	4	547.67	1	9
8	4	492.05	1	9
8	4	593.03	1	9
8	4	573.33	1	9
8	4	508.24	1	9
8	4	508.19	1	9
8	4	458.71	1	9
8	4	479.33	1	9
8	4	480.04	1	9
8	4	623.23	1	9
8	4	582.84	1	9
8	4	514.12	1	9
8	4	476.3	1	9
8	4	516.65	1	9
8	4	498.87	1	9
8	4	612.25	1	9
8	4	540.72	1	9
8	4	526.89	1	9
8	4	449.87	1	9
8	4	486.91	1	9
8	4	461.43	1	9
8	4	509.53	1	9
8	4	486.98	1	9
8	4	552.02	1	9
8	4	667.99	1	9
8	4	537.91	1	9
8	4	502.77	1	9
8	4	808.77	0	9
8	4	602.64	1	9
8	4	751.09	1	9
8	4	630.74	1	9
8	4	557.27	1	9
8	4	776.7	1	9
8	4	612.37	1	9
8	4	647.59	1	9
8	4	515.53	1	9
8	4	557.56	1	9
8	4	521.16	1	9
8	4	769	1	9
8	4	481.47	1	9
8	4	612.57	1	9
8	4	609.08	1	9
8	4	695.56	1	9
8	4	516.32	1	9
8	4	587.68	1	9
8	4	630.87	1	9
8	4	405.63	1	9
8	4	501.75	1	9
8	4	558.16	1	9
8	4	562.61	1	9
8	4	558.33	1	9
8	4	798.6	1	9
8	4	525	1	9
8	4	418.98	1	9
8	4	520.56	1	9
8	4	503.64	1	9
8	4	457.13	1	9
8	4	440.35	1	9
8	4	659.55	1	9
8	4	494.62	1	9
8	4	516.09	1	9
8	4	501.62	1	9
8	4	646.87	1	9
8	4	691.35	1	9
8	4	561.51	1	9
8	4	575.02	1	9
8	4	766.34	1	9
8	4	542.73	1	9
8	4	896.32	1	9
8	4	588.73	1	9
8	4	632.78	1	9
8	4	498.42	1	9
8	4	580.91	1	9
8	4	892.95	1	9
8	4	805.34	1	9
8	4	462.38	1	9
8	4	618.1	1	9
8	4	638.21	1	9
8	4	403.6	1	9
8	4	490.34	1	9
8	4	474.03	1	9
8	4	598.3	1	9
8	4	519.81	1	9
8	4	610.68	1	9
8	4	479.63	1	9
8	4	535.23	1	9
8	4	500.28	1	9
8	4	806.07	1	9
8	4	513.07	1	9
8	4	818.66	1	9
8	4	551.21	1	9
8	4	792.53	1	9
8	4	499.16	1	9
8	4	601.58	1	9
8	4	641.19	1	9
8	4	541.92	1	9
8	4	964.15	1	9
8	4	508.26	1	9
8	4	508.12	1	9
8	4	522.03	1	9
8	4	536.61	1	9
8	4	505.97	1	9
8	4	503.42	1	9
8	4	653.94	1	9
8	4	583.91	1	9
8	4	923.82	1	9
8	4	512.61	1	9
8	4	502.64	1	9
8	4	510.26	1	9
8	4	689.52	1	9
8	4	519.56	1	9
8	4	476.67	1	9
8	4	605.55	1	9
8	4	823.94	1	9
8	4	663.04	1	9
8	4	464	1	9
8	4	597.43	1	9
8	4	588.04	1	9
8	4	691.82	1	9
8	4	544.08	1	9
8	4	1049.2	1	9
8	4	454.44	1	9
8	4	437.45	1	9
8	4	436.88	1	9
8	4	515.68	1	9
8	4	413.33	1	9
8	4	498.85	1	9
8	4	506.71	1	9
8	4	514.71	1	9
8	4	538.22	1	9
8	4	482.76	1	9
8	4	529.69	1	9
8	4	558.34	1	9
8	4	461.53	1	9
8	4	430.96	1	9
8	4	600.53	1	9
8	4	591.37	1	9
8	4	514.32	1	9
8	4	521.01	1	9
8	4	522.2	1	9
8	4	461.07	1	9
8	4	515.71	1	9
8	4	529.13	1	9
8	4	512.13	1	9
8	4	729.63	1	9
8	4	518.16	1	9
8	4	548.62	1	9
8	4	720.63	1	9
8	4	492.31	1	9
8	4	675.38	1	9
8	4	458.07	1	9
8	4	532.56	1	9
8	4	722.1	1	9
8	4	476.5	1	9
8	4	522.78	1	9
8	4	555.43	1	9
8	4	352.29	1	9
8	4	816.73	1	9
8	4	499.14	1	9
8	4	454.48	1	9
8	4	548.86	1	9
8	4	440.48	1	9
8	4	346.7	1	9
8	4	514.44	1	9
8	4	475.42	1	9
8	4	518.12	1	9
8	4	459.63	1	9
8	4	482.84	1	9
8	4	560.53	1	9
8	4	391.7	1	9
8	4	627.12	1	9
