3	1	840.73	1	1
3	1	818.31	1	1
3	1	555.31	1	1
3	1	542.7	1	1
3	1	1046.7	1	1
3	1	828.72	1	1
3	1	677.77	1	1
3	1	734.95	1	1
3	1	873.67	1	1
3	1	1081.1	1	1
3	1	724.24	1	1
3	1	734.69	1	1
3	1	2362.6	1	1
3	1	1051.6	1	1
3	1	1029.3	1	1
3	1	850.83	1	1
3	1	1002.8	1	1
3	1	664.27	1	1
3	1	712.56	1	1
3	1	471.79	1	1
3	1	900.7	1	1
3	1	1180.6	1	1
3	1	2479.8	1	1
3	1	699.35	1	1
3	1	693.39	1	1
3	1	909.3	1	1
3	1	870.97	1	1
3	1	880.85	1	1
3	1	1437.6	1	1
3	1	1011.3	1	1
3	1	748.7	1	1
3	1	891.66	1	1
3	1	1788.4	1	1
3	1	789.38	1	1
3	1	1586.6	1	1
3	1	888.33	1	1
3	1	1248.7	1	1
3	1	597.73	1	1
3	1	817.12	1	1
3	1	774.14	1	1
3	1	576.08	1	1
3	1	1011.5	1	1
3	1	3389.4	0	1
3	1	707.05	1	1
3	1	800.74	1	1
3	1	743.41	1	1
3	1	835.71	1	1
3	1	655.14	1	1
3	1	1025	1	1
3	1	743.25	1	1
3	1	710.43	1	1
3	1	947.57	1	1
3	1	706.98	1	1
3	1	900.62	1	1
3	1	1079.1	0	1
3	1	640.37	1	1
3	1	611.63	1	1
3	1	642.61	1	1
3	1	835.35	1	1
3	1	788.03	1	1
3	1	1234.8	1	1
3	1	720.99	1	1
3	1	1069.9	1	1
3	1	1197.3	1	1
3	1	1004.4	1	1
3	1	995.96	1	1
3	1	743.96	1	1
3	1	684.05	1	1
3	1	590.95	1	1
3	1	604.35	1	1
3	1	573.29	1	1
3	1	629.09	1	1
3	1	557.54	1	1
3	1	678.7	1	1
3	1	645.17	1	1
3	1	658.12	1	1
3	1	911.53	1	1
3	1	641.11	1	1
3	1	1020.3	0	1
3	1	1217.1	1	1
3	1	883.36	1	1
3	1	1104.2	1	1
3	1	875.7	1	1
3	1	793.03	1	1
3	1	887.54	1	1
3	1	1028.3	1	1
3	1	818.18	1	1
3	1	1210	1	1
3	1	761.57	1	1
3	1	542.05	1	1
3	1	1239.8	1	1
3	1	836.07	1	1
3	1	702.66	1	1
3	1	832.77	1	1
3	1	463.65	1	1
3	1	452.44	1	1
3	1	801.85	1	1
3	1	997.84	0	1
3	1	876.9	1	1
3	1	1752.2	1	1
3	1	608.38	1	1
3	1	515.73	1	1
3	1	799.6	1	1
3	1	591.38	1	1
3	1	881.27	1	1
3	1	667.26	1	1
3	1	644.13	1	1
3	1	517.75	1	1
3	1	591.78	1	1
3	1	802.87	1	1
3	1	829.97	1	1
3	1	677.93	1	1
3	1	790.05	0	1
3	1	525.58	1	1
3	1	757.83	1	1
3	1	693.36	1	1
3	1	1201.9	0	1
3	1	1023.1	1	1
3	1	1215.7	1	1
3	1	740.7	1	1
3	1	733.27	1	1
3	1	652.85	1	1
3	1	584.29	1	1
3	1	693.03	1	1
3	1	733.34	1	1
3	1	1102.4	0	1
3	1	1219.5	0	1
3	1	736.61	1	1
3	1	671.09	1	1
3	1	549.28	1	1
3	1	864.93	1	1
3	1	537.42	1	1
3	1	576.24	1	1
3	1	1360.3	1	1
3	1	667.98	1	1
3	1	629.47	1	1
3	1	590.16	1	1
3	1	571.6	1	1
3	1	671.21	1	1
3	1	607.67	1	1
3	1	663.04	1	1
3	1	673.01	1	1
3	1	596.55	1	1
3	1	1278.1	1	1
3	1	771.22	1	1
3	1	519.98	1	1
3	1	684.72	1	1
3	1	617.93	1	1
3	1	906.39	1	1
3	1	727.93	1	1
3	1	569.44	1	1
3	1	771.96	1	1
3	1	1006.5	1	1
3	1	938.34	1	1
3	1	799.52	1	1
3	1	1554.9	1	1
3	1	1051.8	1	1
3	1	1109.6	1	1
3	1	751.46	1	1
3	1	797.22	1	1
3	1	818.92	1	1
3	1	951.01	1	1
3	1	845.94	1	1
3	1	617.9	1	1
3	1	807.3	1	1
3	1	2135.2	1	1
3	1	711.27	1	1
3	1	748.43	1	1
3	1	1462.9	1	1
3	1	988.51	1	1
3	1	921.45	1	1
3	1	819.99	1	1
3	1	831.17	1	1
3	1	710.74	1	1
3	1	954.46	1	1
3	1	688.55	1	1
3	1	684.21	1	1
3	1	590.76	1	1
3	1	1054.9	1	1
3	1	1275.9	1	1
3	1	716.03	1	1
3	1	971.9	1	1
3	1	1207.5	1	1
3	1	781.67	1	1
3	1	786.58	1	1
3	1	1496.7	1	1
3	1	603.54	1	1
3	1	593.62	1	1
3	1	904.5	1	1
3	1	866.71	1	1
3	1	1179.1	1	1
3	1	695.54	1	1
3	1	904.49	1	1
3	1	624.73	1	1
3	1	577.01	1	1
3	1	676.06	1	1
3	1	967.55	1	1
3	1	629.97	1	1
3	1	690.7	1	1
3	1	654.36	1	1
3	1	781.87	1	1
3	1	676.86	1	1
3	1	734.55	1	1
3	1	593.25	1	1
3	1	1068.7	1	1
3	1	817.96	1	1
3	1	656.59	1	1
3	1	869.41	1	1
3	1	1029.3	1	1
3	1	824.18	1	1
3	1	882.77	1	1
3	1	765.56	1	1
3	1	1506.2	1	1
3	1	1717.4	1	1
3	1	991.5	1	1
3	1	942.67	1	1
3	1	928.8	1	1
3	1	961.19	1	1
3	1	1890.9	1	1
3	1	1611	1	1
3	1	735.18	1	1
3	1	1596.8	1	1
3	1	1866.4	1	1
3	1	1511.2	1	1
3	1	1577.1	1	1
3	1	2129.7	1	1
3	1	1884.1	1	1
3	1	1365.5	1	1
3	1	785.18	1	1
3	1	1638.3	1	1
3	1	1495.2	1	1
3	1	1338	1	1
3	1	2389.6	1	1
3	1	1339.9	1	1
3	1	1907.8	1	1
3	1	638.31	1	1
3	1	1545	1	1
3	1	852.87	1	1
3	1	1421.5	1	1
3	1	1551.6	1	1
3	1	1798.3	1	1
3	1	995.12	1	1
3	1	841.59	1	1
3	1	1542	1	1
3	1	984.31	1	1
3	1	949.84	1	1
3	1	902.27	1	1
3	1	899.8	1	1
3	1	679.32	1	1
3	1	654.12	1	1
3	1	755.98	1	1
3	1	752.04	1	1
3	1	1071.2	1	1
3	1	928.42	1	1
3	1	1035	1	1
3	1	1084.4	1	1
3	1	986.88	1	1
3	1	1399.8	1	1
3	1	2298.4	1	1
3	1	1034.2	1	1
3	1	1010.1	1	1
3	1	1645.8	1	1
3	1	862.64	1	1
3	1	2808.3	1	1
3	1	869.62	1	1
3	1	1265.9	1	1
3	1	1035.5	1	1
3	1	979.6	1	1
3	1	1204.4	1	1
3	1	865.02	1	1
3	1	772.26	1	1
3	1	1252.2	1	1
3	1	867.5	1	1
3	1	2227.4	1	1
3	1	859.06	1	1
3	1	1164.6	1	1
3	1	942.38	1	1
3	1	1024.8	1	1
3	1	763.22	1	1
3	1	711.94	1	1
3	1	784.59	1	1
3	1	748.17	1	1
3	1	1107.5	1	1
3	1	949.22	1	1
3	1	1396.2	1	1
3	1	2593.5	1	1
3	1	1074.8	1	1
3	1	700.03	1	1
3	1	927.48	1	1
3	1	1871.7	1	1
3	1	1998.1	1	1
3	1	1534.7	1	1
3	1	852.47	1	1
3	1	743.47	1	1
3	1	805.46	1	1
3	1	1766.9	1	1
3	1	1309.3	1	1
3	1	778.43	1	1
3	1	770.13	1	1
3	1	907.23	1	1
3	1	1603.2	1	1
3	1	1049	1	1
3	1	921.15	1	1
3	1	842.43	1	1
3	1	939.12	1	1
3	1	1743.8	1	1
3	1	993.16	1	1
3	1	1289.3	1	1
3	1	1106.4	1	1
3	1	1122.1	1	1
3	1	953.05	1	1
3	1	842.45	1	1
3	1	1023.2	1	1
3	1	1237.5	1	1
3	1	847.13	1	1
3	1	803.63	1	1
3	1	961.07	1	1
3	1	903.83	1	1
3	1	973.12	1	1
3	1	1834.8	1	1
3	1	968.9	1	1
3	1	883.46	1	1
3	1	1551	1	1
3	1	864.72	1	1
3	1	834.94	1	1
3	1	1044.6	1	1
3	1	812.97	1	1
3	1	926.62	1	1
3	1	872.25	1	1
3	1	968.58	1	1
3	1	747.52	1	1
3	1	863.08	1	1
3	1	1181.3	1	1
3	1	888.54	1	1
3	1	1472	1	1
3	1	2452.8	1	1
3	1	1342.3	1	1
3	1	961.66	1	1
3	1	1328.5	1	1
3	1	679.77	1	1
3	1	808.11	1	1
3	1	713.87	1	1
3	1	763.32	1	1
3	1	686.05	1	1
3	1	1290.4	1	1
3	1	2407.8	1	1
3	1	909.39	1	1
3	1	891.66	1	2
3	1	796.63	1	2
3	1	688.81	1	2
3	1	758.43	1	2
3	1	736.88	1	2
3	1	1311.2	0	2
3	1	1127.8	0	2
3	1	1166.8	1	2
3	1	1290.6	1	2
3	1	783.02	1	2
3	1	821.74	1	2
3	1	1567.3	1	2
3	1	690.44	1	2
3	1	712.8	1	2
3	1	1003.4	1	2
3	1	1464.2	1	2
3	1	708.62	1	2
3	1	923.31	1	2
3	1	1305.2	1	2
3	1	1660.7	1	2
3	1	844.86	1	2
3	1	828.5	1	2
3	1	1046.6	1	2
3	1	1534.8	0	2
3	1	563.99	1	2
3	1	1298.1	1	2
3	1	1227.1	1	2
3	1	928.96	1	2
3	1	662.12	1	2
3	1	913.3	1	2
3	1	1692.9	1	2
3	1	1510.1	1	2
3	1	1033.4	1	2
3	1	1689.8	1	2
3	1	825.07	1	2
3	1	891.07	1	2
3	1	702.02	1	2
3	1	666.87	1	2
3	1	727.37	1	2
3	1	1172.5	1	2
3	1	687.5	1	2
3	1	590.39	1	2
3	1	749.39	1	2
3	1	827.97	1	2
3	1	917.91	1	2
3	1	946.16	1	2
3	1	1099.8	1	2
3	1	1431.3	1	2
3	1	724.97	1	2
3	1	745.1	1	2
3	1	1063.7	1	2
3	1	851.19	1	2
3	1	682.55	1	2
3	1	661.29	1	2
3	1	1361.5	1	2
3	1	666.71	1	2
3	1	1127.9	1	2
3	1	618.23	1	2
3	1	598.78	1	2
3	1	641.39	1	2
3	1	765.2	1	2
3	1	583.53	1	2
3	1	942.46	1	2
3	1	955.48	0	2
3	1	630.68	1	2
3	1	1069.1	1	2
3	1	628.8	1	2
3	1	1071.3	1	2
3	1	760.73	1	2
3	1	777.61	1	2
3	1	702.14	1	2
3	1	680.66	1	2
3	1	642.03	1	2
3	1	774.33	1	2
3	1	602.44	1	2
3	1	812.05	1	2
3	1	935.37	1	2
3	1	1132.7	1	2
3	1	760.55	1	2
3	1	1112.2	1	2
3	1	1228.5	1	2
3	1	956.75	0	2
3	1	1483.5	1	2
3	1	1245.2	1	2
3	1	1074.4	1	2
3	1	734.46	1	2
3	1	875.9	1	2
3	1	743.2	1	2
3	1	856.89	1	2
3	1	1485.2	0	2
3	1	656.38	1	2
3	1	639.98	1	2
3	1	1981.3	1	2
3	1	1564.7	1	2
3	1	1072.6	1	2
3	1	947.45	1	2
3	1	949.55	1	2
3	1	942.36	1	2
3	1	947	1	2
3	1	819.03	1	2
3	1	976.54	1	2
3	1	623.87	1	2
3	1	530.46	1	2
3	1	702.98	1	2
3	1	702.35	1	2
3	1	592.61	1	2
3	1	588.42	1	2
3	1	592.91	1	2
3	1	1164.6	1	2
3	1	564.98	1	2
3	1	594.7	1	2
3	1	592.33	1	2
3	1	629.69	1	2
3	1	828.65	1	2
3	1	658.09	1	2
3	1	716.4	1	2
3	1	705.21	1	2
3	1	1688.9	1	2
3	1	594.84	1	2
3	1	612.67	1	2
3	1	875.83	1	2
3	1	1648.3	0	2
3	1	1138.5	1	2
3	1	790.06	1	2
3	1	1267.3	1	2
3	1	1156.8	0	2
3	1	1072.2	1	2
3	1	711.22	1	2
3	1	1665.3	0	2
3	1	648.48	1	2
3	1	700.95	1	2
3	1	709.85	1	2
3	1	612.36	1	2
3	1	587.25	1	2
3	1	697.76	1	2
3	1	883.42	0	2
3	1	653.4	1	2
3	1	1366.2	1	2
3	1	613.02	1	2
3	1	659.96	1	2
3	1	551.95	1	2
3	1	610.16	1	2
3	1	596.25	1	2
3	1	891.97	0	2
3	1	930.33	0	2
3	1	710.7	1	2
3	1	986.84	0	2
3	1	1362.7	1	2
3	1	832.71	1	2
3	1	803.08	1	2
3	1	809.65	1	2
3	1	621.92	1	2
3	1	598.81	1	2
3	1	999.43	1	2
3	1	907.89	1	2
3	1	962.46	1	2
3	1	772.92	1	2
3	1	935.39	1	2
3	1	1127.7	0	2
3	1	1090.8	1	2
3	1	1343.7	1	2
3	1	899.92	1	2
3	1	1690.3	0	2
3	1	1015.2	1	2
3	1	690.87	1	2
3	1	998.21	0	2
3	1	936.66	1	2
3	1	826.42	1	2
3	1	1201.4	1	2
3	1	1404.3	1	2
3	1	793.99	1	2
3	1	703.97	1	2
3	1	924.74	1	2
3	1	759.83	1	2
3	1	664.47	1	2
3	1	1154.3	1	2
3	1	876.68	1	2
3	1	767.73	1	2
3	1	1040.8	1	2
3	1	620.62	1	2
3	1	903.91	1	2
3	1	1384.3	0	2
3	1	1178.9	1	2
3	1	1063.3	0	2
3	1	1606.2	1	2
3	1	1255.5	1	2
3	1	982.94	1	2
3	1	748.12	1	2
3	1	754.71	1	2
3	1	1151	1	2
3	1	943.19	0	2
3	1	732.62	1	2
3	1	2066.4	0	2
3	1	1079.2	1	2
3	1	714.91	1	2
3	1	615.65	1	2
3	1	975.36	1	2
3	1	699.79	1	2
3	1	977.37	1	2
3	1	1290.9	1	2
3	1	815.28	1	2
3	1	789.41	1	2
3	1	856.38	1	2
3	1	620.86	1	2
3	1	1412.4	1	2
3	1	1200.4	1	2
3	1	652.25	1	2
3	1	881.28	1	2
3	1	1189.2	1	2
3	1	1007.5	1	2
3	1	1042.8	1	2
3	1	883.01	1	2
3	1	1024	1	2
3	1	1198.6	1	2
3	1	944.2	1	2
3	1	934.11	1	2
3	1	897.01	1	2
3	1	1658	0	2
3	1	1689.3	1	2
3	1	924.48	1	2
3	1	1671.9	1	2
3	1	763.11	1	2
3	1	1567.1	1	2
3	1	2350	1	2
3	1	2565	1	2
3	1	932.71	1	2
3	1	1779.1	1	2
3	1	1953.3	1	2
3	1	1612.1	1	2
3	1	1966.1	1	2
3	1	1895.6	1	2
3	1	1146.6	0	2
3	1	1071.7	1	2
3	1	1329.1	1	2
3	1	2284.5	1	2
3	1	1468.7	1	2
3	1	1551.3	1	2
3	1	1945.7	1	2
3	1	1800.3	1	2
3	1	1086	1	2
3	1	1098.5	1	2
3	1	1438.5	1	2
3	1	952.81	1	2
3	1	908.14	1	2
3	1	1392.3	1	2
3	1	1243.2	1	2
3	1	1685.2	1	2
3	1	1574.3	1	2
3	1	1874.8	1	2
3	1	2466.7	1	2
3	1	770.06	1	2
3	1	1451.2	0	2
3	1	982.38	1	2
3	1	896.93	1	2
3	1	713.94	1	2
3	1	1034.2	1	2
3	1	1651.3	1	2
3	1	978.7	1	2
3	1	895.49	1	2
3	1	863.02	1	2
3	1	1360.1	1	2
3	1	1388	0	2
3	1	1512.3	1	2
3	1	1954.8	1	2
3	1	1448.1	1	2
3	1	1966.5	1	2
3	1	945.8	1	2
3	1	1817.4	1	2
3	1	2117.4	1	2
3	1	2887.9	1	2
3	1	1906.7	0	2
3	1	885.89	1	2
3	1	1912.7	0	2
3	1	3280.4	1	2
3	1	1858.1	1	2
3	1	817.81	0	2
3	1	1940.5	1	2
3	1	2850.7	1	2
3	1	1834	1	2
3	1	798.06	1	2
3	1	1154.6	1	2
3	1	993.8	1	2
3	1	920.12	1	2
3	1	1113.1	1	2
3	1	1029.1	1	2
3	1	2661.1	1	2
3	1	1216.9	1	2
3	1	1933.7	1	2
3	1	982.29	1	2
3	1	930.18	1	2
3	1	1887.4	1	2
3	1	1082.1	1	2
3	1	1805.6	1	2
3	1	912.82	1	2
3	1	1053.5	1	2
3	1	1012.3	1	2
3	1	1165.3	1	2
3	1	2316.5	0	2
3	1	873.66	1	2
3	1	1757.4	1	2
3	1	1047	1	2
3	1	915.39	1	2
3	1	841.91	1	2
3	1	1531	1	2
3	1	1033.5	1	2
3	1	1191.6	1	2
3	1	1474.1	1	2
3	1	1064.3	1	2
3	1	935.32	1	2
3	1	984.55	1	2
3	1	1076.9	1	2
3	1	1406.7	1	2
3	1	1242.4	1	2
3	1	1199.2	1	2
3	1	1269.8	1	2
3	1	1361.4	1	2
3	1	634.98	1	2
3	1	1688.2	1	2
3	1	2264.1	1	2
3	1	1789.9	0	2
3	1	1642.3	1	2
3	1	1097.9	1	2
3	1	1769.2	1	2
3	1	2034.9	1	2
3	1	1308.9	1	2
3	1	1772.1	1	2
3	1	1196.1	1	2
3	1	711.92	1	2
3	1	1759.9	1	2
3	1	1062.8	1	2
3	1	2127.5	1	2
3	1	2401	1	2
3	1	2150.4	1	2
3	1	1140.5	1	2
3	1	1369.4	1	2
3	1	1643.6	1	2
3	1	1585	1	2
3	1	1781.6	1	2
3	1	1493.7	1	2
3	1	1706.8	1	2
3	1	1604.9	1	2
3	1	1459.2	1	2
3	1	1205.4	1	2
3	1	1666.8	0	2
3	1	1331.2	1	2
3	1	1086.4	1	2
3	1	1224.8	1	2
3	1	808.4	1	2
3	1	791.09	1	2
3	1	950.62	1	2
3	1	1046.3	1	3
3	1	986.19	1	3
3	1	1382.1	1	3
3	1	548.7	1	3
3	1	1043.9	1	3
3	1	2811	0	3
3	1	2385.9	1	3
3	1	1249.8	1	3
3	1	1676.4	1	3
3	1	1441.7	1	3
3	1	1358.8	1	3
3	1	1565.6	1	3
3	1	1302.2	1	3
3	1	965.92	1	3
3	1	784.44	1	3
3	1	1574	1	3
3	1	2090.3	0	3
3	1	1770	1	3
3	1	2145.6	1	3
3	1	2286	1	3
3	1	764.67	1	3
3	1	968.05	1	3
3	1	1417.9	1	3
3	1	1380.9	1	3
3	1	1831.8	1	3
3	1	1326.3	1	3
3	1	1116.4	1	3
3	1	1635.3	1	3
3	1	1537.3	1	3
3	1	1023.5	1	3
3	1	1618	1	3
3	1	749.39	1	3
3	1	1316.4	1	3
3	1	1766.7	1	3
3	1	1318.8	1	3
3	1	1178.7	1	3
3	1	746.5	1	3
3	1	1491.6	1	3
3	1	1158.9	1	3
3	1	1625.4	1	3
3	1	1288.3	1	3
3	1	863.54	1	3
3	1	1685.8	1	3
3	1	872.78	1	3
3	1	976.16	1	3
3	1	928.68	1	3
3	1	1059.6	1	3
3	1	727.71	1	3
3	1	1077.7	1	3
3	1	1158.7	1	3
3	1	1137.5	1	3
3	1	918.05	1	3
3	1	564.37	1	3
3	1	613.33	1	3
3	1	1110.9	1	3
3	1	859.12	1	3
3	1	657.73	1	3
3	1	693.72	1	3
3	1	1482.5	1	3
3	1	1288.9	1	3
3	1	1009.7	1	3
3	1	862.43	1	3
3	1	661.08	0	3
3	1	1005.4	1	3
3	1	804.42	1	3
3	1	1185	0	3
3	1	1018.3	1	3
3	1	836.32	1	3
3	1	1108.8	0	3
3	1	1100.8	1	3
3	1	949.54	1	3
3	1	776.22	1	3
3	1	557.16	1	3
3	1	1060.9	1	3
3	1	905.35	1	3
3	1	998.59	1	3
3	1	1348.2	1	3
3	1	1396.1	1	3
3	1	735.86	1	3
3	1	1123	1	3
3	1	1224.4	1	3
3	1	1125.1	1	3
3	1	881.26	1	3
3	1	1170	1	3
3	1	1433.6	1	3
3	1	798.77	1	3
3	1	1064.8	1	3
3	1	1399.5	0	3
3	1	2146.4	0	3
3	1	1744.7	1	3
3	1	1168.3	1	3
3	1	1330.9	1	3
3	1	780.72	1	3
3	1	1798	0	3
3	1	1533.6	1	3
3	1	898.35	1	3
3	1	1072	1	3
3	1	693.73	1	3
3	1	1019.9	1	3
3	1	767.27	1	3
3	1	612.49	1	3
3	1	550.22	1	3
3	1	547.75	1	3
3	1	697.11	1	3
3	1	639.71	1	3
3	1	789.46	1	3
3	1	702.04	1	3
3	1	635.71	1	3
3	1	684.05	1	3
3	1	698.06	1	3
3	1	831.79	1	3
3	1	775.6	1	3
3	1	1316.4	1	3
3	1	640.59	1	3
3	1	685.32	1	3
3	1	1194.7	0	3
3	1	613.88	1	3
3	1	737.71	0	3
3	1	1397	1	3
3	1	764.53	0	3
3	1	1138.7	1	3
3	1	1093.7	1	3
3	1	846.54	1	3
3	1	857.93	1	3
3	1	1276.1	1	3
3	1	965.81	1	3
3	1	1465.5	0	3
3	1	1095	0	3
3	1	845.11	1	3
3	1	763.88	1	3
3	1	589.91	1	3
3	1	733	1	3
3	1	912.87	1	3
3	1	765.04	1	3
3	1	1097.6	1	3
3	1	978.94	0	3
3	1	843.17	1	3
3	1	650.83	1	3
3	1	1059.3	0	3
3	1	1066.5	1	3
3	1	1670.5	1	3
3	1	641.02	1	3
3	1	697.16	0	3
3	1	587.55	1	3
3	1	862.37	1	3
3	1	1358.1	1	3
3	1	905.52	1	3
3	1	776.65	1	3
3	1	1110.9	1	3
3	1	898.14	0	3
3	1	684.44	1	3
3	1	870.36	1	3
3	1	661.44	1	3
3	1	1199.9	0	3
3	1	941.47	1	3
3	1	742.67	1	3
3	1	1024.9	0	3
3	1	889.1	1	3
3	1	712.57	0	3
3	1	1013.3	1	3
3	1	640.3	1	3
3	1	831.81	0	3
3	1	1367.1	1	3
3	1	915.64	1	3
3	1	1030.5	0	3
3	1	928.61	1	3
3	1	1054.3	1	3
3	1	840.94	1	3
3	1	2025.6	0	3
3	1	710.82	0	3
3	1	675.64	0	3
3	1	2071.4	1	3
3	1	650.54	0	3
3	1	794.76	1	3
3	1	653.37	0	3
3	1	1166.1	0	3
3	1	1472.9	1	3
3	1	1018.6	1	3
3	1	1132.7	1	3
3	1	2138.6	1	3
3	1	936.23	1	3
3	1	1576.9	1	3
3	1	823.91	1	3
3	1	1724.5	0	3
3	1	1194.9	1	3
3	1	1051.2	1	3
3	1	1173.8	1	3
3	1	1113.8	1	3
3	1	1311.2	1	3
3	1	899.61	1	3
3	1	661.5	1	3
3	1	1193.3	1	3
3	1	695.24	1	3
3	1	1243.3	0	3
3	1	1099.7	1	3
3	1	682.6	1	3
3	1	833.18	1	3
3	1	745.14	0	3
3	1	1012.8	0	3
3	1	742.04	1	3
3	1	855.65	1	3
3	1	760.27	1	3
3	1	815.17	1	3
3	1	878.26	1	3
3	1	1486.1	1	3
3	1	1188.8	0	3
3	1	1477.2	1	3
3	1	1408	0	3
3	1	1336.1	1	3
3	1	965.64	1	3
3	1	1161.2	0	3
3	1	1325.1	1	3
3	1	1163.3	1	3
3	1	1324.8	1	3
3	1	1689.7	1	3
3	1	1039	1	3
3	1	1080.4	1	3
3	1	2104.4	1	3
3	1	764.6	1	3
3	1	1060.6	1	3
3	1	2889.3	1	3
3	1	1640.7	1	3
3	1	1206.7	1	3
3	1	2635.4	1	3
3	1	1890.7	0	3
3	1	1080.1	1	3
3	1	1318.5	0	3
3	1	1267.4	1	3
3	1	2228	0	3
3	1	927.29	1	3
3	1	856.61	0	3
3	1	815.51	1	3
3	1	2083.6	0	3
3	1	1032.1	1	3
3	1	1467.5	1	3
3	1	1408.8	1	3
3	1	2171.6	1	3
3	1	2160.3	1	3
3	1	2144.2	1	3
3	1	1907.2	0	3
3	1	1072	1	3
3	1	1279.7	1	3
3	1	935.96	1	3
3	1	1224.4	1	3
3	1	1908.3	1	3
3	1	1667.9	1	3
3	1	1535.2	1	3
3	1	1766.6	1	3
3	1	1888.9	1	3
3	1	2496.6	0	3
3	1	630.5	0	3
3	1	796.06	0	3
3	1	861.35	1	3
3	1	1055.5	1	3
3	1	892.56	0	3
3	1	1282.8	1	3
3	1	1383.8	1	3
3	1	1274.8	1	3
3	1	1005.9	1	3
3	1	1462.4	1	3
3	1	1767.3	1	3
3	1	1707	1	3
3	1	2428.2	1	3
3	1	948.75	0	3
3	1	1737.1	1	3
3	1	2146.5	1	3
3	1	1947.4	1	3
3	1	1795.5	1	3
3	1	1893.5	1	3
3	1	1669.1	0	3
3	1	1429	1	3
3	1	814.44	1	3
3	1	1314.1	1	3
3	1	3212.2	1	3
3	1	1063.5	1	3
3	1	1110.1	1	3
3	1	1695.5	1	3
3	1	1030.2	1	3
3	1	1318.8	1	3
3	1	1553.1	0	3
3	1	2681.3	1	3
3	1	694.07	1	3
3	1	781.04	1	3
3	1	891.63	1	3
3	1	1406	1	3
3	1	917.49	1	3
3	1	884.54	1	3
3	1	2420.3	1	3
3	1	2392.4	1	3
3	1	897.11	1	3
3	1	622.54	1	3
3	1	763.79	1	3
3	1	945.78	1	3
3	1	1263.7	1	3
3	1	2646.2	1	3
3	1	1117.6	1	3
3	1	1231.3	1	3
3	1	1222.3	1	3
3	1	1808.9	1	3
3	1	1527.9	0	3
3	1	727.46	1	3
3	1	1121.9	1	3
3	1	1049.5	1	3
3	1	1064.5	1	3
3	1	2054.7	1	3
3	1	1412.5	1	3
3	1	1169.9	1	3
3	1	1067.1	1	3
3	1	1089.1	1	3
3	1	921.21	1	3
3	1	1403.7	1	3
3	1	1136.6	1	3
3	1	1837.9	1	3
3	1	2332.9	1	3
3	1	1346.5	1	3
3	1	2333.1	1	3
3	1	2227.9	0	3
3	1	1591.4	1	3
3	1	2100.2	1	3
3	1	1794.4	1	3
3	1	1461.8	1	3
3	1	1180.9	1	3
3	1	1590.6	1	3
3	1	1787.6	1	3
3	1	2045.6	1	3
3	1	1177.1	1	3
3	1	1384	1	3
3	1	1698.1	1	3
3	1	1824.7	1	3
3	1	2309.7	1	3
3	1	1525.3	1	3
3	1	1387.3	1	3
3	1	2154.8	1	3
3	1	1216.8	1	3
3	1	2740.6	0	3
3	1	3146.1	1	3
3	1	2444.1	1	3
3	1	2462	1	3
3	1	1540.3	1	3
3	1	920	1	3
3	1	2029	1	3
3	1	3055.9	1	3
3	1	1202.2	1	3
3	1	1358.1	1	3
3	1	2012.2	1	3
3	1	1675.3	1	3
3	1	2245.5	1	3
3	1	1641.2	1	3
3	1	2118.5	1	3
3	1	1922.9	0	3
3	1	2260.8	1	4
3	1	1703.5	1	4
3	1	804.32	1	4
3	1	722.25	1	4
3	1	1009.8	1	4
3	1	1522.4	0	4
3	1	2639	1	4
3	1	2406.4	1	4
3	1	2477.8	0	4
3	1	1091.2	1	4
3	1	1220.3	1	4
3	1	1350.9	1	4
3	1	1124.4	1	4
3	1	1273.2	1	4
3	1	1524.5	1	4
3	1	1914.1	0	4
3	1	982.64	1	4
3	1	823.03	0	4
3	1	1465.3	1	4
3	1	953.31	1	4
3	1	1238.5	1	4
3	1	1227.4	1	4
3	1	1220.2	1	4
3	1	1365.7	1	4
3	1	1735.5	1	4
3	1	1572.6	1	4
3	1	1874.5	1	4
3	1	1223.8	1	4
3	1	1768.7	1	4
3	1	1424.8	1	4
3	1	1739.8	1	4
3	1	1112.7	1	4
3	1	1728.5	1	4
3	1	2568.2	0	4
3	1	1854.1	1	4
3	1	1118.5	1	4
3	1	1332.4	1	4
3	1	823.47	0	4
3	1	1334.8	1	4
3	1	1006.1	1	4
3	1	1931.8	1	4
3	1	1476	1	4
3	1	1686.2	1	4
3	1	1317.4	1	4
3	1	1017.3	0	4
3	1	1712.7	1	4
3	1	1033	1	4
3	1	1624.5	1	4
3	1	817.65	1	4
3	1	936.56	1	4
3	1	948.39	1	4
3	1	532.7	1	4
3	1	773.19	0	4
3	1	1080.5	1	4
3	1	941.07	1	4
3	1	848.19	0	4
3	1	808.25	1	4
3	1	567.02	1	4
3	1	688.84	1	4
3	1	738.03	1	4
3	1	1194.1	0	4
3	1	1066.7	0	4
3	1	870.87	1	4
3	1	1132.3	1	4
3	1	652.42	1	4
3	1	802.32	1	4
3	1	928.24	1	4
3	1	868.22	1	4
3	1	1177.4	1	4
3	1	915.59	1	4
3	1	1239.7	0	4
3	1	1439.8	1	4
3	1	958.43	0	4
3	1	1009.5	1	4
3	1	1119.3	1	4
3	1	1000.2	0	4
3	1	1193.7	1	4
3	1	1090.2	1	4
3	1	987.99	1	4
3	1	946.88	0	4
3	1	1688.3	1	4
3	1	1596.8	1	4
3	1	1257.6	1	4
3	1	2285.4	1	4
3	1	925.19	1	4
3	1	708.85	1	4
3	1	1119	1	4
3	1	1077.8	0	4
3	1	1392.6	0	4
3	1	1594.7	1	4
3	1	977.57	1	4
3	1	1007.3	1	4
3	1	1078.5	1	4
3	1	876.26	1	4
3	1	767.59	0	4
3	1	1800.3	1	4
3	1	887.92	1	4
3	1	1814.5	0	4
3	1	1168.4	1	4
3	1	899.96	1	4
3	1	507.13	1	4
3	1	660.37	0	4
3	1	904.99	0	4
3	1	712	1	4
3	1	930.48	1	4
3	1	586.75	1	4
3	1	621.98	1	4
3	1	771.26	1	4
3	1	678.28	1	4
3	1	1158.5	1	4
3	1	1465.8	1	4
3	1	619.93	1	4
3	1	393.76	0	4
3	1	825.12	1	4
3	1	858.12	1	4
3	1	682.06	1	4
3	1	770.61	1	4
3	1	983.65	0	4
3	1	1055.9	0	4
3	1	727.05	1	4
3	1	1209.6	0	4
3	1	910.55	0	4
3	1	688.34	0	4
3	1	759.61	1	4
3	1	3517.2	0	4
3	1	740.07	1	4
3	1	1066.5	1	4
3	1	1077.6	0	4
3	1	762.5	0	4
3	1	765.21	1	4
3	1	737.97	1	4
3	1	1116.7	1	4
3	1	1603.6	0	4
3	1	793.94	0	4
3	1	634.91	0	4
3	1	489.45	0	4
3	1	601.78	0	4
3	1	997.41	1	4
3	1	704.33	1	4
3	1	804.33	1	4
3	1	1173.5	1	4
3	1	772.03	1	4
3	1	895.28	1	4
3	1	883.02	1	4
3	1	661.39	1	4
3	1	644.1	0	4
3	1	1095.1	1	4
3	1	1031.5	0	4
3	1	866.49	0	4
3	1	1201.3	1	4
3	1	1097.1	1	4
3	1	880.1	0	4
3	1	1326	1	4
3	1	704	1	4
3	1	637.57	1	4
3	1	822.43	1	4
3	1	980.17	1	4
3	1	676.82	1	4
3	1	1053.9	1	4
3	1	1317.6	1	4
3	1	892.15	1	4
3	1	1573.6	0	4
3	1	950.63	1	4
3	1	1583.3	1	4
3	1	1159.4	1	4
3	1	994.91	0	4
3	1	769.15	1	4
3	1	918.63	1	4
3	1	858.92	1	4
3	1	754.87	1	4
3	1	1073.4	1	4
3	1	773.72	0	4
3	1	881.94	1	4
3	1	1692	1	4
3	1	888.06	1	4
3	1	789.73	1	4
3	1	702.33	1	4
3	1	737.34	1	4
3	1	1074.9	1	4
3	1	1250.9	1	4
3	1	531.74	0	4
3	1	918.21	0	4
3	1	997.83	1	4
3	1	597	0	4
3	1	872.73	0	4
3	1	975.63	1	4
3	1	2079.5	0	4
3	1	1700.1	1	4
3	1	1194.8	1	4
3	1	773.6	1	4
3	1	681.36	0	4
3	1	788.45	0	4
3	1	781.79	1	4
3	1	837.84	1	4
3	1	857.53	0	4
3	1	540.38	0	4
3	1	798.67	0	4
3	1	691.8	0	4
3	1	564.16	0	4
3	1	624.43	0	4
3	1	859.61	0	4
3	1	756.22	1	4
3	1	1246.1	1	4
3	1	1068.6	1	4
3	1	1089	1	4
3	1	1568.6	0	4
3	1	886.42	0	4
3	1	882	0	4
3	1	1395.6	1	4
3	1	2165.6	0	4
3	1	956.44	0	4
3	1	916.38	0	4
3	1	1496.6	1	4
3	1	1272.8	0	4
3	1	1103.2	0	4
3	1	1085.5	0	4
3	1	950.61	0	4
3	1	2075.9	1	4
3	1	1852.8	1	4
3	1	1558.4	0	4
3	1	1030.8	1	4
3	1	1074.4	1	4
3	1	1599	1	4
3	1	742.49	1	4
3	1	2353.5	0	4
3	1	1611.1	0	4
3	1	1739.3	1	4
3	1	1687.7	0	4
3	1	1284.5	0	4
3	1	2149.6	0	4
3	1	953.08	0	4
3	1	2369.7	0	4
3	1	1092.3	1	4
3	1	2851.4	1	4
3	1	3096.8	1	4
3	1	1978.9	0	4
3	1	1990.4	1	4
3	1	2080.1	0	4
3	1	1582.4	1	4
3	1	2517.3	1	4
3	1	1709.9	0	4
3	1	1741.2	0	4
3	1	3168.3	0	4
3	1	1683.6	1	4
3	1	872.31	1	4
3	1	2103.5	0	4
3	1	2029.2	1	4
3	1	2126.6	0	4
3	1	1806.9	1	4
3	1	805.69	1	4
3	1	822.77	1	4
3	1	2137.4	1	4
3	1	843.13	0	4
3	1	681.78	0	4
3	1	1281.1	1	4
3	1	904.48	0	4
3	1	1022	0	4
3	1	1298.4	1	4
3	1	986.38	1	4
3	1	995.49	0	4
3	1	2017.3	1	4
3	1	2334.9	0	4
3	1	1729.7	1	4
3	1	1127.7	0	4
3	1	2734.1	1	4
3	1	3211.5	1	4
3	1	1695	1	4
3	1	1954.8	1	4
3	1	2107.9	0	4
3	1	785.74	0	4
3	1	1324.1	0	4
3	1	1053.3	1	4
3	1	1076.9	0	4
3	1	888.46	0	4
3	1	2422.9	0	4
3	1	2893.6	0	4
3	1	994.6	0	4
3	1	904.1	1	4
3	1	764.51	0	4
3	1	1355.2	0	4
3	1	1426.6	0	4
3	1	834.95	1	4
3	1	1129.6	1	4
3	1	1171.7	1	4
3	1	1358.2	1	4
3	1	2632.8	1	4
3	1	1322.5	0	4
3	1	896.81	0	4
3	1	1280.9	1	4
3	1	1493.2	1	4
3	1	1087.5	1	4
3	1	849.88	1	4
3	1	1232	1	4
3	1	746.71	1	4
3	1	1864	1	4
3	1	1518.5	1	4
3	1	1910.4	1	4
3	1	1665.7	0	4
3	1	1393.7	1	4
3	1	1819.2	0	4
3	1	1532	0	4
3	1	1012.6	1	4
3	1	1098.4	0	4
3	1	1071.8	1	4
3	1	1035	1	4
3	1	1689.8	1	4
3	1	1457.6	1	4
3	1	1452.4	1	4
3	1	1156.7	1	4
3	1	1402.6	1	4
3	1	1918.6	1	4
3	1	1513	0	4
3	1	2034.4	0	4
3	1	1373	1	4
3	1	1324.8	1	4
3	1	1813.3	1	4
3	1	1443.6	1	4
3	1	1942.1	1	4
3	1	1607.5	1	4
3	1	1645.1	1	4
3	1	1654.6	1	4
3	1	1808.6	1	4
3	1	2144.9	0	4
3	1	1526.1	1	4
3	1	1981.8	1	4
3	1	2123.9	1	4
3	1	2186.1	1	4
3	1	1836.4	0	4
3	1	1589.3	1	4
3	1	2053.2	1	4
3	1	1997.2	1	4
3	1	2322.2	1	4
3	1	1631.1	0	4
3	1	1869.7	1	4
3	1	1734.9	1	4
3	1	2231.6	1	4
3	1	3026.8	0	4
3	1	1703	1	4
3	1	2613.1	1	4
3	1	2630.2	1	4
3	1	2415.3	1	4
3	1	2588.7	1	4
3	1	2247.2	1	4
3	1	2498.2	1	4
3	1	1743.6	1	4
3	1	3082.3	0	4
3	1	2153.7	0	4
3	1	1081.7	0	4
3	1	1469	1	4
3	1	1311.4	0	4
3	1	1456.7	1	5
3	1	1401.2	1	5
3	1	1320.7	1	5
3	1	803.86	0	5
3	1	1149.7	1	5
3	1	1180.9	1	5
3	1	1315.7	1	5
3	1	1540.7	1	5
3	1	1184.4	1	5
3	1	2076	1	5
3	1	840.55	0	5
3	1	754.98	0	5
3	1	724.55	0	5
3	1	1341.7	1	5
3	1	640.02	0	5
3	1	1495.3	1	5
3	1	1213.1	1	5
3	1	2138.1	1	5
3	1	1219.8	1	5
3	1	1970.9	0	5
3	1	963.07	1	5
3	1	1472.7	1	5
3	1	1825.4	1	5
3	1	1421.3	1	5
3	1	647.7	0	5
3	1	2262.7	1	5
3	1	1119.6	1	5
3	1	1041.9	1	5
3	1	1513.7	1	5
3	1	933.27	1	5
3	1	885.99	0	5
3	1	1418.6	1	5
3	1	1005.5	1	5
3	1	779.08	1	5
3	1	2517.8	1	5
3	1	1503.6	1	5
3	1	1105.7	1	5
3	1	1961.2	1	5
3	1	1132.4	1	5
3	1	1051.4	1	5
3	1	990.7	0	5
3	1	966.66	1	5
3	1	1221.6	1	5
3	1	722.15	0	5
3	1	1021.7	1	5
3	1	1059.4	1	5
3	1	750.34	0	5
3	1	1010.7	1	5
3	1	1356.2	1	5
3	1	1050.4	1	5
3	1	975.37	0	5
3	1	1642.8	1	5
3	1	986.81	0	5
3	1	1149.8	0	5
3	1	1412.3	1	5
3	1	1274.5	1	5
3	1	781.1	0	5
3	1	1044.4	0	5
3	1	1056.5	0	5
3	1	548.79	0	5
3	1	2593	0	5
3	1	1044.2	0	5
3	1	1269.5	1	5
3	1	1251.9	1	5
3	1	1104.3	1	5
3	1	726.94	0	5
3	1	1343.6	0	5
3	1	1856.6	1	5
3	1	770.49	0	5
3	1	721.82	0	5
3	1	812.92	0	5
3	1	740.22	0	5
3	1	678.3	0	5
3	1	994.85	1	5
3	1	1157.8	1	5
3	1	614.06	0	5
3	1	1225.5	1	5
3	1	1178.6	1	5
3	1	1570.3	1	5
3	1	902.23	1	5
3	1	1081.2	0	5
3	1	1053.4	1	5
3	1	982.96	1	5
3	1	1089	1	5
3	1	2041.5	1	5
3	1	1507.5	0	5
3	1	1578.5	0	5
3	1	1164.9	1	5
3	1	1147.8	1	5
3	1	1186.4	1	5
3	1	1258.7	1	5
3	1	951.09	1	5
3	1	1550.3	0	5
3	1	948.23	1	5
3	1	1323	1	5
3	1	1439.5	0	5
3	1	1031.3	1	5
3	1	980.15	1	5
3	1	1257.3	1	5
3	1	874.22	1	5
3	1	741.22	0	5
3	1	649.35	0	5
3	1	539.79	0	5
3	1	676.79	0	5
3	1	940.55	1	5
3	1	953.85	1	5
3	1	897.74	1	5
3	1	852.78	1	5
3	1	1071.9	0	5
3	1	1152	1	5
3	1	868.26	0	5
3	1	862.4	1	5
3	1	1001.4	0	5
3	1	589.72	0	5
3	1	690.42	0	5
3	1	689.88	0	5
3	1	786.02	0	5
3	1	622.55	0	5
3	1	668.12	0	5
3	1	1007.2	1	5
3	1	1254.1	1	5
3	1	823.04	1	5
3	1	1292.7	1	5
3	1	1572	1	5
3	1	1075.7	0	5
3	1	946.86	1	5
3	1	1080.6	1	5
3	1	1115.5	1	5
3	1	593.47	0	5
3	1	949.54	1	5
3	1	507.18	0	5
3	1	761.77	1	5
3	1	829.83	1	5
3	1	1090.9	1	5
3	1	845.29	1	5
3	1	644.95	1	5
3	1	957.02	1	5
3	1	640.34	0	5
3	1	956.18	1	5
3	1	564.18	0	5
3	1	1106.6	0	5
3	1	672.63	0	5
3	1	630.92	0	5
3	1	1161.3	1	5
3	1	861.95	1	5
3	1	885.06	1	5
3	1	824.1	1	5
3	1	936.75	1	5
3	1	1201.6	1	5
3	1	825.31	1	5
3	1	796.87	1	5
3	1	700.88	0	5
3	1	1103.8	0	5
3	1	1334.7	1	5
3	1	821.14	1	5
3	1	1290.3	1	5
3	1	908.48	0	5
3	1	885.12	1	5
3	1	697.69	1	5
3	1	955.62	1	5
3	1	889.07	1	5
3	1	1005	1	5
3	1	823.3	1	5
3	1	843.59	1	5
3	1	804.36	1	5
3	1	1167.8	1	5
3	1	1051.4	1	5
3	1	1323.2	0	5
3	1	1467	1	5
3	1	965.43	0	5
3	1	842.15	1	5
3	1	923.62	1	5
3	1	1120.7	1	5
3	1	687.87	0	5
3	1	887.19	1	5
3	1	992.86	1	5
3	1	1135.9	1	5
3	1	1028.5	1	5
3	1	1272.8	0	5
3	1	970.56	1	5
3	1	1281.6	1	5
3	1	1219.4	1	5
3	1	1032.2	1	5
3	1	1028.7	1	5
3	1	651.34	1	5
3	1	1599.5	1	5
3	1	1363	1	5
3	1	848.4	0	5
3	1	558.54	0	5
3	1	1200.4	0	5
3	1	946.76	1	5
3	1	893.72	1	5
3	1	1081.3	1	5
3	1	1261.6	0	5
3	1	840.37	0	5
3	1	909.71	1	5
3	1	973.59	1	5
3	1	971.82	1	5
3	1	913.7	1	5
3	1	816.28	1	5
3	1	1109.9	1	5
3	1	1036.6	1	5
3	1	1527.8	1	5
3	1	1005.5	0	5
3	1	966.11	1	5
3	1	1461.1	0	5
3	1	881.89	0	5
3	1	1329.5	0	5
3	1	959.2	1	5
3	1	1359.7	0	5
3	1	1233.6	1	5
3	1	1038	1	5
3	1	1035.7	1	5
3	1	1676.2	1	5
3	1	1250	1	5
3	1	969.26	1	5
3	1	2069.7	1	5
3	1	1249.4	0	5
3	1	1679.2	1	5
3	1	709.34	0	5
3	1	1062.7	0	5
3	1	1318.1	1	5
3	1	1562.1	1	5
3	1	1673.5	1	5
3	1	1573	1	5
3	1	2044.5	1	5
3	1	987.41	1	5
3	1	1872.5	1	5
3	1	2223.6	1	5
3	1	961.03	1	5
3	1	2042.1	1	5
3	1	2981.1	1	5
3	1	916.6	1	5
3	1	1922.7	1	5
3	1	1985.4	1	5
3	1	1757.3	1	5
3	1	1139.1	1	5
3	1	2218.3	1	5
3	1	1859.4	1	5
3	1	1672.4	1	5
3	1	1205.7	1	5
3	1	1517.8	1	5
3	1	1650.1	1	5
3	1	1846.7	1	5
3	1	1287.6	1	5
3	1	2003.6	1	5
3	1	1896.8	1	5
3	1	1433.1	1	5
3	1	1578.8	1	5
3	1	785.29	1	5
3	1	852.58	1	5
3	1	810.59	1	5
3	1	1046.6	1	5
3	1	1890.7	1	5
3	1	1448.7	1	5
3	1	1011.5	1	5
3	1	1087.8	1	5
3	1	1833	1	5
3	1	1741.3	1	5
3	1	1607.4	1	5
3	1	2405.9	1	5
3	1	858.58	1	5
3	1	1595	1	5
3	1	1255.2	0	5
3	1	1963	1	5
3	1	1611.8	1	5
3	1	3124.9	1	5
3	1	3163	1	5
3	1	2028.3	1	5
3	1	1209.5	1	5
3	1	1603.7	1	5
3	1	2463.5	1	5
3	1	2425.7	1	5
3	1	834.37	1	5
3	1	3267.1	1	5
3	1	979.32	1	5
3	1	1379.2	1	5
3	1	1002.2	1	5
3	1	1218.5	1	5
3	1	1262.8	1	5
3	1	1303.2	1	5
3	1	1122	1	5
3	1	966.79	1	5
3	1	1187.7	1	5
3	1	2019.8	1	5
3	1	987.48	1	5
3	1	852.55	1	5
3	1	1269	1	5
3	1	1213	1	5
3	1	1066.9	1	5
3	1	1359.9	1	5
3	1	1179.3	0	5
3	1	1252.7	1	5
3	1	1667	1	5
3	1	1957	1	5
3	1	2005.5	1	5
3	1	1457.4	1	5
3	1	3689.3	1	5
3	1	2268.9	1	5
3	1	1768.9	1	5
3	1	1437.3	1	5
3	1	1349	1	5
3	1	1543.5	1	5
3	1	979.73	1	5
3	1	1391.8	1	5
3	1	1714	1	5
3	1	1398.1	1	5
3	1	1771.7	1	5
3	1	1805.7	1	5
3	1	1295	0	5
3	1	1189.4	0	5
3	1	1462.8	1	5
3	1	1680.7	0	5
3	1	1125.5	1	5
3	1	1329.7	1	5
3	1	1201	1	5
3	1	1159.3	1	5
3	1	1345.7	1	5
3	1	1592.1	1	5
3	1	1154.5	1	5
3	1	1157.9	1	5
3	1	1362.4	1	5
3	1	1024.6	1	5
3	1	1106.7	1	5
3	1	1122.9	1	5
3	1	2082.9	1	5
3	1	1134.7	1	5
3	1	3285.3	1	5
3	1	1724	1	5
3	1	2004.4	1	5
3	1	2583.5	1	5
3	1	1307.1	1	5
3	1	2466.4	1	5
3	1	1440.9	1	5
3	1	1530.5	1	5
3	1	2104.2	1	5
3	1	2000.8	1	5
3	1	2033.1	1	5
3	1	1643.3	1	5
3	1	1267	1	5
3	1	2137.2	1	5
3	1	948.64	1	5
3	1	1465.6	1	5
3	1	1268.8	1	5
3	1	972.89	1	5
3	1	2424.8	0	5
3	1	1936.2	1	5
3	1	2432.8	1	5
3	1	1906	1	5
3	1	1380.8	1	5
3	1	769.35	1	6
3	1	948.98	1	6
3	1	2496.5	0	6
3	1	894.63	1	6
3	1	1185.7	0	6
3	1	1281.6	1	6
3	1	1110.1	1	6
3	1	1370.2	1	6
3	1	2080.5	1	6
3	1	950.63	1	6
3	1	1378	1	6
3	1	2633.3	0	6
3	1	1022.1	1	6
3	1	752.09	1	6
3	1	1131.1	1	6
3	1	1178.9	1	6
3	1	1097.1	1	6
3	1	885.69	1	6
3	1	1247.8	1	6
3	1	927.93	1	6
3	1	922.68	1	6
3	1	1445.3	0	6
3	1	1064.4	1	6
3	1	1566.3	1	6
3	1	1347.4	1	6
3	1	988.6	1	6
3	1	1146.4	1	6
3	1	1817.7	1	6
3	1	1652.5	1	6
3	1	928.02	1	6
3	1	3003.5	0	6
3	1	711.53	1	6
3	1	2567.5	0	6
3	1	1677.9	1	6
3	1	1370.6	1	6
3	1	902.1	1	6
3	1	621.64	1	6
3	1	1392.2	1	6
3	1	944.26	1	6
3	1	2415.8	0	6
3	1	1287.9	1	6
3	1	887.44	1	6
3	1	1276.7	1	6
3	1	2058.3	1	6
3	1	1146.1	1	6
3	1	1426.8	0	6
3	1	1058.8	0	6
3	1	860.01	1	6
3	1	657.17	1	6
3	1	707.02	1	6
3	1	638.66	1	6
3	1	721.18	1	6
3	1	1011.4	0	6
3	1	987.66	1	6
3	1	992.18	0	6
3	1	909.68	1	6
3	1	836.35	0	6
3	1	2056.9	1	6
3	1	1183	0	6
3	1	833.92	0	6
3	1	967.28	1	6
3	1	1111.9	1	6
3	1	2012	1	6
3	1	1209.6	1	6
3	1	2381.1	0	6
3	1	1008.6	1	6
3	1	889.95	1	6
3	1	1589.7	1	6
3	1	802.07	1	6
3	1	969.23	1	6
3	1	1016.4	1	6
3	1	1390.9	0	6
3	1	961.35	1	6
3	1	1525.6	1	6
3	1	707.21	1	6
3	1	1059.9	1	6
3	1	985.09	1	6
3	1	1005.5	1	6
3	1	1015.4	1	6
3	1	986.67	0	6
3	1	1200.2	0	6
3	1	1898.6	1	6
3	1	1500.2	1	6
3	1	987.32	0	6
3	1	925.47	1	6
3	1	993.42	1	6
3	1	1956.1	0	6
3	1	1797.6	1	6
3	1	964.56	1	6
3	1	904	1	6
3	1	878.58	1	6
3	1	1044.5	1	6
3	1	650.52	1	6
3	1	609.47	1	6
3	1	1694.6	0	6
3	1	1044	1	6
3	1	1145.3	0	6
3	1	1381.7	1	6
3	1	982.92	0	6
3	1	960.26	1	6
3	1	641.2	1	6
3	1	520.43	1	6
3	1	487.18	1	6
3	1	682.39	1	6
3	1	515.87	1	6
3	1	727.42	1	6
3	1	682.61	1	6
3	1	990.68	1	6
3	1	729.3	1	6
3	1	1364.1	1	6
3	1	852.51	0	6
3	1	742.97	1	6
3	1	1033.6	1	6
3	1	1109.6	1	6
3	1	825.79	1	6
3	1	654.57	1	6
3	1	877.45	1	6
3	1	1408.7	0	6
3	1	742.99	1	6
3	1	556.96	0	6
3	1	821.01	1	6
3	1	748.21	1	6
3	1	741.38	1	6
3	1	1002.8	0	6
3	1	1509.3	0	6
3	1	750.73	1	6
3	1	1047.4	1	6
3	1	1159	1	6
3	1	1757	1	6
3	1	817.9	0	6
3	1	820.08	0	6
3	1	888.23	1	6
3	1	629.21	1	6
3	1	858.17	1	6
3	1	1229.3	1	6
3	1	683.39	1	6
3	1	991.79	1	6
3	1	772.84	1	6
3	1	1147.5	1	6
3	1	543.69	1	6
3	1	852.05	1	6
3	1	793.61	1	6
3	1	740.17	1	6
3	1	591.13	1	6
3	1	1034.9	1	6
3	1	833.72	1	6
3	1	865.63	1	6
3	1	720.47	1	6
3	1	727.62	1	6
3	1	656.1	1	6
3	1	1065.6	1	6
3	1	506.11	1	6
3	1	770.91	1	6
3	1	892.99	1	6
3	1	608.4	1	6
3	1	690.39	1	6
3	1	1504	1	6
3	1	638.12	1	6
3	1	1232.4	1	6
3	1	959.71	1	6
3	1	620.52	1	6
3	1	721.7	1	6
3	1	1166.6	0	6
3	1	1484.4	1	6
3	1	1580.9	1	6
3	1	1594.8	1	6
3	1	1929.5	1	6
3	1	1849.9	0	6
3	1	666.84	1	6
3	1	1356.1	1	6
3	1	1115.6	1	6
3	1	1110.4	0	6
3	1	662.93	1	6
3	1	673.89	1	6
3	1	868.45	0	6
3	1	1033.1	0	6
3	1	1110.3	1	6
3	1	1338	0	6
3	1	947.81	1	6
3	1	876.68	1	6
3	1	877.5	1	6
3	1	1618.4	1	6
3	1	2467.5	0	6
3	1	732.07	1	6
3	1	1208.9	1	6
3	1	1062.9	1	6
3	1	690.08	1	6
3	1	1561.7	0	6
3	1	1609.6	0	6
3	1	1028.2	1	6
3	1	773.88	1	6
3	1	804.88	1	6
3	1	948.27	1	6
3	1	859.89	1	6
3	1	800.6	1	6
3	1	547.04	1	6
3	1	606.92	1	6
3	1	762.73	1	6
3	1	619.41	1	6
3	1	680.2	1	6
3	1	609.23	1	6
3	1	767.79	1	6
3	1	1174.1	1	6
3	1	891.43	1	6
3	1	924.01	1	6
3	1	976.37	1	6
3	1	835.03	1	6
3	1	1224.2	1	6
3	1	1205.4	1	6
3	1	928.03	1	6
3	1	874.54	1	6
3	1	1230.2	1	6
3	1	739.1	1	6
3	1	963.16	1	6
3	1	848.04	1	6
3	1	2073.1	1	6
3	1	1727.1	0	6
3	1	1292.4	0	6
3	1	2241.2	1	6
3	1	962.27	1	6
3	1	1353.4	0	6
3	1	1082.3	1	6
3	1	1090.8	0	6
3	1	1657.1	1	6
3	1	762.06	1	6
3	1	1126.7	0	6
3	1	2258.9	1	6
3	1	583.74	1	6
3	1	1878.5	1	6
3	1	1962.4	1	6
3	1	1780.5	1	6
3	1	956.18	1	6
3	1	2026	1	6
3	1	602.01	1	6
3	1	2139.4	1	6
3	1	3112.1	0	6
3	1	2140.8	1	6
3	1	1980.6	1	6
3	1	1740.2	1	6
3	1	1433.5	1	6
3	1	1552.3	1	6
3	1	2069.8	1	6
3	1	758.51	1	6
3	1	1639.8	0	6
3	1	1799.5	1	6
3	1	1564.5	1	6
3	1	1148.7	1	6
3	1	1339.4	1	6
3	1	1606.4	1	6
3	1	1343.6	1	6
3	1	606.14	1	6
3	1	1063.7	1	6
3	1	659.97	1	6
3	1	821.57	1	6
3	1	716.31	1	6
3	1	834.8	1	6
3	1	795.22	1	6
3	1	811.38	1	6
3	1	709.21	1	6
3	1	2040.8	1	6
3	1	1431	1	6
3	1	2135.5	1	6
3	1	2070.8	1	6
3	1	922.59	1	6
3	1	1241.4	1	6
3	1	1115.4	1	6
3	1	1908.9	1	6
3	1	1806	1	6
3	1	1527.1	1	6
3	1	1158.7	1	6
3	1	1646.6	1	6
3	1	1126.2	1	6
3	1	683.87	1	6
3	1	2098.3	0	6
3	1	1653.3	1	6
3	1	987.48	1	6
3	1	873.2	1	6
3	1	898.37	1	6
3	1	1119.1	1	6
3	1	1483.7	1	6
3	1	946.39	1	6
3	1	919.91	1	6
3	1	742.03	1	6
3	1	1235.5	1	6
3	1	1129	1	6
3	1	918.18	1	6
3	1	930.3	1	6
3	1	890.2	1	6
3	1	1090.6	1	6
3	1	801.01	1	6
3	1	997.47	1	6
3	1	1546.6	1	6
3	1	629.9	1	6
3	1	1280.9	1	6
3	1	2498.2	1	6
3	1	2960.7	1	6
3	1	1124.2	0	6
3	1	2394.3	1	6
3	1	2094.9	1	6
3	1	1948.9	0	6
3	1	830.33	1	6
3	1	841.33	1	6
3	1	1397.4	1	6
3	1	1151.2	1	6
3	1	1132.1	1	6
3	1	2429.8	1	6
3	1	2125.4	1	6
3	1	943.85	1	6
3	1	1314.9	1	6
3	1	1174.6	1	6
3	1	1388.7	1	6
3	1	1373.6	1	6
3	1	1478	1	6
3	1	1131.1	1	6
3	1	1023.4	1	6
3	1	1327.2	1	6
3	1	1498.8	1	6
3	1	1685.3	1	6
3	1	871.02	1	6
3	1	1104.5	1	6
3	1	976.63	1	6
3	1	1086.8	1	6
3	1	1610.4	1	6
3	1	989.36	1	6
3	1	1184.7	1	6
3	1	910.98	1	6
3	1	1387.6	1	6
3	1	1303	1	6
3	1	1761.2	1	6
3	1	2271.9	0	6
3	1	1670.5	1	6
3	1	1087.8	1	6
3	1	1692.6	1	6
3	1	1690.1	1	6
3	1	1055	1	6
3	1	2854.8	0	6
3	1	1429.8	1	6
3	1	1415.1	1	6
3	1	1794.6	1	6
3	1	2297.2	1	6
3	1	2080	1	6
3	1	2697.8	1	6
3	1	1027.7	1	6
3	1	1731.4	1	6
3	1	2114.1	1	6
3	1	873.32	1	6
3	1	1289.2	1	6
3	1	1390.9	1	6
3	1	2228.5	1	6
3	1	1452.7	1	6
3	1	1734.4	0	7
3	1	1154.1	0	7
3	1	793.91	0	7
3	1	993.92	0	7
3	1	1288.2	0	7
3	1	2503.4	0	7
3	1	2743.3	0	7
3	1	1357.6	0	7
3	1	2211.1	1	7
3	1	1019.4	1	7
3	1	1432.1	0	7
3	1	1966.5	0	7
3	1	1656.8	0	7
3	1	2110.4	0	7
3	1	1476.5	0	7
3	1	1757.6	0	7
3	1	2039.1	0	7
3	1	793.72	0	7
3	1	1048.8	1	7
3	1	1572.3	0	7
3	1	1057.4	0	7
3	1	1376.7	0	7
3	1	831.24	0	7
3	1	1322.1	1	7
3	1	717.75	1	7
3	1	1355.2	0	7
3	1	734.89	0	7
3	1	1052.1	0	7
3	1	1299.2	0	7
3	1	1407.3	0	7
3	1	1833.3	0	7
3	1	1443.7	0	7
3	1	1583.1	0	7
3	1	1097.5	0	7
3	1	644.69	0	7
3	1	1190.7	0	7
3	1	1202.2	0	7
3	1	1714.1	0	7
3	1	1128.6	0	7
3	1	1159.4	0	7
3	1	1613	0	7
3	1	1193.4	0	7
3	1	1541.6	1	7
3	1	1271.1	0	7
3	1	1180.1	0	7
3	1	900.69	0	7
3	1	1982.5	0	7
3	1	1164.8	0	7
3	1	606.63	0	7
3	1	1119.4	0	7
3	1	1407.8	0	7
3	1	682.98	0	7
3	1	635.18	0	7
3	1	966.36	1	7
3	1	1036.2	0	7
3	1	965.73	0	7
3	1	784.28	0	7
3	1	863.11	0	7
3	1	1480.1	0	7
3	1	860.51	0	7
3	1	1364.7	1	7
3	1	922.17	0	7
3	1	969.07	0	7
3	1	995.7	0	7
3	1	1085.7	0	7
3	1	759.67	0	7
3	1	1254.2	1	7
3	1	628.29	0	7
3	1	1641.8	0	7
3	1	1256.2	0	7
3	1	1379.2	0	7
3	1	1245.3	0	7
3	1	798.62	1	7
3	1	993.13	1	7
3	1	809.66	1	7
3	1	1463.9	0	7
3	1	1076.8	1	7
3	1	1547.9	1	7
3	1	906.18	1	7
3	1	1008.2	0	7
3	1	1817	0	7
3	1	1215	1	7
3	1	1324.1	0	7
3	1	1126.3	0	7
3	1	1020.5	1	7
3	1	970.71	0	7
3	1	1571.7	1	7
3	1	2098.3	1	7
3	1	886	1	7
3	1	1110.5	1	7
3	1	2039.9	1	7
3	1	918.26	1	7
3	1	831.61	1	7
3	1	1462.1	1	7
3	1	568.97	1	7
3	1	818.68	1	7
3	1	842.47	1	7
3	1	737.11	1	7
3	1	1150.4	1	7
3	1	792.26	0	7
3	1	502.14	0	7
3	1	703.38	1	7
3	1	670.31	1	7
3	1	937.44	0	7
3	1	890.75	1	7
3	1	719.17	1	7
3	1	836.72	0	7
3	1	981.28	0	7
3	1	806.43	0	7
3	1	1121.5	1	7
3	1	655.91	1	7
3	1	618.24	1	7
3	1	767.09	1	7
3	1	625.45	0	7
3	1	770.24	1	7
3	1	974.61	1	7
3	1	742.53	1	7
3	1	782.03	1	7
3	1	779.76	1	7
3	1	1056.4	0	7
3	1	1037	1	7
3	1	716.77	0	7
3	1	857.7	1	7
3	1	1359.1	0	7
3	1	981.09	0	7
3	1	1006.8	0	7
3	1	645.65	1	7
3	1	2129.7	1	7
3	1	782.22	1	7
3	1	954.37	1	7
3	1	974.26	0	7
3	1	603.01	1	7
3	1	596.9	1	7
3	1	569.95	1	7
3	1	763.02	1	7
3	1	567.12	1	7
3	1	783.88	1	7
3	1	594.42	1	7
3	1	628.09	1	7
3	1	784.37	1	7
3	1	620.83	0	7
3	1	915.08	1	7
3	1	775.92	1	7
3	1	667.3	1	7
3	1	999.11	1	7
3	1	802.22	0	7
3	1	778.54	1	7
3	1	1310.9	0	7
3	1	613.89	1	7
3	1	853.88	1	7
3	1	548.39	1	7
3	1	484.09	1	7
3	1	670.58	0	7
3	1	680.81	1	7
3	1	598.3	0	7
3	1	915.82	0	7
3	1	1063.8	0	7
3	1	887.69	1	7
3	1	825.5	1	7
3	1	696.37	1	7
3	1	1086.8	0	7
3	1	679.57	1	7
3	1	706.79	0	7
3	1	764.58	1	7
3	1	773.68	1	7
3	1	805.95	1	7
3	1	1684.9	0	7
3	1	692.16	1	7
3	1	614.86	1	7
3	1	889.38	0	7
3	1	775.15	0	7
3	1	1457.9	0	7
3	1	927.65	1	7
3	1	1220.3	1	7
3	1	802.65	0	7
3	1	630.34	0	7
3	1	1810.1	1	7
3	1	1054.4	0	7
3	1	1089.8	1	7
3	1	999.49	1	7
3	1	1075.4	1	7
3	1	871.05	1	7
3	1	1396.7	1	7
3	1	1316.5	1	7
3	1	769.79	0	7
3	1	999.28	0	7
3	1	1009.8	1	7
3	1	1074.7	1	7
3	1	1102.2	1	7
3	1	700.6	1	7
3	1	763.46	0	7
3	1	748.54	1	7
3	1	808.16	1	7
3	1	982.61	1	7
3	1	765.63	1	7
3	1	903.99	0	7
3	1	580.81	1	7
3	1	647.17	1	7
3	1	588.25	1	7
3	1	728.74	1	7
3	1	655.23	1	7
3	1	802.8	1	7
3	1	1080.3	1	7
3	1	808.07	1	7
3	1	1096.2	0	7
3	1	1021.4	1	7
3	1	1551.1	1	7
3	1	1655.8	0	7
3	1	1846.6	0	7
3	1	1095	1	7
3	1	800.14	1	7
3	1	993.79	0	7
3	1	1026.5	1	7
3	1	1730	1	7
3	1	1179.6	0	7
3	1	1344.2	1	7
3	1	1646.9	0	7
3	1	1551.3	0	7
3	1	1962.1	1	7
3	1	908.05	1	7
3	1	1110.6	1	7
3	1	1913.1	0	7
3	1	1494.2	1	7
3	1	1755.2	1	7
3	1	1009.4	1	7
3	1	642.71	1	7
3	1	1315.5	1	7
3	1	1962.4	1	7
3	1	1165.4	1	7
3	1	1040.9	1	7
3	1	1210.5	1	7
3	1	1493.9	1	7
3	1	2621.2	1	7
3	1	2450.2	1	7
3	1	2388.6	1	7
3	1	719.5	0	7
3	1	1813.8	1	7
3	1	1487.5	1	7
3	1	1783.5	1	7
3	1	1755.4	1	7
3	1	2051.4	1	7
3	1	1530.1	1	7
3	1	1698	1	7
3	1	793.91	1	7
3	1	2185.5	1	7
3	1	2318.9	1	7
3	1	1714.1	1	7
3	1	1207.8	1	7
3	1	1185.8	0	7
3	1	825.18	1	7
3	1	900.02	1	7
3	1	1171.3	0	7
3	1	1001.7	0	7
3	1	1528.6	1	7
3	1	2167.2	0	7
3	1	787.88	1	7
3	1	1191	1	7
3	1	1903.1	0	7
3	1	938.24	1	7
3	1	1054.6	1	7
3	1	2173.2	0	7
3	1	719.64	1	7
3	1	972.83	1	7
3	1	1352.2	0	7
3	1	3016.5	1	7
3	1	2159.2	1	7
3	1	1724.4	1	7
3	1	2717	1	7
3	1	1220.1	0	7
3	1	1056.8	1	7
3	1	1679.9	1	7
3	1	1346.8	0	7
3	1	1569.9	0	7
3	1	2797.4	1	7
3	1	1650.8	0	7
3	1	1925.7	1	7
3	1	1978	0	7
3	1	1076.2	1	7
3	1	1732.4	0	7
3	1	700.14	1	7
3	1	882.5	1	7
3	1	988.96	1	7
3	1	1135	0	7
3	1	1398	1	7
3	1	2301.6	0	7
3	1	1062.8	1	7
3	1	1247.8	0	7
3	1	1364.5	1	7
3	1	1465.4	1	7
3	1	2773.9	0	7
3	1	1270.7	0	7
3	1	1761.5	0	7
3	1	871.73	0	7
3	1	1292.7	0	7
3	1	833.07	1	7
3	1	1184.3	1	7
3	1	713.17	1	7
3	1	1422.8	0	7
3	1	2156.7	0	7
3	1	1894.9	1	7
3	1	1178.9	0	7
3	1	1327.7	1	7
3	1	1942.6	1	7
3	1	1242.1	1	7
3	1	1786	0	7
3	1	1452.7	1	7
3	1	1427.8	1	7
3	1	1517.4	1	7
3	1	1487.4	1	7
3	1	1421.5	0	7
3	1	1348	1	7
3	1	1556.7	1	7
3	1	1375.3	1	7
3	1	1258.6	1	7
3	1	2162.3	1	7
3	1	1580.8	1	7
3	1	2054.1	1	7
3	1	795.78	1	7
3	1	1816.7	0	7
3	1	1310.8	1	7
3	1	1105.3	1	7
3	1	1182.3	0	7
3	1	2079.8	0	7
3	1	1992.9	0	7
3	1	1585.1	1	7
3	1	1548	0	7
3	1	2049.2	0	7
3	1	1598.4	1	7
3	1	2190.6	0	7
3	1	1999.5	1	7
3	1	1990.6	0	7
3	1	2145.1	0	7
3	1	2355.2	1	7
3	1	2628.4	0	7
3	1	1528.3	0	7
3	1	2103.2	0	7
3	1	1883.8	1	7
3	1	2197.3	0	7
3	1	2940.3	0	7
3	1	2186.9	0	7
3	1	2169.6	0	7
3	1	2767.5	0	7
3	1	2707.2	0	7
3	1	1703.7	0	7
3	1	2320.1	1	7
3	1	1288.6	1	7
3	1	1737.6	0	7
3	1	2669.2	1	7
3	1	2402.5	1	7
3	1	2110	0	8
3	1	734.24	1	8
3	1	909.45	1	8
3	1	754.93	1	8
3	1	890.96	1	8
3	1	1296.6	1	8
3	1	705.11	1	8
3	1	648.82	1	8
3	1	872.47	1	8
3	1	2350.9	0	8
3	1	954.42	1	8
3	1	963.4	1	8
3	1	1364.4	1	8
3	1	1409.7	1	8
3	1	682.44	1	8
3	1	1693.2	1	8
3	1	1249.5	1	8
3	1	1528.7	1	8
3	1	1067	1	8
3	1	2101.1	1	8
3	1	1054.1	1	8
3	1	1202.5	1	8
3	1	1040.7	1	8
3	1	1296.5	1	8
3	1	1477.3	1	8
3	1	995.35	1	8
3	1	1422.1	1	8
3	1	1764.6	1	8
3	1	826.71	1	8
3	1	1159.8	1	8
3	1	1271.9	1	8
3	1	1224.9	1	8
3	1	1219.3	0	8
3	1	810	1	8
3	1	1874.8	1	8
3	1	614.15	1	8
3	1	622.93	1	8
3	1	1093.5	1	8
3	1	1565.5	1	8
3	1	809.37	1	8
3	1	809.45	1	8
3	1	1026.7	1	8
3	1	886.44	1	8
3	1	716.96	1	8
3	1	1218.8	1	8
3	1	1193.2	0	8
3	1	631.17	1	8
3	1	1055.5	1	8
3	1	671.28	1	8
3	1	914.66	1	8
3	1	874.06	1	8
3	1	872.95	1	8
3	1	664.47	1	8
3	1	584.71	1	8
3	1	917.33	1	8
3	1	1627.6	1	8
3	1	855.35	1	8
3	1	1073.3	0	8
3	1	1148.9	1	8
3	1	894.28	1	8
3	1	781.27	1	8
3	1	807.86	1	8
3	1	1344.2	1	8
3	1	1075.8	1	8
3	1	1186.8	1	8
3	1	1185.9	1	8
3	1	1167.8	1	8
3	1	1351.6	1	8
3	1	1547	0	8
3	1	1321.3	0	8
3	1	721.85	1	8
3	1	767.2	1	8
3	1	668.82	1	8
3	1	1408.2	1	8
3	1	808.08	1	8
3	1	789.08	1	8
3	1	851.87	1	8
3	1	1144.5	1	8
3	1	870.96	1	8
3	1	1181.6	0	8
3	1	960.9	1	8
3	1	2211.4	0	8
3	1	1490.5	1	8
3	1	836.64	1	8
3	1	1283.7	0	8
3	1	1395.5	0	8
3	1	935.22	1	8
3	1	928.01	1	8
3	1	1783.7	1	8
3	1	1127.6	1	8
3	1	618.76	1	8
3	1	1084.2	1	8
3	1	806.03	1	8
3	1	1466.8	1	8
3	1	685.31	1	8
3	1	1012.5	0	8
3	1	987.9	0	8
3	1	845.51	0	8
3	1	769.26	1	8
3	1	628.76	1	8
3	1	927.22	0	8
3	1	592.65	1	8
3	1	523.87	1	8
3	1	628.43	1	8
3	1	786.25	1	8
3	1	660.52	1	8
3	1	782.86	1	8
3	1	554.78	1	8
3	1	727.92	1	8
3	1	709.64	1	8
3	1	962.12	1	8
3	1	822.09	1	8
3	1	1110.2	1	8
3	1	637.64	1	8
3	1	887.47	0	8
3	1	720.42	1	8
3	1	710.25	1	8
3	1	1555.8	1	8
3	1	780.73	1	8
3	1	752.98	1	8
3	1	637.76	1	8
3	1	1910.3	0	8
3	1	1110.4	1	8
3	1	681.02	1	8
3	1	477.22	0	8
3	1	1181.8	1	8
3	1	676.14	1	8
3	1	724.78	1	8
3	1	730.97	0	8
3	1	568.89	1	8
3	1	645.62	1	8
3	1	651.25	1	8
3	1	886.5	1	8
3	1	539.89	1	8
3	1	617.9	1	8
3	1	698.44	1	8
3	1	579.04	1	8
3	1	547.25	1	8
3	1	571.97	1	8
3	1	556.27	1	8
3	1	2001.1	1	8
3	1	670.56	1	8
3	1	787.76	1	8
3	1	582.97	1	8
3	1	633.67	1	8
3	1	870.33	1	8
3	1	673.7	1	8
3	1	557.2	1	8
3	1	661.29	1	8
3	1	812.25	0	8
3	1	534.52	1	8
3	1	692.09	1	8
3	1	859.09	1	8
3	1	564.17	1	8
3	1	683.59	1	8
3	1	1330.8	0	8
3	1	643.09	1	8
3	1	1431.6	1	8
3	1	653.87	1	8
3	1	655.1	1	8
3	1	717.09	1	8
3	1	683.97	1	8
3	1	1147.6	1	8
3	1	660.99	1	8
3	1	1416.3	0	8
3	1	907.56	1	8
3	1	1299.5	1	8
3	1	629.3	1	8
3	1	1561.8	0	8
3	1	753.41	1	8
3	1	1050.7	1	8
3	1	1496.4	1	8
3	1	618.53	1	8
3	1	1022	1	8
3	1	901.41	1	8
3	1	1075.1	0	8
3	1	1014.1	1	8
3	1	1045.2	1	8
3	1	583.13	1	8
3	1	724.32	1	8
3	1	902.49	0	8
3	1	889.16	0	8
3	1	749.54	1	8
3	1	814.41	1	8
3	1	1766.4	0	8
3	1	956.3	1	8
3	1	747.89	1	8
3	1	814.15	1	8
3	1	736.39	1	8
3	1	819.38	0	8
3	1	678.56	1	8
3	1	796.14	1	8
3	1	822.6	1	8
3	1	613	1	8
3	1	1006.2	1	8
3	1	666.31	1	8
3	1	606.41	1	8
3	1	756.12	1	8
3	1	619.05	1	8
3	1	564.71	1	8
3	1	616.56	1	8
3	1	664.5	1	8
3	1	654.85	1	8
3	1	642.35	1	8
3	1	805.03	1	8
3	1	808.31	1	8
3	1	855.83	1	8
3	1	1021.7	1	8
3	1	1701.5	1	8
3	1	1504	0	8
3	1	657.56	1	8
3	1	971.83	1	8
3	1	858.63	1	8
3	1	817.11	1	8
3	1	1602.8	1	8
3	1	971.07	1	8
3	1	1292.9	1	8
3	1	1614.4	1	8
3	1	1803.4	1	8
3	1	1492.7	1	8
3	1	1600.8	0	8
3	1	1996.6	1	8
3	1	810.2	1	8
3	1	965.77	1	8
3	1	2427.6	1	8
3	1	629.46	1	8
3	1	1379.2	1	8
3	1	1286.9	1	8
3	1	1018.3	1	8
3	1	1214.8	1	8
3	1	857.14	1	8
3	1	1990.3	1	8
3	1	1787.6	1	8
3	1	885.56	1	8
3	1	1002.1	1	8
3	1	1286.6	1	8
3	1	1513.7	1	8
3	1	2646.4	1	8
3	1	863.28	1	8
3	1	1513.9	1	8
3	1	1168.8	1	8
3	1	1371.7	1	8
3	1	1274.5	1	8
3	1	1307.6	1	8
3	1	2059.7	1	8
3	1	1483.3	1	8
3	1	1764.3	1	8
3	1	1506.1	1	8
3	1	2434.7	1	8
3	1	2609.9	1	8
3	1	777.86	1	8
3	1	766.08	1	8
3	1	577.64	1	8
3	1	888.88	1	8
3	1	713.19	1	8
3	1	728.75	1	8
3	1	735.02	1	8
3	1	1241.1	1	8
3	1	820.87	1	8
3	1	1136.3	1	8
3	1	2343.6	1	8
3	1	2716.1	1	8
3	1	649.61	1	8
3	1	2106.8	1	8
3	1	858.26	1	8
3	1	2405.7	1	8
3	1	3416.5	1	8
3	1	1801.1	1	8
3	1	1509	1	8
3	1	1081.7	1	8
3	1	1687.9	1	8
3	1	1776.5	1	8
3	1	1787	1	8
3	1	885.44	1	8
3	1	1802.6	1	8
3	1	934.76	1	8
3	1	694.24	1	8
3	1	727.76	1	8
3	1	1086.6	1	8
3	1	734.8	1	8
3	1	935.43	1	8
3	1	734.43	1	8
3	1	735.7	1	8
3	1	841.1	1	8
3	1	1470.4	1	8
3	1	1024.3	1	8
3	1	2249	0	8
3	1	1171.6	1	8
3	1	888.83	1	8
3	1	643.17	1	8
3	1	760.1	1	8
3	1	901.54	1	8
3	1	1161.2	0	8
3	1	923.98	1	8
3	1	1852	1	8
3	1	1245.5	1	8
3	1	1224.2	1	8
3	1	2798.4	1	8
3	1	956.21	1	8
3	1	2041	0	8
3	1	785.55	1	8
3	1	747.7	1	8
3	1	723.48	1	8
3	1	898.7	1	8
3	1	1036.2	1	8
3	1	811.97	1	8
3	1	828.19	1	8
3	1	1827.3	1	8
3	1	1280.6	1	8
3	1	1270.2	1	8
3	1	1173.9	1	8
3	1	1062.1	1	8
3	1	1132.2	1	8
3	1	749.26	1	8
3	1	928.15	1	8
3	1	1740	1	8
3	1	1124	1	8
3	1	1715.4	1	8
3	1	1213.7	1	8
3	1	978.56	1	8
3	1	1334.5	1	8
3	1	1271.2	1	8
3	1	888.17	1	8
3	1	1710.8	1	8
3	1	2284.7	1	8
3	1	888.2	1	8
3	1	1130.5	1	8
3	1	963.79	1	8
3	1	2269.4	1	8
3	1	972.91	1	8
3	1	1444.7	1	8
3	1	1611.2	1	8
3	1	1061	1	8
3	1	978.57	1	8
3	1	1933.5	1	8
3	1	1135.6	1	8
3	1	2281	1	8
3	1	1817.4	1	8
3	1	1707.9	1	8
3	1	2235.1	1	8
3	1	942.05	1	8
3	1	1741.8	1	8
3	1	1265.1	1	8
3	1	2411.4	1	8
3	1	1012.1	1	8
3	1	1324.3	1	8
3	1	1042.3	1	8
3	1	901.28	1	8
3	1	1934.5	1	8
3	1	1214.5	1	8
3	1	752.97	1	9
3	1	809.76	1	9
3	1	738.84	1	9
3	1	633.08	1	9
3	1	2177.2	1	9
3	1	2327.1	1	9
3	1	772.1	1	9
3	1	904.52	1	9
3	1	797.73	1	9
3	1	718.09	1	9
3	1	877	1	9
3	1	1641.3	1	9
3	1	834.51	1	9
3	1	1086.8	1	9
3	1	646.01	1	9
3	1	764.97	1	9
3	1	1167.1	1	9
3	1	1398.4	1	9
3	1	849.22	1	9
3	1	1855.6	1	9
3	1	627.04	1	9
3	1	1271.4	1	9
3	1	692.4	1	9
3	1	880.22	1	9
3	1	828.22	1	9
3	1	771.22	1	9
3	1	878.41	1	9
3	1	1093	1	9
3	1	989.91	1	9
3	1	1426.7	1	9
3	1	712.08	1	9
3	1	1006.7	1	9
3	1	1053.2	1	9
3	1	970.41	1	9
3	1	579.28	1	9
3	1	644.97	1	9
3	1	567.21	1	9
3	1	717.89	1	9
3	1	883.39	1	9
3	1	729.54	1	9
3	1	819.2	1	9
3	1	892.58	1	9
3	1	1587.8	1	9
3	1	1072.5	1	9
3	1	945.56	1	9
3	1	1555	1	9
3	1	1270.7	1	9
3	1	528.58	1	9
3	1	1375.5	1	9
3	1	774.91	1	9
3	1	1071.2	1	9
3	1	659.97	1	9
3	1	580.87	1	9
3	1	750.8	1	9
3	1	663.23	1	9
3	1	781.6	1	9
3	1	649.72	1	9
3	1	869.53	1	9
3	1	861.65	1	9
3	1	903.7	1	9
3	1	861.02	1	9
3	1	630.68	1	9
3	1	827.85	1	9
3	1	909.41	1	9
3	1	717.52	1	9
3	1	808.06	1	9
3	1	634.3	1	9
3	1	766.46	1	9
3	1	754.07	1	9
3	1	714.7	1	9
3	1	800.55	1	9
3	1	883.88	1	9
3	1	748.73	1	9
3	1	812.99	1	9
3	1	1099.4	1	9
3	1	695.16	1	9
3	1	849.79	1	9
3	1	1593.6	1	9
3	1	874.59	1	9
3	1	742.55	1	9
3	1	1107.6	1	9
3	1	1115.4	1	9
3	1	1359.4	1	9
3	1	999.13	1	9
3	1	813.29	1	9
3	1	758.78	1	9
3	1	949.44	1	9
3	1	784.5	1	9
3	1	968.28	1	9
3	1	751.36	1	9
3	1	720.32	1	9
3	1	771.41	1	9
3	1	1533.9	1	9
3	1	713.38	1	9
3	1	714.35	1	9
3	1	680.05	1	9
3	1	1519.1	1	9
3	1	603.7	1	9
3	1	669	1	9
3	1	766.97	1	9
3	1	650.89	1	9
3	1	511.68	1	9
3	1	602.59	1	9
3	1	584.75	1	9
3	1	569.83	1	9
3	1	635.36	1	9
3	1	645.27	1	9
3	1	873.46	1	9
3	1	530.79	1	9
3	1	568.63	1	9
3	1	777.26	1	9
3	1	751.29	1	9
3	1	569.93	1	9
3	1	1027.7	1	9
3	1	648.4	1	9
3	1	735.62	1	9
3	1	597.71	1	9
3	1	747.58	1	9
3	1	677.94	1	9
3	1	823.58	1	9
3	1	1131.8	1	9
3	1	745.29	1	9
3	1	1057.8	1	9
3	1	758.71	1	9
3	1	1708.3	1	9
3	1	876.44	1	9
3	1	608.82	0	9
3	1	945.4	1	9
3	1	883.87	1	9
3	1	771.94	1	9
3	1	720.29	1	9
3	1	825.37	1	9
3	1	564.26	1	9
3	1	511.69	1	9
3	1	517.27	1	9
3	1	723.27	1	9
3	1	594.78	1	9
3	1	691.48	1	9
3	1	1120.6	1	9
3	1	646.66	1	9
3	1	465.58	1	9
3	1	684.87	1	9
3	1	554.02	1	9
3	1	531.34	1	9
3	1	510.37	1	9
3	1	717.81	1	9
3	1	663.58	1	9
3	1	520.37	1	9
3	1	563.3	1	9
3	1	695.73	1	9
3	1	522.97	1	9
3	1	653.54	1	9
3	1	734.87	1	9
3	1	588.11	1	9
3	1	626.17	1	9
3	1	594.66	1	9
3	1	609.89	1	9
3	1	637.63	1	9
3	1	544.24	1	9
3	1	626.24	1	9
3	1	706.04	1	9
3	1	1010.1	1	9
3	1	631.55	1	9
3	1	590.82	1	9
3	1	1126.9	1	9
3	1	608.84	1	9
3	1	815.13	1	9
3	1	598.49	1	9
3	1	636.93	1	9
3	1	574.44	1	9
3	1	624.96	1	9
3	1	626.2	1	9
3	1	796.96	1	9
3	1	1180.9	1	9
3	1	1489	1	9
3	1	795.85	1	9
3	1	1050.8	1	9
3	1	634.47	1	9
3	1	2111.9	1	9
3	1	822.26	1	9
3	1	841.98	1	9
3	1	785.99	1	9
3	1	2523.7	1	9
3	1	721.89	1	9
3	1	812.28	1	9
3	1	1440.6	1	9
3	1	871.14	1	9
3	1	658.95	1	9
3	1	829.39	1	9
3	1	2643	0	9
3	1	735.76	1	9
3	1	741.52	1	9
3	1	625.03	1	9
3	1	1513.4	1	9
3	1	644.43	1	9
3	1	836.36	1	9
3	1	691.23	1	9
3	1	602.78	1	9
3	1	865.19	1	9
3	1	676.29	1	9
3	1	583.61	1	9
3	1	688.87	1	9
3	1	692.94	1	9
3	1	719.62	1	9
3	1	779.77	1	9
3	1	571.38	1	9
3	1	746.73	1	9
3	1	958.97	1	9
3	1	533.41	1	9
3	1	1096.4	1	9
3	1	637.82	1	9
3	1	675.19	1	9
3	1	567.16	1	9
3	1	725.43	1	9
3	1	787.8	1	9
3	1	983.5	1	9
3	1	1467.5	1	9
3	1	1914.9	1	9
3	1	1295	1	9
3	1	1787.4	1	9
3	1	1515.9	1	9
3	1	2071.8	1	9
3	1	1406.4	1	9
3	1	1502	1	9
3	1	1798	1	9
3	1	1391.5	1	9
3	1	1817.3	1	9
3	1	721.67	1	9
3	1	707.6	1	9
3	1	2258.7	1	9
3	1	804.92	1	9
3	1	814.07	1	9
3	1	724.03	1	9
3	1	1491.3	1	9
3	1	1455.1	1	9
3	1	1391.4	1	9
3	1	1806.8	1	9
3	1	874.82	1	9
3	1	1952.3	1	9
3	1	1560.5	1	9
3	1	1213	1	9
3	1	809.05	1	9
3	1	1580.1	1	9
3	1	1378.3	1	9
3	1	1417.1	1	9
3	1	3340	1	9
3	1	1400.7	1	9
3	1	1592	1	9
3	1	1248.3	1	9
3	1	584.01	1	9
3	1	547.66	1	9
3	1	607.81	1	9
3	1	698.45	1	9
3	1	554.46	1	9
3	1	769.68	1	9
3	1	789.13	1	9
3	1	711.9	1	9
3	1	753.32	1	9
3	1	712.74	1	9
3	1	867.41	1	9
3	1	1786.8	1	9
3	1	1698.9	1	9
3	1	1950	1	9
3	1	1609.8	1	9
3	1	839.89	1	9
3	1	1537.5	1	9
3	1	1058.4	1	9
3	1	2825.8	1	9
3	1	1440.4	1	9
3	1	1861.5	1	9
3	1	855.57	1	9
3	1	1289.3	1	9
3	1	732.91	1	9
3	1	657.27	1	9
3	1	1951.5	1	9
3	1	693.07	1	9
3	1	824.35	1	9
3	1	940.94	1	9
3	1	1099.4	1	9
3	1	885.63	1	9
3	1	617.8	1	9
3	1	757.26	1	9
3	1	736.84	1	9
3	1	845.8	1	9
3	1	1345.9	1	9
3	1	659.68	1	9
3	1	1050.3	1	9
3	1	2545.1	1	9
3	1	1480.5	1	9
3	1	1421.8	1	9
3	1	645.25	1	9
3	1	852.3	1	9
3	1	1110	1	9
3	1	1204.9	1	9
3	1	1232.2	1	9
3	1	1086.9	1	9
3	1	762.18	1	9
3	1	699.43	1	9
3	1	1983.4	1	9
3	1	1621.3	1	9
3	1	818.1	1	9
3	1	732.46	1	9
3	1	883.24	1	9
3	1	834.03	1	9
3	1	808.17	1	9
3	1	924.69	1	9
3	1	846.86	1	9
3	1	926.58	1	9
3	1	1319.9	1	9
3	1	1207.9	1	9
3	1	800.28	1	9
3	1	843.28	1	9
3	1	1034.3	1	9
3	1	1335.6	1	9
3	1	802.58	1	9
3	1	913.68	1	9
3	1	917.18	1	9
3	1	1000.5	1	9
3	1	1179.1	1	9
3	1	986.58	1	9
3	1	826.97	1	9
3	1	894.21	1	9
3	1	621.7	1	9
3	1	762.42	1	9
3	1	977.18	1	9
3	1	1742.2	1	9
3	1	975.72	1	9
3	1	1231.1	1	9
3	1	903.06	1	9
3	1	911.19	1	9
3	1	913.4	1	9
3	1	1024.4	1	9
3	1	1077.5	1	9
3	1	1328.5	1	9
3	1	1091.6	1	9
3	1	1094.2	1	9
3	1	1342.6	1	9
3	1	901.42	1	9
3	1	1019.1	1	9
3	1	684.38	1	9
3	1	886.22	1	9
3	1	946.35	1	9
3	1	1250.8	1	9
3	1	1217.9	1	9
3	1	744.02	1	9
3	1	1054.8	1	9
3	1	730.66	1	9
3	1	754.58	1	9
3	1	1256.7	1	9
3	1	1013.6	1	9
