8	2	700.57	1	1
8	2	732.5	1	1
8	2	878.03	1	1
8	2	757.01	1	1
8	2	995.97	1	1
8	2	695.49	1	1
8	2	1816.8	0	1
8	2	818.42	1	1
8	2	1079.8	1	1
8	2	1017.8	1	1
8	2	1177	1	1
8	2	747.92	1	1
8	2	980.38	1	1
8	2	908.93	1	1
8	2	1966.8	1	1
8	2	1353.2	0	1
8	2	901.43	1	1
8	2	640.69	1	1
8	2	1530.7	0	1
8	2	1088.9	0	1
8	2	1117.6	1	1
8	2	997.01	1	1
8	2	1169	1	1
8	2	1869.1	1	1
8	2	1438.9	0	1
8	2	1707.2	0	1
8	2	1278	0	1
8	2	1025.1	1	1
8	2	1428.5	1	1
8	2	733.93	1	1
8	2	788.31	1	1
8	2	989.08	1	1
8	2	971.88	1	1
8	2	719.07	1	1
8	2	728.95	1	1
8	2	687.17	1	1
8	2	873.51	1	1
8	2	1124.9	1	1
8	2	2032.7	1	1
8	2	1266	1	1
8	2	658.13	1	1
8	2	690.24	1	1
8	2	675.35	1	1
8	2	879.41	1	1
8	2	1031.9	1	1
8	2	809.95	1	1
8	2	818.6	1	1
8	2	734.59	1	1
8	2	1324.1	0	1
8	2	1067.5	1	1
8	2	856.06	1	1
8	2	820.82	1	1
8	2	876.84	1	1
8	2	770.48	1	1
8	2	1053	1	1
8	2	1619	1	1
8	2	2019.3	1	1
8	2	1197.2	1	1
8	2	838.56	1	1
8	2	1318.7	1	1
8	2	1113.7	1	1
8	2	696.79	1	1
8	2	673.75	1	1
8	2	1780.1	1	1
8	2	1471.7	1	1
8	2	957.06	1	1
8	2	2017.5	1	1
8	2	1461.7	1	1
8	2	993.35	1	1
8	2	904.24	1	1
8	2	990.35	1	1
8	2	1525.8	1	1
8	2	2359.7	0	1
8	2	819.25	1	1
8	2	1757.5	1	1
8	2	1038.9	1	1
8	2	1322.3	1	1
8	2	866.94	1	1
8	2	1352.7	1	1
8	2	1494.6	1	1
8	2	1847.5	1	1
8	2	1519.4	1	1
8	2	1570.8	1	1
8	2	1117.8	1	1
8	2	1220.6	1	1
8	2	1160.7	1	1
8	2	1073.3	0	1
8	2	941.09	1	1
8	2	1273.8	1	1
8	2	1338	1	1
8	2	1821.3	0	1
8	2	1386.2	1	1
8	2	909.01	1	1
8	2	2000.3	1	1
8	2	760.99	1	1
8	2	1713.7	1	1
8	2	1320.9	1	1
8	2	874.34	1	1
8	2	1627.7	1	1
8	2	693.2	1	1
8	2	981.04	1	1
8	2	2786	1	1
8	2	849.76	1	1
8	2	786.02	1	1
8	2	1178.2	1	1
8	2	1290.5	0	1
8	2	873.26	0	1
8	2	1036.9	1	1
8	2	871.3	1	1
8	2	1141.4	1	1
8	2	732.61	1	1
8	2	767.15	1	1
8	2	1212.6	1	1
8	2	573.21	1	1
8	2	1610.6	0	1
8	2	792.8	1	1
8	2	920.5	1	1
8	2	771.07	1	1
8	2	928.16	1	1
8	2	873.67	1	1
8	2	1015.8	1	1
8	2	1109.1	1	1
8	2	1672.5	1	1
8	2	1123.8	1	1
8	2	1299.6	1	1
8	2	1353.4	1	1
8	2	2471.6	1	1
8	2	2357.9	1	1
8	2	899.85	1	1
8	2	802.61	1	1
8	2	777.73	1	1
8	2	1656.8	1	1
8	2	2822.2	1	1
8	2	2592.9	1	1
8	2	1369.2	0	1
8	2	1324.9	0	1
8	2	1808.1	1	1
8	2	1889.7	1	1
8	2	955.4	1	1
8	2	1795.9	1	1
8	2	1331.7	1	1
8	2	845.47	1	1
8	2	814.91	1	1
8	2	1282.9	1	1
8	2	649.74	1	1
8	2	617.85	1	1
8	2	1139.5	1	1
8	2	1082.9	0	1
8	2	909.79	1	1
8	2	1699.1	1	1
8	2	2684.4	1	1
8	2	1193.1	0	1
8	2	1225.5	1	1
8	2	1306.1	1	1
8	2	683.47	1	1
8	2	1408.4	1	1
8	2	951.92	1	1
8	2	982.78	1	1
8	2	1745	1	1
8	2	1038.4	1	1
8	2	781.54	1	1
8	2	823.48	1	1
8	2	1094.2	1	1
8	2	955.81	1	1
8	2	1222.6	1	1
8	2	708.3	1	1
8	2	686.46	1	1
8	2	1065.6	1	1
8	2	715.08	1	1
8	2	684.96	1	1
8	2	673.28	1	1
8	2	1057.8	1	1
8	2	2689.5	1	1
8	2	998.79	1	1
8	2	1141.9	1	1
8	2	1193.4	1	1
8	2	1062.7	1	1
8	2	570.22	1	1
8	2	823.85	1	1
8	2	886.11	1	1
8	2	1435.8	1	1
8	2	1384.4	1	1
8	2	1798.5	1	1
8	2	629.48	1	1
8	2	1564	1	1
8	2	2160.6	0	1
8	2	1182.7	1	1
8	2	598.22	1	1
8	2	670.39	1	1
8	2	1223.5	1	1
8	2	2038	1	1
8	2	1455.9	1	1
8	2	1806.4	1	1
8	2	1007.1	1	1
8	2	1370.8	1	1
8	2	1909.2	1	1
8	2	986.26	1	1
8	2	1180.8	0	1
8	2	1781.3	0	1
8	2	617.05	0	1
8	2	777.21	0	2
8	2	882.1	0	2
8	2	1055.9	1	2
8	2	1351.7	1	2
8	2	836.75	1	2
8	2	1055.7	1	2
8	2	1193.5	1	2
8	2	707.52	1	2
8	2	1021.9	1	2
8	2	1661.5	1	2
8	2	1880	0	2
8	2	834.54	1	2
8	2	977.41	1	2
8	2	898.94	1	2
8	2	1172.3	1	2
8	2	722	1	2
8	2	833.47	1	2
8	2	1313.4	1	2
8	2	1557.6	1	2
8	2	1209.1	1	2
8	2	835.04	1	2
8	2	1552.1	1	2
8	2	2477.1	1	2
8	2	3949.8	1	2
8	2	899.51	1	2
8	2	2467.5	0	2
8	2	2168.4	0	2
8	2	1540.2	1	2
8	2	1931	0	2
8	2	754.67	1	2
8	2	1257	1	2
8	2	1399.2	1	2
8	2	1186	1	2
8	2	1329.2	1	2
8	2	922.24	1	2
8	2	680.27	1	2
8	2	743.76	1	2
8	2	1339.9	1	2
8	2	1041.3	1	2
8	2	929.56	1	2
8	2	853.2	1	2
8	2	602.45	1	2
8	2	735.43	1	2
8	2	1622.1	1	2
8	2	892.54	1	2
8	2	1012.3	1	2
8	2	629.13	1	2
8	2	1486.8	1	2
8	2	816.09	1	2
8	2	1267.6	1	2
8	2	1083.6	1	2
8	2	865.52	1	2
8	2	1055.6	1	2
8	2	1649.8	1	2
8	2	897.11	1	2
8	2	2627.7	0	2
8	2	1419.9	1	2
8	2	1155	1	2
8	2	836.52	1	2
8	2	1432.6	1	2
8	2	888.87	1	2
8	2	737.28	1	2
8	2	694.65	1	2
8	2	1480.3	1	2
8	2	1952.5	1	2
8	2	690.73	1	2
8	2	1478.3	1	2
8	2	1009.7	1	2
8	2	1554.3	1	2
8	2	1166.3	1	2
8	2	1799.8	1	2
8	2	1229.4	1	2
8	2	1313.9	1	2
8	2	1967.3	0	2
8	2	1935	1	2
8	2	1501	1	2
8	2	1401.8	1	2
8	2	1419.6	0	2
8	2	995.04	1	2
8	2	1616.6	1	2
8	2	962.56	1	2
8	2	1459.3	0	2
8	2	1974	1	2
8	2	1027.9	1	2
8	2	1187.1	1	2
8	2	788.14	1	2
8	2	894.4	1	2
8	2	1628.8	1	2
8	2	1631.5	1	2
8	2	1077.9	1	2
8	2	760.92	1	2
8	2	696.74	1	2
8	2	815.79	1	2
8	2	1492.9	1	2
8	2	2105.3	1	2
8	2	683.62	1	2
8	2	784.7	1	2
8	2	1832.5	1	2
8	2	1519.8	1	2
8	2	915.38	1	2
8	2	1192.2	1	2
8	2	1714.9	1	2
8	2	2483.7	1	2
8	2	1476.5	0	2
8	2	793.22	1	2
8	2	1626.2	1	2
8	2	1054.1	1	2
8	2	1318.9	0	2
8	2	946.85	1	2
8	2	700.2	1	2
8	2	879.02	1	2
8	2	1100.6	1	2
8	2	683.03	1	2
8	2	1010.9	1	2
8	2	1563.4	0	2
8	2	578.84	1	2
8	2	672.37	1	2
8	2	2230.8	1	2
8	2	1762.6	1	2
8	2	673.23	1	2
8	2	1305.7	0	2
8	2	1013.6	1	2
8	2	1622.2	1	2
8	2	1635.9	1	2
8	2	1271.3	1	2
8	2	820.93	1	2
8	2	2574.7	1	2
8	2	2618.9	1	2
8	2	913.6	1	2
8	2	1109.3	1	2
8	2	1045.3	1	2
8	2	1196.4	1	2
8	2	1755	1	2
8	2	2026.5	0	2
8	2	1727.7	1	2
8	2	1620.3	1	2
8	2	992.04	1	2
8	2	1849.6	1	2
8	2	800.86	1	2
8	2	1586.1	1	2
8	2	957.65	1	2
8	2	826.18	1	2
8	2	1312.6	1	2
8	2	673.65	1	2
8	2	813.8	1	2
8	2	753.28	1	2
8	2	697.72	1	2
8	2	814.89	1	2
8	2	1299.5	1	2
8	2	1764.2	0	2
8	2	1406.4	0	2
8	2	990.81	1	2
8	2	811.79	1	2
8	2	769.55	1	2
8	2	2015.2	1	2
8	2	660.76	1	2
8	2	620.89	1	2
8	2	783.88	1	2
8	2	690.16	1	2
8	2	995.04	1	2
8	2	616.39	1	2
8	2	675.56	1	2
8	2	1265.7	1	2
8	2	880	1	2
8	2	947.03	1	2
8	2	823.18	1	2
8	2	1105.5	0	2
8	2	946.86	1	2
8	2	661.81	1	2
8	2	2165.7	1	2
8	2	1572.1	1	2
8	2	1695.4	1	2
8	2	790.5	1	2
8	2	1219.5	0	2
8	2	1207.4	1	2
8	2	853.16	1	2
8	2	677.74	1	2
8	2	643.1	1	2
8	2	901.85	1	2
8	2	997.91	1	2
8	2	1118.5	1	2
8	2	1305.1	1	2
8	2	1085.7	1	2
8	2	906.75	1	2
8	2	859.42	1	2
8	2	840.94	1	2
8	2	1555.5	1	2
8	2	655.52	1	2
8	2	1564.1	1	2
8	2	863.93	1	2
8	2	1027.5	1	2
8	2	1568.3	1	2
8	2	1127.2	1	2
8	2	937.06	0	2
8	2	1716.8	0	2
8	2	1714.5	1	2
8	2	1744.3	1	2
8	2	1690.9	1	2
8	2	1129	1	2
8	2	2137.8	1	2
8	2	1034.5	0	3
8	2	1572.1	0	3
8	2	887.6	1	3
8	2	1449.2	0	3
8	2	1070.2	1	3
8	2	1049.5	0	3
8	2	1141.8	0	3
8	2	1020.9	0	3
8	2	1034.8	0	3
8	2	1102.6	0	3
8	2	1791.6	0	3
8	2	1748.9	0	3
8	2	1977.4	0	3
8	2	1027.1	0	3
8	2	1209.6	0	3
8	2	878.33	0	3
8	2	884.22	0	3
8	2	1512.3	1	3
8	2	1531.6	1	3
8	2	1654.1	0	3
8	2	1833.9	1	3
8	2	1923.3	0	3
8	2	1633.3	0	3
8	2	1599.2	0	3
8	2	1013.7	1	3
8	2	1528.7	0	3
8	2	793.83	1	3
8	2	1889	1	3
8	2	2349	0	3
8	2	2019.2	1	3
8	2	1940.5	0	3
8	2	818.88	1	3
8	2	1108.9	0	3
8	2	1627.6	0	3
8	2	1793.3	0	3
8	2	1581.2	1	3
8	2	1391	0	3
8	2	1808	0	3
8	2	1050.5	1	3
8	2	1270.1	1	3
8	2	1737.2	1	3
8	2	1425.8	1	3
8	2	1305.7	0	3
8	2	1131.3	0	3
8	2	1252.9	0	3
8	2	1555.1	0	3
8	2	1076.9	0	3
8	2	1596.5	0	3
8	2	1095.6	0	3
8	2	1594.3	0	3
8	2	1718.1	0	3
8	2	1084.7	0	3
8	2	1424.1	0	3
8	2	2402	0	3
8	2	1374.4	0	3
8	2	2783.2	1	3
8	2	1389.3	1	3
8	2	1272.7	0	3
8	2	1518.2	0	3
8	2	1620.3	1	3
8	2	1856.4	0	3
8	2	1447.8	1	3
8	2	937.25	0	3
8	2	2203.1	0	3
8	2	989.1	1	3
8	2	1641.6	0	3
8	2	2257.4	1	3
8	2	2124.8	0	3
8	2	1520.1	0	3
8	2	3045.1	1	3
8	2	1302.2	0	3
8	2	958.11	1	3
8	2	924.87	0	3
8	2	863.48	1	3
8	2	2755.5	1	3
8	2	1785.5	1	3
8	2	898.29	0	3
8	2	2265.4	1	3
8	2	2046.2	1	3
8	2	2057.1	0	3
8	2	1851.3	0	3
8	2	1117.8	0	3
8	2	1729.5	0	3
8	2	1038.4	1	3
8	2	2205.2	1	3
8	2	995.63	0	3
8	2	2570.5	0	3
8	2	1628.8	0	3
8	2	1108.3	1	3
8	2	1164.5	1	3
8	2	2179.9	0	3
8	2	1809.1	0	3
8	2	1463.8	0	3
8	2	1388.1	0	3
8	2	948.09	0	3
8	2	2649	0	3
8	2	1057.5	0	3
8	2	1374.9	1	3
8	2	1675.3	0	3
8	2	1536.4	0	3
8	2	1556.2	0	3
8	2	1697.6	0	3
8	2	684.13	0	3
8	2	957.38	1	3
8	2	1587.6	0	3
8	2	882.66	0	3
8	2	1090.7	0	3
8	2	2069.4	0	3
8	2	1858	1	3
8	2	1644.6	0	3
8	2	1513.4	0	3
8	2	3105.6	1	3
8	2	1964.8	1	3
8	2	2350.8	1	3
8	2	1840.8	0	3
8	2	1046.8	0	3
8	2	1222.9	1	3
8	2	867.45	1	3
8	2	1053.4	0	3
8	2	1701.5	0	3
8	2	1775.5	1	3
8	2	1972.9	0	3
8	2	1342.2	1	3
8	2	1491.3	1	3
8	2	1325.5	1	3
8	2	1625.5	1	3
8	2	2303.7	1	3
8	2	1999.3	1	3
8	2	2275.6	0	3
8	2	2319.3	0	3
8	2	2071.4	1	3
8	2	1308.5	1	3
8	2	2655.2	0	3
8	2	2200.6	1	3
8	2	1848.2	0	3
8	2	2568.6	1	3
8	2	2309.3	0	3
8	2	2424.7	1	3
8	2	1779.8	1	3
8	2	2307.5	1	3
8	2	1182.5	0	3
8	2	1294.5	0	3
8	2	1484.7	0	3
8	2	2562.5	1	3
8	2	1661.6	0	3
8	2	2093.8	1	3
8	2	1101.3	0	3
8	2	2325.3	1	3
8	2	1367	0	3
8	2	1042.5	0	3
8	2	1733.7	1	3
8	2	872.14	0	3
8	2	1385.2	0	3
8	2	2697.5	1	3
8	2	1010.3	1	3
8	2	1325	1	3
8	2	868.71	0	3
8	2	1551	0	3
8	2	1401.6	1	3
8	2	2100.9	0	3
8	2	1638	0	3
8	2	2507.5	1	3
8	2	1590.7	1	3
8	2	1483.5	1	3
8	2	1924.2	1	3
8	2	952.32	0	3
8	2	2765.8	0	3
8	2	1415.4	1	3
8	2	770.49	1	3
8	2	1660.1	1	3
8	2	1006.8	0	3
8	2	836.21	0	3
8	2	880.63	0	3
8	2	1788.9	0	3
8	2	2152.3	0	3
8	2	2168	1	3
8	2	1433.3	0	3
8	2	974.37	0	3
8	2	1218.8	1	3
8	2	1674.9	1	3
8	2	2004.6	0	3
8	2	746.82	1	3
8	2	842.18	0	3
8	2	1484.3	0	3
8	2	1347.4	0	3
8	2	1923.1	0	3
8	2	759.62	0	3
8	2	1344.3	0	3
8	2	1240.6	1	3
8	2	2766.2	1	3
8	2	873.1	1	3
8	2	1064.8	0	3
8	2	1955.2	0	3
8	2	1085.9	0	3
8	2	3631.6	1	3
8	2	1790.4	0	3
8	2	3151.9	0	3
8	2	1630.6	0	3
8	2	1616.5	0	3
8	2	2943.9	1	3
8	2	612.94	0	4
8	2	1448.4	0	4
8	2	1165.9	1	4
8	2	1164.9	1	4
8	2	998.62	0	4
8	2	1025.5	0	4
8	2	959.28	0	4
8	2	2019.1	1	4
8	2	1489	0	4
8	2	2038.4	0	4
8	2	2365.9	0	4
8	2	1410.8	1	4
8	2	1422.4	1	4
8	2	1893.9	0	4
8	2	1527	1	4
8	2	1652.5	0	4
8	2	1836.7	1	4
8	2	1546.5	0	4
8	2	1675.9	1	4
8	2	1347.4	0	4
8	2	1151.5	0	4
8	2	2149.3	1	4
8	2	2224.5	1	4
8	2	1738	1	4
8	2	1685.2	1	4
8	2	817.17	1	4
8	2	1454.7	0	4
8	2	2072.6	1	4
8	2	2014.5	0	4
8	2	2099.3	1	4
8	2	2273.1	1	4
8	2	1167.9	0	4
8	2	2146.9	0	4
8	2	922.5	1	4
8	2	1728.7	1	4
8	2	1787.8	0	4
8	2	1129.5	1	4
8	2	2460	1	4
8	2	1850.8	1	4
8	2	1626.9	0	4
8	2	2037.6	1	4
8	2	1316.4	1	4
8	2	1611.5	1	4
8	2	1362.2	0	4
8	2	1968.2	1	4
8	2	1402.1	0	4
8	2	1964.6	0	4
8	2	1475	0	4
8	2	1221.6	0	4
8	2	1417.5	0	4
8	2	1247.3	0	4
8	2	1768.5	0	4
8	2	1478.8	1	4
8	2	2285.5	0	4
8	2	1568	0	4
8	2	1482.7	1	4
8	2	1998.6	0	4
8	2	2099.2	0	4
8	2	1718	0	4
8	2	1153.1	1	4
8	2	1391.7	0	4
8	2	1821.6	0	4
8	2	2311.7	0	4
8	2	1815.6	0	4
8	2	2121.7	0	4
8	2	1875.8	1	4
8	2	1633.2	0	4
8	2	2804.3	0	4
8	2	1765.8	0	4
8	2	1290.2	1	4
8	2	2184.2	1	4
8	2	1423	0	4
8	2	1959.6	1	4
8	2	2169.4	0	4
8	2	1204.4	1	4
8	2	1252.6	0	4
8	2	1235.9	1	4
8	2	1202.7	0	4
8	2	2202	0	4
8	2	2677.9	1	4
8	2	1857.2	1	4
8	2	2375.7	1	4
8	2	2225.8	1	4
8	2	1933	0	4
8	2	1023	1	4
8	2	1301.7	0	4
8	2	2091.1	0	4
8	2	1917.9	1	4
8	2	2677.4	0	4
8	2	1709.8	0	4
8	2	1224.6	0	4
8	2	1710.8	1	4
8	2	2206.5	0	4
8	2	1528	0	4
8	2	1922.6	0	4
8	2	1341.8	1	4
8	2	1013.5	1	4
8	2	1164.3	0	4
8	2	1057.2	0	4
8	2	2173.4	1	4
8	2	971.9	1	4
8	2	816.58	0	4
8	2	1147.6	0	4
8	2	1091.6	0	4
8	2	1807.7	0	4
8	2	1207	0	4
8	2	1226.1	0	4
8	2	1537.5	0	4
8	2	1864.4	0	4
8	2	1745	0	4
8	2	1631.6	0	4
8	2	1940.7	0	4
8	2	2074.3	0	4
8	2	1389.7	0	4
8	2	3367.2	0	4
8	2	1223.6	0	4
8	2	622.97	0	4
8	2	1534	0	4
8	2	1575	1	4
8	2	2869.7	1	4
8	2	2106.3	1	4
8	2	1628.3	1	4
8	2	1337.6	0	4
8	2	1241.7	1	4
8	2	2326	1	4
8	2	1794.7	0	4
8	2	2073.2	1	4
8	2	1142.3	1	4
8	2	1781.7	0	4
8	2	1567.3	1	4
8	2	1201.1	1	4
8	2	1733.5	1	4
8	2	1880.1	0	4
8	2	2090.5	1	4
8	2	2959	1	4
8	2	1648.9	0	4
8	2	2071.3	1	4
8	2	1163.5	1	4
8	2	2153.7	0	4
8	2	1720.2	0	4
8	2	2928	0	4
8	2	942.85	0	4
8	2	1875	0	4
8	2	2022.2	0	4
8	2	1283.4	0	4
8	2	1251.6	0	4
8	2	1379.2	1	4
8	2	894.38	0	4
8	2	3119.7	0	4
8	2	2551.7	0	4
8	2	1060.4	1	4
8	2	1174.3	0	4
8	2	1745.8	1	4
8	2	1286.6	1	4
8	2	950.8	0	4
8	2	1066.9	1	4
8	2	1672.8	0	4
8	2	1119.9	1	4
8	2	1617.9	0	4
8	2	1633.9	1	4
8	2	1708.9	1	4
8	2	2184.4	0	4
8	2	1938.6	1	4
8	2	1783.9	1	4
8	2	2213.1	1	4
8	2	623.5	0	4
8	2	1397.3	0	4
8	2	1666	0	4
8	2	868.25	0	4
8	2	1000.7	0	4
8	2	1475.2	0	4
8	2	2201.4	1	4
8	2	829.08	0	4
8	2	939.93	1	4
8	2	2647.9	0	4
8	2	1134.2	0	4
8	2	2391.9	0	4
8	2	856.67	0	4
8	2	936.53	0	4
8	2	1435	0	4
8	2	1442.6	0	4
8	2	1251.4	0	4
8	2	2312.9	1	4
8	2	2367.3	1	4
8	2	920.08	0	4
8	2	1001.7	0	4
8	2	1954.8	1	4
8	2	1626.1	1	4
8	2	1131.2	0	4
8	2	1380.6	1	4
8	2	2384.6	0	4
8	2	1172.5	1	4
8	2	1327.3	0	4
8	2	2682.4	0	4
8	2	1194.8	1	4
8	2	791.99	0	4
8	2	681.07	0	4
8	2	2770.5	1	4
8	2	1139.6	1	4
8	2	824.31	0	5
8	2	808.24	0	5
8	2	1219.4	0	5
8	2	845.16	1	5
8	2	970.86	0	5
8	2	658.69	0	5
8	2	1316	0	5
8	2	1392.6	0	5
8	2	1021.1	0	5
8	2	1383.1	0	5
8	2	1113.2	0	5
8	2	768.12	0	5
8	2	674.38	0	5
8	2	681.74	0	5
8	2	1193.8	1	5
8	2	646.51	0	5
8	2	1181.9	0	5
8	2	773.81	0	5
8	2	792.1	0	5
8	2	1706.7	0	5
8	2	1915	0	5
8	2	1366	0	5
8	2	1556.6	1	5
8	2	2098.4	1	5
8	2	1698.8	0	5
8	2	1134.7	0	5
8	2	1413	0	5
8	2	843.41	0	5
8	2	1083.1	0	5
8	2	1453.4	0	5
8	2	869.7	0	5
8	2	875.53	0	5
8	2	877.83	0	5
8	2	1135	1	5
8	2	667.9	0	5
8	2	1774.9	0	5
8	2	863.49	0	5
8	2	908.03	0	5
8	2	1152.5	0	5
8	2	3060.1	0	5
8	2	798.74	0	5
8	2	781.31	0	5
8	2	638.41	0	5
8	2	724.4	0	5
8	2	1114.6	0	5
8	2	1025.9	0	5
8	2	648.97	0	5
8	2	1494.9	0	5
8	2	1428.2	0	5
8	2	1112.3	0	5
8	2	787.31	0	5
8	2	1875.5	0	5
8	2	735.69	0	5
8	2	836.47	0	5
8	2	1180	0	5
8	2	2843.3	1	5
8	2	1089.8	0	5
8	2	1039	0	5
8	2	1364.1	0	5
8	2	1754.5	0	5
8	2	687.93	0	5
8	2	1466.1	0	5
8	2	1997.9	0	5
8	2	975.23	0	5
8	2	842.23	0	5
8	2	1519	0	5
8	2	1822.4	0	5
8	2	932.94	0	5
8	2	1751	0	5
8	2	797.22	0	5
8	2	1091.8	0	5
8	2	1708.2	0	5
8	2	2363.9	1	5
8	2	1220.3	0	5
8	2	2102.8	1	5
8	2	1348.9	0	5
8	2	1724.2	0	5
8	2	932.05	0	5
8	2	1330.8	0	5
8	2	1217.8	0	5
8	2	1167.5	0	5
8	2	1659.7	1	5
8	2	806.97	0	5
8	2	1218.7	0	5
8	2	1014.2	0	5
8	2	975.98	0	5
8	2	1391	1	5
8	2	733.7	0	5
8	2	932.56	0	5
8	2	1556.7	1	5
8	2	764.23	0	5
8	2	717.23	0	5
8	2	749.97	0	5
8	2	1988	0	5
8	2	1240	0	5
8	2	1118.3	0	5
8	2	792.93	0	5
8	2	1758.5	0	5
8	2	1001.7	1	5
8	2	736.52	0	5
8	2	1183.8	0	5
8	2	1788.3	0	5
8	2	882.47	0	5
8	2	836.52	0	5
8	2	2511.4	1	5
8	2	1055.7	0	5
8	2	2010.1	0	5
8	2	948.04	0	5
8	2	1461.2	0	5
8	2	729.59	0	5
8	2	888.81	0	5
8	2	1000.8	0	5
8	2	1182.8	0	5
8	2	703.31	0	5
8	2	1691.2	0	5
8	2	749.12	0	5
8	2	783.21	0	5
8	2	1043.3	0	5
8	2	1640.3	0	5
8	2	754.86	0	5
8	2	900.69	0	5
8	2	1771.9	0	5
8	2	954.11	0	5
8	2	742.8	0	5
8	2	915.09	0	5
8	2	1714.2	0	5
8	2	2344.3	0	5
8	2	1328.3	0	5
8	2	2351.5	0	5
8	2	2792.5	0	5
8	2	1935	0	5
8	2	1715	0	5
8	2	3492	0	5
8	2	1554.3	0	5
8	2	1819.6	0	5
8	2	1140.5	0	5
8	2	1904.6	0	5
8	2	1162.8	0	5
8	2	1372.5	0	5
8	2	979.85	0	5
8	2	2061.9	0	5
8	2	1216.6	0	5
8	2	801.35	0	5
8	2	886.43	0	5
8	2	1932.5	0	5
8	2	1153.3	0	5
8	2	1534.4	0	5
8	2	2403.6	0	5
8	2	830.33	0	5
8	2	1331.5	0	5
8	2	1481.9	0	5
8	2	2113.2	0	5
8	2	672.2	0	5
8	2	1546.5	0	5
8	2	3005.7	0	5
8	2	1849.9	0	5
8	2	1016.8	0	5
8	2	872.24	0	5
8	2	1009.7	0	5
8	2	598.56	0	5
8	2	1314	0	5
8	2	1238.6	0	5
8	2	860.64	0	5
8	2	788.86	0	5
8	2	956.58	0	5
8	2	715.53	0	5
8	2	1247.3	0	5
8	2	865.77	0	5
8	2	676.44	0	5
8	2	1574.3	0	5
8	2	1057.4	0	5
8	2	707.43	0	5
8	2	696.24	0	5
8	2	970.8	1	5
8	2	1911.3	0	5
8	2	754.25	0	5
8	2	743.38	0	5
8	2	1430.1	1	5
8	2	855.59	0	5
8	2	707.39	0	5
8	2	704.78	0	5
8	2	686.13	0	5
8	2	854.3	0	5
8	2	1126.6	0	5
8	2	1231.9	0	5
8	2	821.63	0	5
8	2	1951	0	5
8	2	2617.8	0	5
8	2	1236.5	0	5
8	2	1835.6	1	5
8	2	1515.2	0	5
8	2	690.72	1	5
8	2	1153.4	0	5
8	2	634.5	0	5
8	2	884.48	0	5
8	2	1671.4	1	5
8	2	1985.5	0	5
8	2	674.54	0	5
8	2	819.39	0	5
8	2	775.13	1	5
8	2	726.92	1	6
8	2	540.46	0	6
8	2	677.53	1	6
8	2	736.64	1	6
8	2	981.95	1	6
8	2	1167.4	0	6
8	2	1104.9	0	6
8	2	1340.2	1	6
8	2	918.04	1	6
8	2	1366.1	1	6
8	2	1831.2	1	6
8	2	1261	1	6
8	2	1331.2	1	6
8	2	1191.9	1	6
8	2	1108	1	6
8	2	1678	1	6
8	2	1609.6	0	6
8	2	2125.4	1	6
8	2	1382.1	1	6
8	2	2342.2	1	6
8	2	1304.2	1	6
8	2	2640.6	1	6
8	2	1234.2	1	6
8	2	2227	1	6
8	2	1658.3	0	6
8	2	2229.8	0	6
8	2	1403.8	1	6
8	2	1885.1	1	6
8	2	1547.3	1	6
8	2	1191.8	0	6
8	2	1606.6	1	6
8	2	1165.5	1	6
8	2	1597.4	1	6
8	2	1389.1	0	6
8	2	1515.6	1	6
8	2	1437.5	1	6
8	2	1475.1	1	6
8	2	1409.1	1	6
8	2	1646.3	1	6
8	2	1751.3	0	6
8	2	1613.8	0	6
8	2	1503.4	0	6
8	2	918.35	1	6
8	2	1375	1	6
8	2	1623.3	0	6
8	2	1328.5	1	6
8	2	1929.4	1	6
8	2	1006.3	1	6
8	2	1620.5	0	6
8	2	1443.3	1	6
8	2	857.09	1	6
8	2	1575.1	1	6
8	2	1795.1	1	6
8	2	1905.2	0	6
8	2	1665.2	0	6
8	2	944.04	1	6
8	2	2154.9	1	6
8	2	1317.1	1	6
8	2	1378.3	1	6
8	2	2424.7	1	6
8	2	1828.9	0	6
8	2	1857.8	1	6
8	2	2230.9	0	6
8	2	2840.5	1	6
8	2	1892.2	0	6
8	2	1946.6	1	6
8	2	2655.1	0	6
8	2	1561.1	1	6
8	2	1728	0	6
8	2	1132.2	1	6
8	2	1628	1	6
8	2	2157.5	1	6
8	2	2585.3	0	6
8	2	1654.4	0	6
8	2	3061.1	1	6
8	2	1083.1	0	6
8	2	1380.4	1	6
8	2	2063.9	0	6
8	2	1091.1	1	6
8	2	2059.3	0	6
8	2	2296	1	6
8	2	1636.1	0	6
8	2	1559.6	1	6
8	2	2216.2	1	6
8	2	1661.5	0	6
8	2	2051.4	0	6
8	2	1692.8	1	6
8	2	1953.4	0	6
8	2	1173.2	0	6
8	2	1322.9	1	6
8	2	1289.8	1	6
8	2	869.6	0	6
8	2	1059.3	0	6
8	2	2459.2	1	6
8	2	1988.3	1	6
8	2	2130.3	0	6
8	2	1635.9	1	6
8	2	1224.2	1	6
8	2	1467.7	0	6
8	2	1611.7	1	6
8	2	1715.5	1	6
8	2	1166.3	1	6
8	2	1526.4	1	6
8	2	1973.2	1	6
8	2	959.7	1	6
8	2	901.87	1	6
8	2	1565.8	1	6
8	2	1260.4	1	6
8	2	880.29	1	6
8	2	1541.1	0	6
8	2	2168.4	0	6
8	2	2436.4	1	6
8	2	2125.2	0	6
8	2	1099.8	0	6
8	2	1302.9	0	6
8	2	864.93	1	6
8	2	1407	1	6
8	2	1656.1	0	6
8	2	896.51	0	6
8	2	3162.8	1	6
8	2	1130.2	1	6
8	2	1287.2	1	6
8	2	1547.6	1	6
8	2	1502.2	1	6
8	2	1305.5	1	6
8	2	1840.4	0	6
8	2	1498.1	1	6
8	2	1928.8	0	6
8	2	1875.5	0	6
8	2	1782	1	6
8	2	2403.1	0	6
8	2	2522.5	1	6
8	2	989.59	1	6
8	2	1454.3	1	6
8	2	1514.3	1	6
8	2	1885.5	0	6
8	2	3164.4	0	6
8	2	1466.5	0	6
8	2	1450.8	0	6
8	2	1879.5	1	6
8	2	2735.2	1	6
8	2	1510.9	0	6
8	2	1426.7	1	6
8	2	2775.5	0	6
8	2	1014.4	0	6
8	2	2216.9	1	6
8	2	1899.2	0	6
8	2	1587.8	1	6
8	2	2808.1	1	6
8	2	2370.7	0	6
8	2	993.48	1	6
8	2	970.45	0	6
8	2	1666.6	1	6
8	2	974.8	1	6
8	2	1878.4	1	6
8	2	1699.2	1	6
8	2	1652.9	0	6
8	2	1649.1	1	6
8	2	1436.2	0	6
8	2	1027.1	0	6
8	2	2779.3	0	6
8	2	1583.7	0	6
8	2	1275.1	0	6
8	2	971.46	1	6
8	2	1467.4	0	6
8	2	1330	1	6
8	2	1520.5	1	6
8	2	1173.1	1	6
8	2	2175.5	0	6
8	2	1109.5	1	6
8	2	1796.9	0	6
8	2	1585.2	1	6
8	2	846.7	1	6
8	2	2611.5	1	6
8	2	1547.4	1	6
8	2	1842.3	1	6
8	2	1109.5	1	6
8	2	1518.2	1	6
8	2	1470.3	0	6
8	2	816.35	0	6
8	2	1303.8	0	6
8	2	1289.1	1	6
8	2	1251.1	0	6
8	2	696.12	1	6
8	2	1790.7	1	6
8	2	1675.4	0	6
8	2	2119.4	1	6
8	2	1781.7	0	6
8	2	753.51	1	6
8	2	2100.3	0	6
8	2	2103.7	0	6
8	2	1172.2	1	6
8	2	1141.8	1	6
8	2	1965.4	0	6
8	2	2175.4	0	6
8	2	1821.6	1	6
8	2	2143.1	0	6
8	2	3366.2	0	6
8	2	735.41	0	6
8	2	1300.4	0	6
8	2	778.85	1	7
8	2	889.74	1	7
8	2	795.52	1	7
8	2	742.96	1	7
8	2	1486.2	1	7
8	2	994.29	1	7
8	2	1136.4	1	7
8	2	778.59	1	7
8	2	1527.9	1	7
8	2	1455.4	1	7
8	2	1406.4	1	7
8	2	2031.9	1	7
8	2	1085.3	1	7
8	2	1426	0	7
8	2	826.02	1	7
8	2	1008.6	1	7
8	2	1183.9	1	7
8	2	1886.9	1	7
8	2	1171	1	7
8	2	1147	1	7
8	2	1303.7	1	7
8	2	1244.1	1	7
8	2	1211.4	1	7
8	2	1227	1	7
8	2	1498.2	1	7
8	2	813.14	1	7
8	2	846.69	1	7
8	2	1311.1	1	7
8	2	899.55	1	7
8	2	1589.7	1	7
8	2	1237.3	1	7
8	2	1020.5	1	7
8	2	1092.4	1	7
8	2	1139.5	1	7
8	2	1185.5	1	7
8	2	1274.9	0	7
8	2	1928.2	1	7
8	2	1499.7	1	7
8	2	1712.6	1	7
8	2	1857.7	1	7
8	2	841.49	1	7
8	2	1126.7	1	7
8	2	899.51	1	7
8	2	1336.4	1	7
8	2	883.61	1	7
8	2	861.43	1	7
8	2	1019	1	7
8	2	1232	1	7
8	2	695.82	1	7
8	2	1793.9	1	7
8	2	705.51	1	7
8	2	813.98	1	7
8	2	1213.9	1	7
8	2	652.55	1	7
8	2	1033.2	1	7
8	2	1137.2	1	7
8	2	1613.5	1	7
8	2	1243.2	1	7
8	2	1698.4	1	7
8	2	1306.2	1	7
8	2	1231	1	7
8	2	1860.5	1	7
8	2	1740.7	0	7
8	2	985.7	1	7
8	2	1404.2	1	7
8	2	2801.5	0	7
8	2	1319.1	1	7
8	2	1351.6	1	7
8	2	2733.7	1	7
8	2	2663.8	1	7
8	2	792.53	1	7
8	2	1895.6	1	7
8	2	1540.9	1	7
8	2	1156.4	1	7
8	2	1534.9	1	7
8	2	1424.7	1	7
8	2	2493	1	7
8	2	1478.9	1	7
8	2	1640.8	1	7
8	2	920.54	1	7
8	2	2359.7	1	7
8	2	1275.3	1	7
8	2	1070.1	1	7
8	2	1711.6	1	7
8	2	2491.7	1	7
8	2	920.1	1	7
8	2	1258.4	1	7
8	2	1283.9	1	7
8	2	1549.4	1	7
8	2	760.41	1	7
8	2	901.45	1	7
8	2	1972.4	1	7
8	2	1584.2	1	7
8	2	769	1	7
8	2	759.26	1	7
8	2	1643.6	1	7
8	2	2437	1	7
8	2	1353.4	1	7
8	2	707.59	1	7
8	2	1502.3	1	7
8	2	1127.8	1	7
8	2	1665.2	1	7
8	2	1288.8	1	7
8	2	1873	1	7
8	2	1611.8	1	7
8	2	977.91	1	7
8	2	859.5	1	7
8	2	907.26	1	7
8	2	783.14	1	7
8	2	637.71	0	7
8	2	900.78	1	7
8	2	1367	0	7
8	2	588.75	1	7
8	2	898.4	1	7
8	2	1198.1	1	7
8	2	1399.9	0	7
8	2	2037.9	1	7
8	2	1558.8	0	7
8	2	1695.3	1	7
8	2	1418.4	1	7
8	2	1117.4	1	7
8	2	917.71	1	7
8	2	1087.1	1	7
8	2	1207.7	1	7
8	2	1321.8	1	7
8	2	1654.3	1	7
8	2	1451.8	1	7
8	2	1627	0	7
8	2	1649.4	1	7
8	2	2523.5	0	7
8	2	1407.8	1	7
8	2	1075.4	1	7
8	2	1547.2	1	7
8	2	2673.8	0	7
8	2	1080.2	1	7
8	2	855.98	1	7
8	2	1556.5	1	7
8	2	2007	0	7
8	2	2567.4	1	7
8	2	1471.2	1	7
8	2	3816.1	0	7
8	2	1281.5	1	7
8	2	1291.7	0	7
8	2	746.78	1	7
8	2	799.25	1	7
8	2	2019.8	1	7
8	2	2326.4	1	7
8	2	1037.5	1	7
8	2	1201.3	1	7
8	2	1000.4	1	7
8	2	2774.3	1	7
8	2	1648.2	1	7
8	2	1664.1	1	7
8	2	1118.5	1	7
8	2	671.75	1	7
8	2	710.47	1	7
8	2	1607.3	1	7
8	2	1049.9	1	7
8	2	1075.5	1	7
8	2	1898.9	1	7
8	2	861.04	1	7
8	2	1124.8	1	7
8	2	1283.1	1	7
8	2	803.64	1	7
8	2	928.76	1	7
8	2	1468.7	1	7
8	2	2219	1	7
8	2	1135	1	7
8	2	2567.4	1	7
8	2	985.17	1	7
8	2	3002.4	1	7
8	2	1423.6	1	7
8	2	1259.1	1	7
8	2	697.14	1	7
8	2	744.83	0	7
8	2	744.85	1	7
8	2	1040.8	1	7
8	2	819.45	1	7
8	2	903.92	1	7
8	2	1512.8	1	7
8	2	1128.5	1	7
8	2	985.24	1	7
8	2	1302	1	7
8	2	731.55	1	7
8	2	1273.9	1	7
8	2	2210.8	1	7
8	2	995.91	1	7
8	2	1116.6	1	7
8	2	1620.4	1	7
8	2	1174.8	1	7
8	2	2139	1	7
8	2	1231.6	1	7
8	2	797.37	1	7
8	2	810.59	1	7
8	2	688.74	1	7
8	2	757.78	1	7
8	2	811.98	1	7
8	2	776.53	1	7
8	2	1916.1	1	7
8	2	1083.4	1	8
8	2	1524.9	1	8
8	2	1773.6	0	8
8	2	858.39	1	8
8	2	1097.6	1	8
8	2	643.03	1	8
8	2	1007.7	1	8
8	2	953.6	1	8
8	2	941.89	1	8
8	2	1584.2	1	8
8	2	1387	1	8
8	2	2083.1	0	8
8	2	1815.6	1	8
8	2	1361.1	1	8
8	2	1661.6	1	8
8	2	1222.3	1	8
8	2	1717.3	1	8
8	2	1231.9	0	8
8	2	1566.2	1	8
8	2	1358.2	1	8
8	2	1424	1	8
8	2	1272.8	1	8
8	2	1234.4	1	8
8	2	1959.7	1	8
8	2	1853.7	1	8
8	2	1038	1	8
8	2	1352.4	1	8
8	2	1423	1	8
8	2	924.91	1	8
8	2	1553	1	8
8	2	1163.6	1	8
8	2	2130.6	0	8
8	2	1656.4	1	8
8	2	1104.6	1	8
8	2	1161.6	1	8
8	2	1639.7	1	8
8	2	998.46	1	8
8	2	1472.3	1	8
8	2	1013.6	1	8
8	2	867.52	1	8
8	2	1811.7	1	8
8	2	1588.4	1	8
8	2	832.35	1	8
8	2	991.55	1	8
8	2	875.26	1	8
8	2	955.31	1	8
8	2	887.35	1	8
8	2	1194.6	0	8
8	2	1266.1	1	8
8	2	1143.8	1	8
8	2	684.98	1	8
8	2	796.62	1	8
8	2	1154.4	1	8
8	2	664.62	1	8
8	2	949.36	1	8
8	2	1229.8	1	8
8	2	946.82	1	8
8	2	1962.3	1	8
8	2	1493.7	1	8
8	2	1688.2	1	8
8	2	1576.5	1	8
8	2	1837.5	1	8
8	2	835.36	1	8
8	2	901.76	1	8
8	2	1033.6	1	8
8	2	798.8	1	8
8	2	1668.6	1	8
8	2	1365.1	1	8
8	2	2652.9	0	8
8	2	1783.4	1	8
8	2	854.59	1	8
8	2	1366.8	1	8
8	2	879.74	1	8
8	2	1489.7	1	8
8	2	1911.1	1	8
8	2	1257.9	1	8
8	2	1378.7	1	8
8	2	1670.3	1	8
8	2	978.46	1	8
8	2	939.29	1	8
8	2	1531.4	1	8
8	2	1176	1	8
8	2	1159.5	1	8
8	2	1759.8	1	8
8	2	1503.7	1	8
8	2	1579.5	1	8
8	2	1105.2	1	8
8	2	654.09	1	8
8	2	1329.7	1	8
8	2	969.28	1	8
8	2	970.66	1	8
8	2	1580.8	1	8
8	2	1665.7	1	8
8	2	1717.2	1	8
8	2	828	1	8
8	2	844.57	1	8
8	2	1729.8	1	8
8	2	1129.3	1	8
8	2	2025.4	1	8
8	2	1574.2	1	8
8	2	808.61	1	8
8	2	1009.3	1	8
8	2	2058.8	1	8
8	2	895.7	1	8
8	2	1650	1	8
8	2	790.56	1	8
8	2	845.75	1	8
8	2	1774.7	1	8
8	2	1086.7	1	8
8	2	1456.5	1	8
8	2	1383.3	1	8
8	2	1001.9	1	8
8	2	1055.8	1	8
8	2	1425.6	1	8
8	2	1193.8	1	8
8	2	766.43	1	8
8	2	1212.5	0	8
8	2	908.71	1	8
8	2	1861	1	8
8	2	972.53	0	8
8	2	700.75	1	8
8	2	714.62	1	8
8	2	1289.9	1	8
8	2	1422.8	1	8
8	2	1540.7	1	8
8	2	1675.1	1	8
8	2	1857.2	0	8
8	2	1333.4	0	8
8	2	1527.4	0	8
8	2	1637.2	1	8
8	2	1134.2	1	8
8	2	1084.9	1	8
8	2	999.11	1	8
8	2	2435.6	1	8
8	2	1453.8	1	8
8	2	1733.5	1	8
8	2	1932.8	1	8
8	2	1640.4	1	8
8	2	3906	1	8
8	2	1141.4	1	8
8	2	1278.1	1	8
8	2	2138.9	1	8
8	2	1441.4	1	8
8	2	1912.1	1	8
8	2	1080.4	0	8
8	2	1337.6	0	8
8	2	740.89	1	8
8	2	843.5	1	8
8	2	969.48	1	8
8	2	1600.5	1	8
8	2	1119.2	1	8
8	2	1741.5	1	8
8	2	1078.4	1	8
8	2	1543.3	1	8
8	2	913.68	1	8
8	2	1098.6	0	8
8	2	1084.1	1	8
8	2	1244	1	8
8	2	954.53	1	8
8	2	1003.7	1	8
8	2	1400.9	1	8
8	2	1159.8	1	8
8	2	1221.4	1	8
8	2	1241.1	1	8
8	2	906.9	1	8
8	2	810.42	1	8
8	2	675.65	1	8
8	2	2445.5	1	8
8	2	1425.1	1	8
8	2	1651.1	1	8
8	2	902.7	1	8
8	2	619.46	1	8
8	2	1098.3	0	8
8	2	1463.9	1	8
8	2	1225.8	1	8
8	2	786.93	1	8
8	2	840.11	1	8
8	2	1118.5	1	8
8	2	1395.3	1	8
8	2	1532.9	1	8
8	2	907.81	1	8
8	2	1373.4	1	8
8	2	1132.6	1	8
8	2	1747.2	1	8
8	2	1461.6	1	8
8	2	827.51	1	8
8	2	2074.1	1	8
8	2	1635.9	1	8
8	2	1519.2	1	8
8	2	1597.1	0	8
8	2	932.1	1	8
8	2	1324.5	1	8
8	2	1819.3	1	8
8	2	1430.3	1	8
8	2	690.75	1	8
8	2	850.9	1	8
8	2	2038.2	1	8
8	2	1184.2	1	8
8	2	1285.2	1	8
8	2	789.58	1	8
8	2	818.79	0	9
8	2	1027.4	1	9
8	2	1606.9	1	9
8	2	1015.7	1	9
8	2	899.79	0	9
8	2	709.93	0	9
8	2	1267.1	1	9
8	2	2368.5	0	9
8	2	2094.4	1	9
8	2	1548.7	0	9
8	2	1836.7	1	9
8	2	1701.1	0	9
8	2	1607.3	0	9
8	2	1042.6	1	9
8	2	1269	1	9
8	2	1453	1	9
8	2	1120.1	1	9
8	2	1565.8	1	9
8	2	1093.7	1	9
8	2	1073	1	9
8	2	2316.4	0	9
8	2	2441.9	1	9
8	2	2859.3	0	9
8	2	1059.9	1	9
8	2	1721.2	1	9
8	2	1239.1	1	9
8	2	1300.2	1	9
8	2	1881.8	1	9
8	2	2016.5	1	9
8	2	1064.8	1	9
8	2	879.23	1	9
8	2	1422.7	1	9
8	2	1915.4	1	9
8	2	1462.7	1	9
8	2	2537.3	1	9
8	2	1722.6	1	9
8	2	1613.9	1	9
8	2	1273.6	1	9
8	2	1284.6	0	9
8	2	789.73	1	9
8	2	1317.1	1	9
8	2	763.91	1	9
8	2	857.12	1	9
8	2	732.62	1	9
8	2	2090.4	1	9
8	2	2022.5	1	9
8	2	730.49	1	9
8	2	1312	1	9
8	2	781.63	1	9
8	2	1090.7	1	9
8	2	1417.8	1	9
8	2	735.87	1	9
8	2	1128.8	1	9
8	2	747.55	1	9
8	2	646.27	1	9
8	2	921.63	1	9
8	2	1084.2	1	9
8	2	1371.2	1	9
8	2	1532.7	1	9
8	2	1778.3	1	9
8	2	693.65	1	9
8	2	660.21	1	9
8	2	1776.7	1	9
8	2	2052	1	9
8	2	1151.8	1	9
8	2	1263	1	9
8	2	1394.9	1	9
8	2	1597.2	1	9
8	2	1583.2	1	9
8	2	1369	1	9
8	2	2090.7	1	9
8	2	716.57	1	9
8	2	1527.9	1	9
8	2	1419.7	1	9
8	2	2326.1	1	9
8	2	718.32	1	9
8	2	1297.3	1	9
8	2	1171.8	1	9
8	2	1396.5	1	9
8	2	1336.4	1	9
8	2	965.01	1	9
8	2	1301.4	1	9
8	2	2534.3	1	9
8	2	1177	0	9
8	2	1336.1	1	9
8	2	1147	0	9
8	2	1408.8	1	9
8	2	779.44	1	9
8	2	880.41	1	9
8	2	890.37	1	9
8	2	1133	1	9
8	2	974.44	1	9
8	2	913.66	1	9
8	2	868.11	1	9
8	2	1188.2	1	9
8	2	1748.8	1	9
8	2	2530.3	1	9
8	2	927.35	1	9
8	2	1860.7	1	9
8	2	930.95	1	9
8	2	798.69	1	9
8	2	1643.5	1	9
8	2	2011.5	1	9
8	2	1069.3	1	9
8	2	744.8	1	9
8	2	775.56	1	9
8	2	690.58	1	9
8	2	722.61	1	9
8	2	872.18	1	9
8	2	1519.8	1	9
8	2	870.95	1	9
8	2	1074.4	1	9
8	2	804.27	1	9
8	2	729.32	1	9
8	2	1259.3	0	9
8	2	1192.5	0	9
8	2	663.39	1	9
8	2	1811	0	9
8	2	2180.5	1	9
8	2	1093.1	1	9
8	2	1245.2	1	9
8	2	1209.2	1	9
8	2	1584.2	1	9
8	2	1337.6	1	9
8	2	2500.1	0	9
8	2	2077.4	0	9
8	2	1040.1	1	9
8	2	1961.5	0	9
8	2	2288.1	0	9
8	2	1506.6	1	9
8	2	1161	1	9
8	2	1762.5	1	9
8	2	1086.3	1	9
8	2	919.12	1	9
8	2	2967.2	1	9
8	2	1464.5	1	9
8	2	900.46	1	9
8	2	829.59	1	9
8	2	2349.7	0	9
8	2	2286.5	1	9
8	2	1166.7	1	9
8	2	2067.1	0	9
8	2	1665.4	1	9
8	2	1095.8	0	9
8	2	1419.7	0	9
8	2	2286.1	1	9
8	2	758.96	1	9
8	2	1473.2	1	9
8	2	821.04	1	9
8	2	848.03	1	9
8	2	808.52	1	9
8	2	2419.7	1	9
8	2	1423.4	1	9
8	2	1699.1	1	9
8	2	912.01	1	9
8	2	2196.1	1	9
8	2	1277.3	1	9
8	2	793.97	1	9
8	2	1177.6	1	9
8	2	987.99	1	9
8	2	1195.1	1	9
8	2	1285.3	1	9
8	2	959.39	1	9
8	2	1651.6	1	9
8	2	1657.2	1	9
8	2	1040.1	1	9
8	2	754.9	1	9
8	2	2294.3	1	9
8	2	1380.8	1	9
8	2	2358.3	1	9
8	2	1074.8	1	9
8	2	3703.8	0	9
8	2	2589.8	1	9
8	2	1108.3	1	9
8	2	2374.1	1	9
8	2	715.24	1	9
8	2	1458.1	1	9
8	2	818.74	1	9
8	2	920.75	1	9
8	2	1681.1	1	9
8	2	2219.2	0	9
8	2	692.94	1	9
8	2	1674.3	0	9
8	2	1279.7	1	9
8	2	861.88	1	9
8	2	997.82	1	9
8	2	2026	0	9
8	2	1717	1	9
8	2	1800.6	1	9
8	2	799.81	1	9
8	2	890.55	1	9
8	2	682.19	1	9
8	2	1045.9	1	9
8	2	951.65	1	9
8	2	713.56	1	9
8	2	2376.5	1	9
8	2	843.1	1	9
8	2	1266.1	1	9
8	2	776.89	1	9
8	2	857.84	1	9
