402	4	992.66	1	1
402	4	700.98	1	1
402	4	723.77	1	1
402	4	1133.5	1	1
402	4	904.33	1	1
402	4	965.04	1	1
402	4	873.39	1	1
402	4	749.84	1	1
402	4	940.15	1	1
402	4	1133.8	1	1
402	4	812.95	1	1
402	4	872.89	1	1
402	4	885.01	1	1
402	4	779.97	1	1
402	4	775.32	1	1
402	4	740.06	1	1
402	4	735.91	1	1
402	4	757.79	1	1
402	4	674.5	1	1
402	4	1113.7	1	1
402	4	1064.8	1	1
402	4	1028	1	1
402	4	644.26	1	1
402	4	1522.2	1	1
402	4	651.84	1	1
402	4	728.33	1	1
402	4	887.85	1	1
402	4	662.67	1	1
402	4	662.23	1	1
402	4	1549.1	1	1
402	4	650.8	1	1
402	4	799.37	1	1
402	4	689.59	1	1
402	4	1092.2	1	1
402	4	653.29	1	1
402	4	1126.7	1	1
402	4	878.92	1	1
402	4	1261.4	1	1
402	4	1127	1	1
402	4	851.09	1	1
402	4	1497.2	1	1
402	4	877.81	1	1
402	4	870.55	1	1
402	4	1271.3	1	1
402	4	863.58	1	1
402	4	839.68	1	1
402	4	992.87	1	1
402	4	783.97	1	1
402	4	778.81	1	1
402	4	764.75	1	1
402	4	1314.3	1	1
402	4	720.65	1	1
402	4	764.97	1	1
402	4	720.42	1	1
402	4	1117.4	1	1
402	4	705.44	1	1
402	4	666.12	1	1
402	4	679.88	1	1
402	4	642.06	1	1
402	4	747.41	1	1
402	4	727.02	1	1
402	4	661.91	1	1
402	4	839	1	1
402	4	620.25	1	1
402	4	569.37	1	1
402	4	532.07	1	1
402	4	509.08	1	1
402	4	553.71	1	1
402	4	647.33	1	1
402	4	737.64	1	1
402	4	565.58	1	1
402	4	1194	1	1
402	4	624.5	1	1
402	4	597.41	1	1
402	4	822.03	1	1
402	4	775.96	1	1
402	4	671.85	1	1
402	4	774.82	1	1
402	4	820.86	1	1
402	4	587.85	1	1
402	4	854.86	1	1
402	4	1009.3	1	1
402	4	629.73	1	1
402	4	666	1	1
402	4	667.15	1	1
402	4	671.95	1	1
402	4	584.51	1	1
402	4	687.86	1	1
402	4	615.09	1	1
402	4	697.28	1	1
402	4	623.87	1	1
402	4	611.7	1	1
402	4	753.95	1	1
402	4	683.35	1	1
402	4	667.68	1	1
402	4	805.41	1	1
402	4	905.54	1	1
402	4	661.7	1	1
402	4	1423.7	1	1
402	4	518.06	1	1
402	4	727.15	1	1
402	4	581.32	1	1
402	4	828.08	1	1
402	4	688.91	1	1
402	4	670.8	1	1
402	4	874.02	1	1
402	4	585.38	1	1
402	4	506.22	1	1
402	4	574.82	1	1
402	4	857.01	1	1
402	4	687.66	1	1
402	4	604.26	1	1
402	4	1016.3	1	1
402	4	582.06	1	1
402	4	726.69	1	1
402	4	967.02	1	1
402	4	618.99	1	1
402	4	609.25	1	1
402	4	542.23	1	1
402	4	843.17	1	1
402	4	623.75	1	1
402	4	789.59	1	1
402	4	862.35	1	1
402	4	700.4	1	1
402	4	557.13	1	1
402	4	587.8	1	1
402	4	712.31	1	1
402	4	796.5	1	1
402	4	934.71	1	1
402	4	693.51	1	1
402	4	686.76	1	1
402	4	572.34	1	1
402	4	650.22	1	1
402	4	569.01	1	1
402	4	603.74	1	1
402	4	802.98	1	1
402	4	779.6	1	1
402	4	740.8	1	1
402	4	829.78	1	1
402	4	669.93	1	1
402	4	551.02	1	1
402	4	563.36	1	1
402	4	588.41	1	1
402	4	888.98	1	1
402	4	605.99	1	1
402	4	646.73	1	1
402	4	874.41	1	1
402	4	624.28	1	1
402	4	655.5	1	1
402	4	640.57	1	1
402	4	650.89	1	1
402	4	648.64	1	1
402	4	564.88	1	1
402	4	847.33	1	1
402	4	610.81	1	1
402	4	668.48	1	1
402	4	872.93	1	1
402	4	753.44	1	1
402	4	705.08	1	1
402	4	686.83	1	1
402	4	546.6	1	1
402	4	677.93	1	1
402	4	744.78	1	1
402	4	655.74	1	1
402	4	675.19	1	1
402	4	837.34	1	1
402	4	648.05	1	1
402	4	558.47	1	1
402	4	603.74	1	1
402	4	922.22	1	1
402	4	672.47	1	1
402	4	632.96	1	1
402	4	908.34	1	1
402	4	837.51	1	1
402	4	740.14	1	1
402	4	600.26	1	1
402	4	759.42	1	1
402	4	790.49	1	1
402	4	613.69	1	1
402	4	583.13	1	1
402	4	694.63	1	1
402	4	695.79	1	1
402	4	734.98	1	1
402	4	1174.6	1	1
402	4	565.73	1	1
402	4	624.49	1	1
402	4	674.57	1	1
402	4	701.13	1	1
402	4	581.48	1	1
402	4	827.09	1	1
402	4	586.33	1	1
402	4	670.88	1	1
402	4	915.09	1	1
402	4	578.92	1	1
402	4	577.6	1	1
402	4	609.26	1	1
402	4	746.13	1	1
402	4	562.97	1	1
402	4	658.62	1	1
402	4	683.08	1	1
402	4	532.15	1	1
402	4	569.19	1	1
402	4	613.2	1	1
402	4	523.27	1	1
402	4	605.86	1	1
402	4	616.99	1	1
402	4	596.16	1	1
402	4	613.09	1	1
402	4	520.09	1	1
402	4	628.22	1	1
402	4	673.04	1	1
402	4	876.72	1	1
402	4	605.37	1	1
402	4	800.15	1	1
402	4	762.11	1	1
402	4	609.76	1	1
402	4	564.8	1	1
402	4	535.64	1	1
402	4	1063	1	1
402	4	1008.1	1	1
402	4	515.25	1	1
402	4	860.45	1	1
402	4	645.75	1	1
402	4	555.56	1	1
402	4	819.86	1	1
402	4	689.76	1	1
402	4	668.8	1	1
402	4	666.94	1	1
402	4	1154.4	1	1
402	4	993.5	1	1
402	4	628.43	1	1
402	4	903.38	1	1
402	4	1061.4	1	1
402	4	1075.9	1	1
402	4	651.01	1	1
402	4	573.35	1	1
402	4	635.63	1	1
402	4	592.25	1	1
402	4	637.51	1	1
402	4	1039.6	1	1
402	4	636.81	1	1
402	4	529.14	1	1
402	4	649.3	1	1
402	4	608.89	1	1
402	4	656.4	1	1
402	4	632.32	1	1
402	4	697.44	1	1
402	4	584.39	1	1
402	4	552.36	1	1
402	4	587.93	1	1
402	4	701.54	1	1
402	4	873.84	1	1
402	4	687.67	1	1
402	4	675.4	1	1
402	4	610.71	1	1
402	4	668.35	1	1
402	4	639.52	1	1
402	4	615.85	1	1
402	4	641.8	1	1
402	4	935.69	1	1
402	4	471.45	1	1
402	4	625.42	1	1
402	4	659.73	1	1
402	4	571.2	1	1
402	4	776.67	1	1
402	4	674.19	1	1
402	4	525.2	1	1
402	4	735.01	1	1
402	4	757.66	1	1
402	4	716.59	1	1
402	4	764.45	1	1
402	4	721.18	1	1
402	4	652.85	1	1
402	4	743.42	1	1
402	4	587.33	1	1
402	4	599.5	1	1
402	4	734.76	1	1
402	4	744.3	1	1
402	4	613.57	1	1
402	4	834.06	1	1
402	4	748.41	1	1
402	4	874.07	1	1
402	4	583.59	1	1
402	4	737.29	1	1
402	4	560.4	1	1
402	4	686.74	1	1
402	4	602.92	1	1
402	4	759.46	1	1
402	4	775.94	1	1
402	4	664.18	1	1
402	4	555.63	1	1
402	4	557.68	1	1
402	4	1105.8	1	1
402	4	890.31	1	1
402	4	933.85	1	1
402	4	720.26	1	1
402	4	637.08	1	1
402	4	967.83	1	1
402	4	722.97	1	1
402	4	648.62	1	1
402	4	968.67	1	1
402	4	1094.3	1	1
402	4	1172.6	1	1
402	4	903.7	1	1
402	4	535.91	1	1
402	4	563.26	1	1
402	4	581.47	1	1
402	4	706.36	1	1
402	4	647.43	1	1
402	4	770.48	1	1
402	4	860.34	1	1
402	4	654.97	1	1
402	4	667.98	1	1
402	4	835.94	1	1
402	4	725.19	1	1
402	4	635.96	1	1
402	4	622.94	1	1
402	4	960.85	1	1
402	4	705.54	1	1
402	4	635.86	1	1
402	4	647.35	1	1
402	4	845.45	1	1
402	4	812.28	1	1
402	4	1386.4	1	1
402	4	912.73	0	1
402	4	732.64	1	1
402	4	801.19	1	1
402	4	795.91	1	1
402	4	893.83	1	1
402	4	772.61	1	1
402	4	621.19	1	1
402	4	787.26	0	1
402	4	897.9	1	1
402	4	673.28	1	1
402	4	548.11	1	1
402	4	723.15	1	1
402	4	647.28	1	1
402	4	785.18	1	1
402	4	947.42	1	1
402	4	872.42	1	1
402	4	644.71	1	1
402	4	577.84	1	1
402	4	802.79	1	1
402	4	949.61	1	1
402	4	719.49	1	1
402	4	509.81	1	1
402	4	851.83	1	1
402	4	1288.6	1	1
402	4	640.14	1	1
402	4	643.06	1	1
402	4	1617.5	1	2
402	4	1086	1	2
402	4	876.82	1	2
402	4	741.05	1	2
402	4	1140.2	1	2
402	4	804.98	1	2
402	4	845.56	1	2
402	4	742.56	1	2
402	4	1331.1	1	2
402	4	924.99	1	2
402	4	709.7	1	2
402	4	1022.4	1	2
402	4	896.18	1	2
402	4	907.24	1	2
402	4	784.02	1	2
402	4	685.87	1	2
402	4	861.12	1	2
402	4	930.04	1	2
402	4	1077.1	1	2
402	4	797.59	1	2
402	4	1175.4	1	2
402	4	870.56	1	2
402	4	908.9	1	2
402	4	1009	1	2
402	4	1285.3	1	2
402	4	781.13	1	2
402	4	619.48	1	2
402	4	649.41	1	2
402	4	1074.3	1	2
402	4	715.76	1	2
402	4	731.62	1	2
402	4	627.49	1	2
402	4	825.54	1	2
402	4	1089.5	1	2
402	4	1123.4	1	2
402	4	992.33	1	2
402	4	715.08	1	2
402	4	1148	1	2
402	4	1181.3	1	2
402	4	930.93	1	2
402	4	1054.2	1	2
402	4	1288.2	1	2
402	4	762.05	1	2
402	4	740.93	1	2
402	4	894.52	1	2
402	4	728.96	1	2
402	4	693.06	1	2
402	4	839.05	1	2
402	4	885.36	1	2
402	4	1260.5	1	2
402	4	914.96	1	2
402	4	758.93	1	2
402	4	606.26	1	2
402	4	727.16	1	2
402	4	641.85	1	2
402	4	731.44	1	2
402	4	697.59	1	2
402	4	626.41	1	2
402	4	587.36	1	2
402	4	671.83	1	2
402	4	848.06	1	2
402	4	799.58	1	2
402	4	1821.6	1	2
402	4	723.32	1	2
402	4	674.44	1	2
402	4	1344.2	1	2
402	4	835.11	1	2
402	4	797.73	1	2
402	4	587.52	1	2
402	4	631.98	1	2
402	4	737.89	1	2
402	4	1245.4	1	2
402	4	778.9	1	2
402	4	781.13	1	2
402	4	933.02	1	2
402	4	810.08	1	2
402	4	2161.4	1	2
402	4	940.78	1	2
402	4	951	1	2
402	4	1474.5	1	2
402	4	693.4	1	2
402	4	873.28	1	2
402	4	848.84	1	2
402	4	734.93	1	2
402	4	611.79	1	2
402	4	1027.1	1	2
402	4	670.41	1	2
402	4	995.93	1	2
402	4	1005.1	1	2
402	4	581.06	1	2
402	4	609.41	1	2
402	4	900.1	1	2
402	4	660.61	1	2
402	4	904.91	1	2
402	4	1042	1	2
402	4	1155.1	1	2
402	4	802.4	1	2
402	4	614.7	1	2
402	4	977.19	1	2
402	4	683.25	1	2
402	4	945.86	1	2
402	4	1115.1	1	2
402	4	553.74	1	2
402	4	569.49	1	2
402	4	548.02	1	2
402	4	1208.4	1	2
402	4	1505.3	1	2
402	4	841.59	1	2
402	4	615.24	1	2
402	4	527.7	1	2
402	4	622.42	1	2
402	4	893.57	1	2
402	4	1258.5	1	2
402	4	821.96	1	2
402	4	795.2	1	2
402	4	617.68	1	2
402	4	833.97	1	2
402	4	783.13	1	2
402	4	690.63	1	2
402	4	795.58	1	2
402	4	884.94	1	2
402	4	827.89	1	2
402	4	747.98	1	2
402	4	672.91	1	2
402	4	605.79	1	2
402	4	1065.7	1	2
402	4	732.11	1	2
402	4	690.62	1	2
402	4	811.51	1	2
402	4	711.93	1	2
402	4	1189	1	2
402	4	720.21	1	2
402	4	625.61	1	2
402	4	826.16	1	2
402	4	1450.5	1	2
402	4	931.24	1	2
402	4	991.1	1	2
402	4	1155.2	1	2
402	4	812.5	1	2
402	4	744.56	1	2
402	4	568.84	1	2
402	4	901.34	1	2
402	4	583.66	1	2
402	4	704.24	1	2
402	4	732.56	1	2
402	4	728.75	1	2
402	4	642.25	1	2
402	4	832.8	1	2
402	4	1467.7	1	2
402	4	1839.9	1	2
402	4	1246.6	1	2
402	4	880.54	1	2
402	4	784.14	1	2
402	4	602.46	1	2
402	4	885.88	1	2
402	4	946.75	1	2
402	4	683.94	1	2
402	4	654.59	1	2
402	4	1578.5	1	2
402	4	561.6	1	2
402	4	648.35	1	2
402	4	766.76	1	2
402	4	876.68	1	2
402	4	1483.1	1	2
402	4	583.2	1	2
402	4	554.44	1	2
402	4	721.95	1	2
402	4	740.48	1	2
402	4	667.54	1	2
402	4	548.33	1	2
402	4	568.24	1	2
402	4	749.59	1	2
402	4	636.69	1	2
402	4	777.64	1	2
402	4	946.29	1	2
402	4	901.21	1	2
402	4	975.65	1	2
402	4	514.3	1	2
402	4	710.85	1	2
402	4	595.85	1	2
402	4	551.16	1	2
402	4	544.33	1	2
402	4	991.73	1	2
402	4	586.6	1	2
402	4	846.84	1	2
402	4	565.57	1	2
402	4	549.13	0	2
402	4	645.41	1	2
402	4	849.73	1	2
402	4	645.92	1	2
402	4	783.17	1	2
402	4	698.59	1	2
402	4	576.73	1	2
402	4	586.11	1	2
402	4	1330.5	1	2
402	4	596.88	1	2
402	4	650.82	1	2
402	4	551.48	1	2
402	4	960.41	1	2
402	4	789.91	1	2
402	4	571.62	1	2
402	4	601.16	1	2
402	4	602.73	1	2
402	4	577.68	1	2
402	4	699.08	1	2
402	4	948.79	1	2
402	4	702.26	1	2
402	4	592.84	1	2
402	4	641.24	1	2
402	4	672.38	1	2
402	4	606.63	1	2
402	4	658.47	1	2
402	4	596.16	1	2
402	4	618.03	1	2
402	4	680.69	1	2
402	4	1026.7	1	2
402	4	695.33	1	2
402	4	1170.8	1	2
402	4	904.02	1	2
402	4	622.9	1	2
402	4	594.98	1	2
402	4	875.74	1	2
402	4	1066.6	1	2
402	4	979.72	1	2
402	4	844.45	1	2
402	4	614.4	1	2
402	4	966.94	1	2
402	4	749.7	1	2
402	4	815.89	1	2
402	4	623.96	1	2
402	4	959.54	1	2
402	4	731.21	1	2
402	4	1759.2	1	2
402	4	907.68	1	2
402	4	563.63	1	2
402	4	592.28	1	2
402	4	694.88	1	2
402	4	736.9	1	2
402	4	1482.9	1	2
402	4	615.69	1	2
402	4	755.22	1	2
402	4	688	1	2
402	4	1229.8	1	2
402	4	696.6	1	2
402	4	671.42	1	2
402	4	571.93	1	2
402	4	539.55	1	2
402	4	1564.6	1	2
402	4	1832.5	1	2
402	4	1070.2	1	2
402	4	883.18	1	2
402	4	816.09	1	2
402	4	638.66	1	2
402	4	631.66	1	2
402	4	858.48	1	2
402	4	509.48	1	2
402	4	612.9	1	2
402	4	625.99	1	2
402	4	638.52	1	2
402	4	567.37	1	2
402	4	524.69	1	2
402	4	665.17	1	2
402	4	642.37	1	2
402	4	1124.9	1	2
402	4	610.73	1	2
402	4	626.59	1	2
402	4	614.37	1	2
402	4	633.56	1	2
402	4	612.89	1	2
402	4	604.85	1	2
402	4	672.64	1	2
402	4	866.97	1	2
402	4	552.83	1	2
402	4	622.68	1	2
402	4	571.54	1	2
402	4	638.69	1	2
402	4	607.47	1	2
402	4	578.12	1	2
402	4	541.04	1	2
402	4	681.07	1	2
402	4	781.22	1	2
402	4	583.57	1	2
402	4	855	1	2
402	4	749.49	1	2
402	4	839.96	1	2
402	4	550.33	1	2
402	4	669.85	1	2
402	4	684.15	1	2
402	4	738.63	1	2
402	4	611.77	1	2
402	4	711.09	1	2
402	4	847.65	1	2
402	4	752.99	1	2
402	4	695.92	1	2
402	4	762.08	1	2
402	4	929.04	1	2
402	4	1071.5	1	2
402	4	993.92	1	2
402	4	658.37	1	2
402	4	688.51	1	2
402	4	1243.6	1	2
402	4	853.32	1	2
402	4	696.51	1	2
402	4	888.11	1	2
402	4	635.41	1	2
402	4	751.16	1	2
402	4	869.83	1	2
402	4	670.99	1	2
402	4	702.37	1	2
402	4	931.1	1	2
402	4	660.58	1	2
402	4	713.51	1	2
402	4	688.82	1	2
402	4	570.34	1	2
402	4	591.66	1	2
402	4	803.89	1	2
402	4	967.74	1	2
402	4	792.67	1	2
402	4	845.53	1	2
402	4	619.88	1	2
402	4	850.85	1	2
402	4	671.09	1	2
402	4	684.06	1	2
402	4	845.09	1	2
402	4	591.92	1	2
402	4	1641	1	2
402	4	723.48	1	2
402	4	754.19	1	2
402	4	901.9	1	2
402	4	722.39	1	2
402	4	1399.3	1	2
402	4	1111.4	1	2
402	4	909.17	1	2
402	4	757.1	1	2
402	4	1005.7	1	2
402	4	824.79	1	2
402	4	593.8	1	2
402	4	657.84	1	2
402	4	860.15	1	2
402	4	650.14	1	2
402	4	629.12	1	2
402	4	896.96	1	2
402	4	702.92	1	2
402	4	706.43	1	2
402	4	1099.4	1	2
402	4	799.21	1	2
402	4	625.26	1	2
402	4	542.43	1	2
402	4	638.5	1	2
402	4	1680.9	1	3
402	4	850.58	1	3
402	4	1131.7	1	3
402	4	948.75	1	3
402	4	997.81	1	3
402	4	861.44	1	3
402	4	1411.3	1	3
402	4	692.1	1	3
402	4	1279	1	3
402	4	1082.6	1	3
402	4	844.23	1	3
402	4	768.92	1	3
402	4	881.82	1	3
402	4	918.75	1	3
402	4	714.17	1	3
402	4	910.55	1	3
402	4	1242.1	1	3
402	4	727.88	1	3
402	4	1056.8	1	3
402	4	994.87	1	3
402	4	1393.1	1	3
402	4	1337.6	1	3
402	4	1167.1	1	3
402	4	769.72	1	3
402	4	850	1	3
402	4	1138.6	1	3
402	4	1314.2	1	3
402	4	1198.8	1	3
402	4	806.02	1	3
402	4	957.1	1	3
402	4	674.26	1	3
402	4	1152.4	1	3
402	4	605.83	1	3
402	4	746.86	1	3
402	4	1064	1	3
402	4	1410.3	1	3
402	4	776.63	1	3
402	4	734.4	1	3
402	4	799.56	1	3
402	4	1109.3	1	3
402	4	1157.3	1	3
402	4	1632.2	1	3
402	4	923.9	1	3
402	4	710.08	1	3
402	4	901.42	1	3
402	4	796.2	1	3
402	4	991.74	1	3
402	4	899.94	1	3
402	4	946.16	1	3
402	4	1638.4	1	3
402	4	1285.9	1	3
402	4	858.67	1	3
402	4	733.37	1	3
402	4	805.44	1	3
402	4	636.92	1	3
402	4	742.19	1	3
402	4	681.64	1	3
402	4	949.06	1	3
402	4	636.35	1	3
402	4	713.74	1	3
402	4	700.63	1	3
402	4	586.49	1	3
402	4	770.66	1	3
402	4	604.48	1	3
402	4	631.03	1	3
402	4	716.31	1	3
402	4	947.73	1	3
402	4	905.13	1	3
402	4	832.05	1	3
402	4	688.94	1	3
402	4	785.17	1	3
402	4	605.6	1	3
402	4	753.58	1	3
402	4	705.58	1	3
402	4	660.44	1	3
402	4	659.53	1	3
402	4	816.63	1	3
402	4	704.72	1	3
402	4	719.75	1	3
402	4	1209.1	1	3
402	4	875.71	1	3
402	4	959.26	1	3
402	4	1338.7	1	3
402	4	773.48	1	3
402	4	839.79	1	3
402	4	689.01	1	3
402	4	625.43	1	3
402	4	636.68	1	3
402	4	683.63	1	3
402	4	733.53	1	3
402	4	796.64	1	3
402	4	1467.2	1	3
402	4	1026.9	1	3
402	4	852.18	1	3
402	4	827.56	1	3
402	4	848.45	1	3
402	4	590.63	1	3
402	4	782.82	1	3
402	4	671.43	1	3
402	4	557.35	1	3
402	4	805.68	1	3
402	4	643.45	1	3
402	4	651.69	1	3
402	4	1128.3	1	3
402	4	611.01	1	3
402	4	1020.5	1	3
402	4	582.9	1	3
402	4	999.13	1	3
402	4	692.31	1	3
402	4	1184.3	1	3
402	4	666.22	1	3
402	4	742.08	1	3
402	4	1243.3	1	3
402	4	836.5	1	3
402	4	919.27	1	3
402	4	702.96	1	3
402	4	634	1	3
402	4	643.04	1	3
402	4	932.61	1	3
402	4	1017.9	1	3
402	4	867.96	1	3
402	4	767.35	1	3
402	4	645.96	0	3
402	4	653.72	1	3
402	4	730.02	1	3
402	4	640.98	1	3
402	4	585.41	1	3
402	4	990.56	1	3
402	4	599.4	1	3
402	4	1532.1	1	3
402	4	701.4	1	3
402	4	689.89	1	3
402	4	1086	1	3
402	4	734.68	1	3
402	4	758.32	1	3
402	4	888.12	1	3
402	4	607.26	1	3
402	4	791.2	1	3
402	4	792.16	1	3
402	4	717.77	1	3
402	4	1139.7	1	3
402	4	951.89	1	3
402	4	904	1	3
402	4	682.16	1	3
402	4	736.22	1	3
402	4	1004.7	1	3
402	4	662.99	1	3
402	4	972.8	1	3
402	4	991.83	1	3
402	4	782.1	1	3
402	4	899.73	1	3
402	4	777.07	1	3
402	4	875.07	1	3
402	4	735.31	1	3
402	4	1023.8	1	3
402	4	599.68	1	3
402	4	720.41	1	3
402	4	1002.8	1	3
402	4	698.4	1	3
402	4	890.5	1	3
402	4	853.39	1	3
402	4	1067.3	1	3
402	4	905.13	1	3
402	4	715.91	1	3
402	4	915.14	1	3
402	4	861.61	1	3
402	4	721.09	1	3
402	4	637.78	1	3
402	4	621.48	1	3
402	4	994.28	1	3
402	4	867.58	1	3
402	4	638.2	1	3
402	4	969.84	1	3
402	4	768.46	1	3
402	4	783.5	1	3
402	4	642.95	1	3
402	4	847.46	1	3
402	4	717.58	1	3
402	4	634.77	1	3
402	4	891.13	1	3
402	4	569.29	1	3
402	4	985.48	1	3
402	4	647.34	1	3
402	4	837.74	1	3
402	4	540.37	0	3
402	4	577.12	1	3
402	4	1034.8	1	3
402	4	954.87	1	3
402	4	572.73	0	3
402	4	766.83	1	3
402	4	742.19	1	3
402	4	634.42	1	3
402	4	771.28	1	3
402	4	559.24	1	3
402	4	821.1	1	3
402	4	709.38	1	3
402	4	716.28	1	3
402	4	782.72	1	3
402	4	606.06	1	3
402	4	713.49	1	3
402	4	538.4	1	3
402	4	531.37	1	3
402	4	689.55	1	3
402	4	597.15	0	3
402	4	642.48	1	3
402	4	674.69	1	3
402	4	543.78	0	3
402	4	607.43	1	3
402	4	622.15	1	3
402	4	586.04	1	3
402	4	648.99	1	3
402	4	852.51	1	3
402	4	1092.8	1	3
402	4	626.32	1	3
402	4	1019.6	1	3
402	4	598.17	1	3
402	4	958.72	1	3
402	4	1098.7	1	3
402	4	858.62	1	3
402	4	928.1	1	3
402	4	928.52	1	3
402	4	577.61	1	3
402	4	643.84	1	3
402	4	616.16	1	3
402	4	1267.8	1	3
402	4	689.67	1	3
402	4	671.75	1	3
402	4	540.7	1	3
402	4	680.97	1	3
402	4	1482.8	1	3
402	4	805.53	1	3
402	4	685.9	1	3
402	4	633.04	1	3
402	4	651.57	1	3
402	4	576.32	1	3
402	4	762.59	1	3
402	4	665.37	1	3
402	4	1164.7	1	3
402	4	752.94	1	3
402	4	716.64	1	3
402	4	586.67	1	3
402	4	819.92	1	3
402	4	658.52	1	3
402	4	1109.7	1	3
402	4	433.41	0	3
402	4	601.25	1	3
402	4	623.06	1	3
402	4	701.47	1	3
402	4	881.83	1	3
402	4	421.06	0	3
402	4	682.51	1	3
402	4	685.32	1	3
402	4	783.19	1	3
402	4	594.06	1	3
402	4	581.41	1	3
402	4	635.33	1	3
402	4	616.94	1	3
402	4	509.02	1	3
402	4	796.31	1	3
402	4	1488.8	1	3
402	4	615.9	1	3
402	4	523.45	1	3
402	4	598.51	1	3
402	4	490.56	0	3
402	4	730.71	1	3
402	4	1039	1	3
402	4	573.16	1	3
402	4	778.84	1	3
402	4	881.57	1	3
402	4	724.54	1	3
402	4	658.86	1	3
402	4	931.63	1	3
402	4	774.33	1	3
402	4	767.89	1	3
402	4	853.51	1	3
402	4	734.41	1	3
402	4	740.8	1	3
402	4	809.71	1	3
402	4	557.08	1	3
402	4	806.27	1	3
402	4	530.57	1	3
402	4	674.66	1	3
402	4	811.02	1	3
402	4	836.53	1	3
402	4	777.54	1	3
402	4	649.97	1	3
402	4	830.31	1	3
402	4	621.14	1	3
402	4	797.92	1	3
402	4	639.4	1	3
402	4	1023.3	1	3
402	4	932.84	1	3
402	4	899.67	1	3
402	4	663.43	1	3
402	4	721.89	1	3
402	4	968.07	1	3
402	4	848.73	1	3
402	4	596.2	1	3
402	4	931.27	1	3
402	4	584.39	1	3
402	4	652.28	1	3
402	4	636.08	1	3
402	4	1252.1	1	3
402	4	559	1	3
402	4	634.32	1	3
402	4	747.94	1	3
402	4	708.63	1	3
402	4	742.71	1	3
402	4	765.25	1	3
402	4	680.9	1	3
402	4	626.03	1	3
402	4	630.16	1	3
402	4	712.4	1	3
402	4	708.55	1	3
402	4	774.39	1	3
402	4	715.59	1	3
402	4	722.43	1	3
402	4	893.24	1	3
402	4	648.79	1	3
402	4	737.07	1	3
402	4	760.55	1	3
402	4	579.44	1	3
402	4	709.91	1	3
402	4	1265.6	1	3
402	4	1111.6	1	3
402	4	628.23	1	3
402	4	769.26	1	3
402	4	727.58	1	3
402	4	791.17	1	3
402	4	865	1	3
402	4	652.92	1	3
402	4	893.48	1	3
402	4	762.48	1	3
402	4	1152.8	1	3
402	4	1133.4	1	3
402	4	1062.5	1	3
402	4	618.64	1	3
402	4	747.1	1	3
402	4	793.73	1	3
402	4	903.65	1	3
402	4	1238.6	1	3
402	4	841.63	1	3
402	4	649.03	1	3
402	4	546.76	1	3
402	4	659.28	1	3
402	4	915.6	1	3
402	4	634.48	1	3
402	4	605.8	1	3
402	4	577.11	1	3
402	4	1074.2	1	4
402	4	1325.3	1	4
402	4	921.32	1	4
402	4	1366.4	1	4
402	4	1512.8	1	4
402	4	1609.3	1	4
402	4	1412.2	1	4
402	4	1167.7	1	4
402	4	862.05	1	4
402	4	1778.3	1	4
402	4	1088.3	1	4
402	4	1182.6	1	4
402	4	1487.4	1	4
402	4	710.2	1	4
402	4	1029.3	1	4
402	4	539.58	0	4
402	4	1106	1	4
402	4	1062.7	1	4
402	4	982.33	1	4
402	4	750.4	1	4
402	4	1214.3	1	4
402	4	950.54	1	4
402	4	807.76	1	4
402	4	1180.6	1	4
402	4	896.42	1	4
402	4	1375.4	1	4
402	4	797.64	1	4
402	4	647.54	1	4
402	4	746.18	1	4
402	4	863.91	1	4
402	4	1949.1	1	4
402	4	654.25	1	4
402	4	1150.6	1	4
402	4	803.28	1	4
402	4	1111.7	1	4
402	4	605.37	1	4
402	4	1185.9	1	4
402	4	1244	1	4
402	4	1107.5	1	4
402	4	880.19	1	4
402	4	909.29	0	4
402	4	1801.6	1	4
402	4	1221.6	1	4
402	4	968.69	1	4
402	4	1078.4	1	4
402	4	876.07	1	4
402	4	924.43	1	4
402	4	1269.5	1	4
402	4	945.33	1	4
402	4	1902.2	1	4
402	4	957.51	1	4
402	4	915.04	1	4
402	4	1079.5	1	4
402	4	1333.2	1	4
402	4	1195.7	1	4
402	4	770.06	1	4
402	4	767.63	0	4
402	4	1284.2	1	4
402	4	1073.8	1	4
402	4	1039.9	1	4
402	4	717.42	1	4
402	4	726.46	1	4
402	4	685.53	1	4
402	4	915.68	1	4
402	4	1083.1	1	4
402	4	799.49	1	4
402	4	1432.2	1	4
402	4	763.2	1	4
402	4	730.98	1	4
402	4	860.36	1	4
402	4	1103.7	1	4
402	4	610.33	1	4
402	4	776.42	1	4
402	4	702.19	1	4
402	4	1255	0	4
402	4	1039.6	1	4
402	4	687.19	1	4
402	4	974.82	1	4
402	4	914.91	1	4
402	4	1048.1	1	4
402	4	1806.6	0	4
402	4	802.32	1	4
402	4	1244.1	1	4
402	4	897.38	1	4
402	4	1093.5	1	4
402	4	719.73	1	4
402	4	633.69	1	4
402	4	1289	1	4
402	4	666.15	1	4
402	4	1265.9	1	4
402	4	891.31	1	4
402	4	577.27	1	4
402	4	761.66	1	4
402	4	806.31	1	4
402	4	638.01	1	4
402	4	848.23	1	4
402	4	1100.6	1	4
402	4	693.09	1	4
402	4	891.2	1	4
402	4	748.8	1	4
402	4	629.75	1	4
402	4	987.02	1	4
402	4	1350.5	1	4
402	4	758.57	1	4
402	4	731.69	1	4
402	4	608.53	1	4
402	4	754.52	1	4
402	4	1190.3	1	4
402	4	861.21	1	4
402	4	810.03	1	4
402	4	1108.5	1	4
402	4	716.9	1	4
402	4	725.13	0	4
402	4	827.11	1	4
402	4	1162.4	1	4
402	4	880.88	1	4
402	4	787.07	1	4
402	4	1344.5	1	4
402	4	1157.1	1	4
402	4	744.43	1	4
402	4	777.26	1	4
402	4	1136.9	1	4
402	4	1040.7	1	4
402	4	597.66	1	4
402	4	751.05	1	4
402	4	822.39	1	4
402	4	680.23	1	4
402	4	742.61	1	4
402	4	1043	1	4
402	4	684.84	1	4
402	4	2073.1	1	4
402	4	734.8	1	4
402	4	790.72	1	4
402	4	596.9	1	4
402	4	844.11	1	4
402	4	1486.1	1	4
402	4	1642.1	1	4
402	4	1054.4	1	4
402	4	908.27	1	4
402	4	539.83	0	4
402	4	804.82	1	4
402	4	618.89	1	4
402	4	1188	1	4
402	4	1165.1	1	4
402	4	1349.8	1	4
402	4	977.96	1	4
402	4	1788.5	1	4
402	4	601.3	1	4
402	4	826.02	1	4
402	4	742.41	1	4
402	4	874.83	1	4
402	4	690.11	1	4
402	4	825.31	1	4
402	4	1383.9	1	4
402	4	872.03	1	4
402	4	604.54	1	4
402	4	1201	1	4
402	4	745.27	1	4
402	4	815.95	1	4
402	4	640.12	1	4
402	4	1343.4	1	4
402	4	1254.1	1	4
402	4	920.6	1	4
402	4	1183.7	1	4
402	4	1393.4	1	4
402	4	739.76	1	4
402	4	479.3	0	4
402	4	624.32	1	4
402	4	878.94	1	4
402	4	934.32	1	4
402	4	673.39	1	4
402	4	802.87	1	4
402	4	811.5	1	4
402	4	797.3	1	4
402	4	1008.2	1	4
402	4	1278.8	1	4
402	4	692.24	1	4
402	4	600.1	1	4
402	4	1349.4	1	4
402	4	749.49	1	4
402	4	1076.5	1	4
402	4	585.11	1	4
402	4	630	1	4
402	4	645.27	1	4
402	4	640	1	4
402	4	894.18	1	4
402	4	629.54	1	4
402	4	1127.5	1	4
402	4	911.06	1	4
402	4	1208.1	1	4
402	4	1056	1	4
402	4	749.43	1	4
402	4	644.78	1	4
402	4	642.18	1	4
402	4	626.26	1	4
402	4	561.44	1	4
402	4	1698.7	1	4
402	4	1237.6	1	4
402	4	652.25	1	4
402	4	575.47	1	4
402	4	564.1	1	4
402	4	724.45	1	4
402	4	621.6	1	4
402	4	609.6	1	4
402	4	571.91	1	4
402	4	719.76	1	4
402	4	1094.2	1	4
402	4	864.1	1	4
402	4	612.44	1	4
402	4	787.59	1	4
402	4	685.66	1	4
402	4	631.55	1	4
402	4	719.19	1	4
402	4	831.06	1	4
402	4	671.78	1	4
402	4	767.79	1	4
402	4	821.04	1	4
402	4	1342.9	1	4
402	4	656.96	1	4
402	4	643.52	1	4
402	4	486.33	0	4
402	4	711.97	1	4
402	4	1058.1	1	4
402	4	611.73	1	4
402	4	1113.4	1	4
402	4	1054.5	1	4
402	4	857.94	1	4
402	4	709.93	1	4
402	4	666.2	1	4
402	4	954.04	1	4
402	4	777.37	1	4
402	4	882.5	1	4
402	4	1221.8	1	4
402	4	650.89	1	4
402	4	725.66	1	4
402	4	724.34	1	4
402	4	662.87	1	4
402	4	922.76	1	4
402	4	1014.4	1	4
402	4	955.47	1	4
402	4	576.28	1	4
402	4	681.86	1	4
402	4	1069.6	1	4
402	4	836.85	1	4
402	4	1048.4	1	4
402	4	719.4	1	4
402	4	726.45	1	4
402	4	820.44	1	4
402	4	1309.7	1	4
402	4	1250.4	1	4
402	4	1074.1	1	4
402	4	610.04	1	4
402	4	782.02	1	4
402	4	653.7	1	4
402	4	1021.6	1	4
402	4	725.31	1	4
402	4	609.63	1	4
402	4	871.74	1	4
402	4	646.11	1	4
402	4	981.65	1	4
402	4	628.56	1	4
402	4	735.45	1	4
402	4	746.12	1	4
402	4	867.28	1	4
402	4	1136	1	4
402	4	754.87	1	4
402	4	729.14	1	4
402	4	1018.1	1	4
402	4	720.54	1	4
402	4	663.01	1	4
402	4	743.64	1	4
402	4	889.93	1	4
402	4	1029.5	1	4
402	4	700.53	1	4
402	4	690.6	1	4
402	4	771.8	1	4
402	4	890.26	1	4
402	4	617.58	1	4
402	4	782.98	1	4
402	4	693.45	1	4
402	4	661.67	1	4
402	4	629.18	1	4
402	4	828.44	1	4
402	4	680.33	1	4
402	4	707.79	1	4
402	4	768.92	1	4
402	4	597.32	1	4
402	4	649.66	1	4
402	4	607.87	1	4
402	4	1387.8	1	4
402	4	633.19	1	4
402	4	800.79	1	4
402	4	830.28	1	4
402	4	727.89	1	4
402	4	677.46	1	4
402	4	1332.2	1	4
402	4	721.67	1	4
402	4	866.96	1	4
402	4	661.86	1	4
402	4	639.68	1	4
402	4	736.75	1	4
402	4	819.01	1	4
402	4	906.79	1	4
402	4	596.37	1	4
402	4	675.4	1	4
402	4	1010.9	1	4
402	4	646.61	1	4
402	4	731.24	1	4
402	4	481.51	0	4
402	4	798.69	1	4
402	4	706.06	1	4
402	4	361.81	0	4
402	4	1774.6	1	4
402	4	797.91	1	4
402	4	639.08	1	4
402	4	1246	1	4
402	4	877.17	1	4
402	4	644.88	1	4
402	4	1364.9	1	4
402	4	1262.8	1	4
402	4	645.92	1	4
402	4	991.38	0	4
402	4	1023.6	1	4
402	4	979.28	1	4
402	4	1220.4	1	4
402	4	1487.4	1	4
402	4	737.35	1	4
402	4	1078.5	1	4
402	4	884.31	1	4
402	4	620.28	1	4
402	4	1255	1	4
402	4	664.51	1	4
402	4	725.89	1	4
402	4	1167.9	1	4
402	4	918.42	1	4
402	4	606.92	1	4
402	4	2209	0	4
402	4	720.67	1	4
402	4	1106.8	1	4
402	4	683.92	1	4
402	4	931.01	1	4
402	4	695.89	1	4
402	4	1399.4	1	4
402	4	1109.1	1	4
402	4	854.79	1	4
402	4	825.85	1	4
402	4	616.65	1	4
402	4	836.14	1	4
402	4	683.52	1	4
402	4	747.24	1	4
402	4	1066.5	1	5
402	4	1129.8	1	5
402	4	1728.3	1	5
402	4	992.12	1	5
402	4	1099	1	5
402	4	965.95	1	5
402	4	976.19	1	5
402	4	1293.5	1	5
402	4	1081	1	5
402	4	1145	1	5
402	4	1081.8	1	5
402	4	1933.4	1	5
402	4	913.95	1	5
402	4	966.45	1	5
402	4	941.59	1	5
402	4	841.63	1	5
402	4	1389.6	1	5
402	4	1408	1	5
402	4	927.35	1	5
402	4	961.04	1	5
402	4	979.46	1	5
402	4	1748.7	1	5
402	4	918.39	1	5
402	4	845.15	1	5
402	4	896.87	1	5
402	4	846.45	1	5
402	4	916.78	1	5
402	4	1002.5	1	5
402	4	1150.7	1	5
402	4	1097.1	1	5
402	4	952.19	1	5
402	4	1060.4	1	5
402	4	983.98	1	5
402	4	971.81	1	5
402	4	1175.1	1	5
402	4	1139.3	1	5
402	4	1113.8	0	5
402	4	1053.2	1	5
402	4	980.09	1	5
402	4	827.13	1	5
402	4	968.1	1	5
402	4	824.83	1	5
402	4	962.42	1	5
402	4	940.27	1	5
402	4	1007.9	1	5
402	4	1031.7	1	5
402	4	977.7	1	5
402	4	889.67	1	5
402	4	675.01	1	5
402	4	1445.3	1	5
402	4	975.8	1	5
402	4	2042.7	1	5
402	4	855.86	1	5
402	4	881.38	1	5
402	4	823.58	1	5
402	4	759.23	1	5
402	4	726.76	1	5
402	4	844.89	1	5
402	4	835.48	1	5
402	4	925.88	1	5
402	4	818.06	1	5
402	4	1463.7	1	5
402	4	1307.7	1	5
402	4	1356.6	1	5
402	4	631	1	5
402	4	904.67	1	5
402	4	925.81	1	5
402	4	737.5	1	5
402	4	608.67	1	5
402	4	734.99	1	5
402	4	774.63	1	5
402	4	837.71	1	5
402	4	731.73	1	5
402	4	982.44	1	5
402	4	1055.3	1	5
402	4	899.23	1	5
402	4	845.81	1	5
402	4	1362.2	1	5
402	4	674.96	1	5
402	4	859.61	1	5
402	4	1161	1	5
402	4	853.62	1	5
402	4	858.86	1	5
402	4	795.96	1	5
402	4	791.63	1	5
402	4	869.89	1	5
402	4	1066.2	1	5
402	4	819.67	1	5
402	4	878.62	1	5
402	4	854.54	1	5
402	4	863.91	1	5
402	4	812.06	1	5
402	4	822.4	1	5
402	4	875.93	1	5
402	4	893.63	1	5
402	4	1102.8	1	5
402	4	748.87	1	5
402	4	1186.9	1	5
402	4	735.96	1	5
402	4	1285.9	1	5
402	4	849.42	1	5
402	4	1948.6	1	5
402	4	1196.3	1	5
402	4	866	1	5
402	4	1155.1	1	5
402	4	1070.8	1	5
402	4	825.82	1	5
402	4	888.28	1	5
402	4	1007.1	1	5
402	4	1003.9	1	5
402	4	914.16	1	5
402	4	812.08	1	5
402	4	847.62	1	5
402	4	940.47	1	5
402	4	1029.8	1	5
402	4	808.57	0	5
402	4	1024.1	1	5
402	4	1024.3	1	5
402	4	871.59	1	5
402	4	1043.7	1	5
402	4	839.9	1	5
402	4	852.48	1	5
402	4	936.58	1	5
402	4	960.35	1	5
402	4	921.57	1	5
402	4	1211.9	1	5
402	4	1200.9	1	5
402	4	1052.2	1	5
402	4	855.85	1	5
402	4	804.69	1	5
402	4	884.19	1	5
402	4	1160	1	5
402	4	843.08	1	5
402	4	1259.9	1	5
402	4	792.39	1	5
402	4	1298.3	1	5
402	4	860.45	1	5
402	4	1005	1	5
402	4	837.05	1	5
402	4	1010.6	1	5
402	4	775.75	1	5
402	4	958.53	1	5
402	4	560.01	1	5
402	4	1158.8	1	5
402	4	864.54	1	5
402	4	901.2	1	5
402	4	943.86	1	5
402	4	824.96	1	5
402	4	922.94	1	5
402	4	992.71	1	5
402	4	957.07	1	5
402	4	899.43	1	5
402	4	850.74	1	5
402	4	847.81	1	5
402	4	905.74	1	5
402	4	634.53	0	5
402	4	1497.7	1	5
402	4	963.92	1	5
402	4	1282.8	1	5
402	4	963.44	0	5
402	4	1007.6	1	5
402	4	818.41	1	5
402	4	1008.5	1	5
402	4	751.79	1	5
402	4	1044.6	1	5
402	4	1014.9	1	5
402	4	1078.6	1	5
402	4	878.16	1	5
402	4	850.01	1	5
402	4	873.77	1	5
402	4	726.79	1	5
402	4	927.85	1	5
402	4	771.27	1	5
402	4	809.51	1	5
402	4	1705.3	0	5
402	4	994.1	1	5
402	4	924.4	1	5
402	4	803	1	5
402	4	743.25	1	5
402	4	963.39	1	5
402	4	794.01	1	5
402	4	789.36	1	5
402	4	892.72	1	5
402	4	1110.2	1	5
402	4	958.72	1	5
402	4	1670.3	1	5
402	4	1143.6	1	5
402	4	811.15	1	5
402	4	826.85	1	5
402	4	775.35	1	5
402	4	814.71	1	5
402	4	990.91	1	5
402	4	743.17	1	5
402	4	747.59	1	5
402	4	789.6	1	5
402	4	706.04	1	5
402	4	1188.4	1	5
402	4	710.03	1	5
402	4	1260.1	1	5
402	4	758.21	1	5
402	4	872.51	1	5
402	4	1115	0	5
402	4	1608.5	1	5
402	4	842.46	1	5
402	4	676.47	1	5
402	4	783.62	1	5
402	4	973.97	1	5
402	4	781.67	1	5
402	4	862.6	1	5
402	4	1076.6	1	5
402	4	829.36	1	5
402	4	736.97	1	5
402	4	989.58	1	5
402	4	881.63	1	5
402	4	1164.5	1	5
402	4	835.67	1	5
402	4	773.14	1	5
402	4	1184.8	1	5
402	4	799.74	1	5
402	4	723.91	1	5
402	4	765.2	1	5
402	4	1116.6	1	5
402	4	1087.9	0	5
402	4	891.75	1	5
402	4	1049.4	1	5
402	4	989.92	1	5
402	4	812.19	1	5
402	4	886.8	1	5
402	4	1136.6	1	5
402	4	1518.7	1	5
402	4	1003.6	1	5
402	4	784.62	1	5
402	4	754.07	1	5
402	4	918.34	1	5
402	4	1069.4	1	5
402	4	734.02	1	5
402	4	687.73	1	5
402	4	1180.8	1	5
402	4	795.31	1	5
402	4	847.26	1	5
402	4	883.08	1	5
402	4	600.82	1	5
402	4	699.02	1	5
402	4	674.59	1	5
402	4	900.28	1	5
402	4	601.25	1	5
402	4	798.45	1	5
402	4	708.27	1	5
402	4	861.19	1	5
402	4	1184.9	0	5
402	4	1137.4	1	5
402	4	680.46	1	5
402	4	770.76	1	5
402	4	955.72	1	5
402	4	855.82	1	5
402	4	583.92	1	5
402	4	885.76	1	5
402	4	741.96	1	5
402	4	738.72	1	5
402	4	730.67	0	5
402	4	730.61	1	5
402	4	704.62	1	5
402	4	1590.8	0	5
402	4	1099.4	1	5
402	4	982.24	1	5
402	4	883.06	1	5
402	4	646.78	1	5
402	4	979.4	1	5
402	4	693.3	1	5
402	4	714.09	1	5
402	4	965.04	1	5
402	4	729.84	1	5
402	4	759.88	1	5
402	4	1048.9	1	5
402	4	956.52	1	5
402	4	704.72	1	5
402	4	877.59	1	5
402	4	1017.9	1	5
402	4	911.24	1	5
402	4	533.12	0	5
402	4	767.32	1	5
402	4	925.75	1	5
402	4	1003.6	1	5
402	4	792.71	1	5
402	4	1339.7	1	5
402	4	820.93	0	5
402	4	899.29	1	5
402	4	770.86	1	5
402	4	563.74	1	5
402	4	897.08	1	5
402	4	855.91	1	5
402	4	1231.7	1	5
402	4	1146.9	0	5
402	4	849.64	1	5
402	4	821.9	1	5
402	4	833.57	1	5
402	4	827.25	1	5
402	4	1178.1	1	5
402	4	1263.1	1	5
402	4	1077.4	1	5
402	4	855.9	1	5
402	4	900.94	1	5
402	4	1473.7	1	5
402	4	956.01	1	5
402	4	926.81	1	5
402	4	753.67	1	5
402	4	954.97	1	5
402	4	1147.3	1	5
402	4	969.15	1	5
402	4	829.85	1	5
402	4	989.33	1	5
402	4	1148.7	1	5
402	4	903.92	1	5
402	4	769.23	1	5
402	4	862.01	1	5
402	4	1012.9	1	5
402	4	880.8	1	5
402	4	1558.6	1	5
402	4	1035	1	5
402	4	932.56	1	5
402	4	1029	1	5
402	4	876.17	1	5
402	4	648.09	1	5
402	4	957.26	1	5
402	4	1052	1	5
402	4	914.31	1	5
402	4	1305.6	1	5
402	4	647.72	0	5
402	4	779.02	1	5
402	4	895.87	1	5
402	4	570.41	1	5
402	4	807.37	1	5
402	4	1055.2	1	5
402	4	870.86	1	5
402	4	927.7	1	5
402	4	823.05	1	5
402	4	728.52	1	5
402	4	2197.4	1	5
402	4	814.03	1	5
402	4	1280.6	1	5
402	4	784.26	1	5
402	4	1466.8	1	5
402	4	874.45	1	5
402	4	960.44	1	5
402	4	680.48	1	5
402	4	802.51	1	5
402	4	1545.6	1	5
402	4	1408.4	0	5
402	4	990.86	1	5
402	4	942.73	1	6
402	4	904.92	1	6
402	4	937.91	1	6
402	4	1192	1	6
402	4	1552.1	1	6
402	4	881.4	1	6
402	4	876.47	1	6
402	4	1100.8	1	6
402	4	952.45	1	6
402	4	1853.2	1	6
402	4	927.71	1	6
402	4	1368.6	1	6
402	4	1070.1	1	6
402	4	983.57	1	6
402	4	1135.3	1	6
402	4	1023.4	1	6
402	4	796.8	1	6
402	4	1071.7	1	6
402	4	1444.3	1	6
402	4	954.27	1	6
402	4	1407.3	1	6
402	4	863.76	1	6
402	4	1009	1	6
402	4	1128.3	1	6
402	4	1664.1	1	6
402	4	890.09	1	6
402	4	1052.4	1	6
402	4	1032.2	1	6
402	4	1004.5	1	6
402	4	1067	1	6
402	4	881.33	1	6
402	4	843.13	1	6
402	4	847.38	1	6
402	4	877.56	1	6
402	4	919.11	1	6
402	4	1215.7	1	6
402	4	811.61	1	6
402	4	1865.5	1	6
402	4	911.86	1	6
402	4	1061.4	1	6
402	4	993.06	1	6
402	4	968.59	1	6
402	4	963.08	1	6
402	4	964.48	1	6
402	4	961.43	1	6
402	4	930.06	1	6
402	4	936.61	1	6
402	4	828.11	1	6
402	4	931.13	1	6
402	4	861.26	1	6
402	4	759.36	1	6
402	4	822.81	1	6
402	4	853.3	0	6
402	4	744.24	1	6
402	4	900.02	1	6
402	4	818.49	1	6
402	4	733.32	1	6
402	4	828.88	1	6
402	4	758.5	1	6
402	4	811.41	1	6
402	4	735.8	1	6
402	4	760.82	1	6
402	4	1001	1	6
402	4	697.14	1	6
402	4	747.36	1	6
402	4	970.18	1	6
402	4	1021.5	1	6
402	4	874.48	1	6
402	4	868.9	1	6
402	4	946.08	1	6
402	4	811.28	1	6
402	4	366.87	1	6
402	4	756.65	1	6
402	4	1323.4	1	6
402	4	988.39	1	6
402	4	923.94	1	6
402	4	729.08	1	6
402	4	556.76	1	6
402	4	830.07	1	6
402	4	867.9	1	6
402	4	776.78	1	6
402	4	874.55	1	6
402	4	801.36	1	6
402	4	828.78	1	6
402	4	772.04	1	6
402	4	706.13	1	6
402	4	880.2	1	6
402	4	766.9	1	6
402	4	573.96	1	6
402	4	522.41	1	6
402	4	939.74	1	6
402	4	849.93	1	6
402	4	937.89	1	6
402	4	813.09	1	6
402	4	833.94	1	6
402	4	628.35	1	6
402	4	609.29	1	6
402	4	765.33	1	6
402	4	957.21	1	6
402	4	687.58	1	6
402	4	979.46	1	6
402	4	794.26	1	6
402	4	1548.3	1	6
402	4	1017	1	6
402	4	1191.4	1	6
402	4	1135.1	1	6
402	4	1188.1	1	6
402	4	814.85	1	6
402	4	811.16	1	6
402	4	904.98	1	6
402	4	885.31	1	6
402	4	528.74	0	6
402	4	911.36	1	6
402	4	881.65	1	6
402	4	948.32	1	6
402	4	698.51	1	6
402	4	582.6	1	6
402	4	894.64	1	6
402	4	1028.5	1	6
402	4	995.54	1	6
402	4	947.05	1	6
402	4	845.88	1	6
402	4	780.08	1	6
402	4	956.54	1	6
402	4	1021.2	1	6
402	4	811.77	1	6
402	4	709.62	1	6
402	4	828.37	1	6
402	4	1003.4	1	6
402	4	1032.9	1	6
402	4	886.12	1	6
402	4	965.72	1	6
402	4	983.47	1	6
402	4	1343.6	1	6
402	4	1043.5	1	6
402	4	1838	1	6
402	4	622.1	1	6
402	4	694.98	1	6
402	4	588.76	1	6
402	4	711.89	1	6
402	4	846.37	1	6
402	4	704.94	1	6
402	4	756.5	1	6
402	4	862.26	1	6
402	4	921.2	1	6
402	4	956.34	1	6
402	4	872.88	1	6
402	4	740.23	1	6
402	4	934.81	1	6
402	4	1236.6	1	6
402	4	784.74	1	6
402	4	677.83	1	6
402	4	861.84	1	6
402	4	864.32	1	6
402	4	658.36	1	6
402	4	790.37	1	6
402	4	632.68	1	6
402	4	707.35	1	6
402	4	847.84	1	6
402	4	946.44	1	6
402	4	1242.3	1	6
402	4	1212.2	1	6
402	4	1061.1	1	6
402	4	1317.8	1	6
402	4	1035.5	1	6
402	4	1123	1	6
402	4	1605.6	1	6
402	4	851.54	1	6
402	4	1030.9	1	6
402	4	1033.6	1	6
402	4	1013.1	1	6
402	4	737.95	1	6
402	4	1053.3	1	6
402	4	1171.6	1	6
402	4	854.51	1	6
402	4	769.84	1	6
402	4	968.22	1	6
402	4	777.8	1	6
402	4	1172.2	1	6
402	4	895.94	1	6
402	4	805.24	1	6
402	4	867.26	1	6
402	4	1375.8	0	6
402	4	768.62	1	6
402	4	885.02	1	6
402	4	618.2	1	6
402	4	790.02	1	6
402	4	936.44	1	6
402	4	1211.1	1	6
402	4	1230.4	1	6
402	4	1348.4	1	6
402	4	1301.8	1	6
402	4	680.01	1	6
402	4	674	1	6
402	4	829.8	1	6
402	4	710.95	1	6
402	4	950.23	1	6
402	4	1313.7	1	6
402	4	859.74	1	6
402	4	1003.5	1	6
402	4	746.85	1	6
402	4	753.1	1	6
402	4	1045.7	1	6
402	4	955.66	1	6
402	4	757.32	1	6
402	4	627.64	1	6
402	4	684.47	1	6
402	4	955.04	1	6
402	4	1148.5	1	6
402	4	687.93	1	6
402	4	1000.4	1	6
402	4	870.39	1	6
402	4	788.13	1	6
402	4	703.71	1	6
402	4	776.18	1	6
402	4	1730.6	1	6
402	4	681.02	1	6
402	4	1153.6	1	6
402	4	962.24	1	6
402	4	621.8	1	6
402	4	939.56	1	6
402	4	1146.7	1	6
402	4	2046.1	0	6
402	4	1530.2	1	6
402	4	552.58	1	6
402	4	948.51	1	6
402	4	720.11	1	6
402	4	1253.1	1	6
402	4	684.47	1	6
402	4	695.38	1	6
402	4	805.73	1	6
402	4	934.57	1	6
402	4	774.75	1	6
402	4	729.41	1	6
402	4	1874.2	1	6
402	4	1107.3	1	6
402	4	630.34	1	6
402	4	559.31	1	6
402	4	827.25	1	6
402	4	864.03	1	6
402	4	1027.2	1	6
402	4	788.25	1	6
402	4	689.78	1	6
402	4	1002.4	1	6
402	4	700.82	1	6
402	4	1128.3	1	6
402	4	834.23	1	6
402	4	570.15	1	6
402	4	1249.1	1	6
402	4	864.12	1	6
402	4	802.53	1	6
402	4	1596.7	1	6
402	4	851.23	1	6
402	4	862.01	1	6
402	4	995.45	1	6
402	4	852.12	1	6
402	4	821.47	1	6
402	4	936.85	1	6
402	4	680.51	1	6
402	4	660.88	1	6
402	4	890.28	1	6
402	4	819.04	1	6
402	4	840.75	1	6
402	4	874.36	1	6
402	4	623.14	0	6
402	4	743.57	1	6
402	4	695.02	1	6
402	4	1189	0	6
402	4	765.16	1	6
402	4	769.1	1	6
402	4	816.91	1	6
402	4	509.05	1	6
402	4	527.51	1	6
402	4	909.16	0	6
402	4	832.61	1	6
402	4	721.75	1	6
402	4	568.94	1	6
402	4	865.6	1	6
402	4	882.73	1	6
402	4	680.41	1	6
402	4	1006.5	1	6
402	4	784.63	1	6
402	4	685.14	1	6
402	4	807.66	1	6
402	4	1202	1	6
402	4	973.63	1	6
402	4	743.26	1	6
402	4	648.11	1	6
402	4	661.9	1	6
402	4	1091.9	1	6
402	4	1130.3	1	6
402	4	1229.7	1	6
402	4	777.73	1	6
402	4	781.73	1	6
402	4	782.06	1	6
402	4	742.77	1	6
402	4	679.09	1	6
402	4	782.24	1	6
402	4	716.09	1	6
402	4	782.83	1	6
402	4	752.6	1	6
402	4	952.88	1	6
402	4	763.8	1	6
402	4	614.05	1	6
402	4	847.77	1	6
402	4	741.12	1	6
402	4	770.02	1	6
402	4	691.3	1	6
402	4	818.39	1	6
402	4	1047.4	1	6
402	4	916.24	1	6
402	4	756.88	1	6
402	4	1030.8	1	6
402	4	1097.4	1	6
402	4	841.97	1	6
402	4	876.55	1	6
402	4	734.46	1	6
402	4	736.28	1	6
402	4	899.32	1	6
402	4	1057.2	1	6
402	4	1247.4	1	6
402	4	867.06	1	6
402	4	725.6	1	6
402	4	800.32	1	6
402	4	699.4	1	6
402	4	799.75	1	6
402	4	787.79	1	6
402	4	948.86	1	6
402	4	945.24	1	6
402	4	1024.8	1	6
402	4	1000.8	1	6
402	4	710.61	1	6
402	4	643.13	1	6
402	4	517.28	1	6
402	4	845.6	1	6
402	4	1257.1	1	6
402	4	841.34	1	6
402	4	1072.2	1	6
402	4	796.49	1	6
402	4	771.17	1	6
402	4	990.82	1	6
402	4	827.15	1	6
402	4	630.62	1	6
402	4	929.17	1	6
402	4	603.88	1	6
402	4	896.98	1	6
402	4	736.52	1	6
402	4	559.59	1	6
402	4	1015.8	1	6
402	4	898.62	1	6
402	4	653.9	1	7
402	4	558.72	1	7
402	4	570.59	1	7
402	4	574.2	1	7
402	4	561.04	1	7
402	4	681.49	1	7
402	4	469.4	1	7
402	4	549.53	1	7
402	4	516.45	1	7
402	4	632.14	1	7
402	4	656.6	1	7
402	4	508.06	1	7
402	4	517.24	1	7
402	4	691.46	1	7
402	4	633.7	1	7
402	4	551.87	1	7
402	4	482.04	1	7
402	4	709.63	1	7
402	4	538.91	1	7
402	4	544.84	1	7
402	4	686.42	1	7
402	4	410.99	1	7
402	4	468.44	1	7
402	4	467.77	1	7
402	4	463.04	1	7
402	4	616.61	1	7
402	4	554.02	1	7
402	4	615.25	1	7
402	4	507.99	1	7
402	4	563.7	1	7
402	4	486.64	1	7
402	4	501.67	1	7
402	4	546.08	1	7
402	4	527.83	1	7
402	4	528.03	1	7
402	4	791.42	1	7
402	4	494.92	1	7
402	4	676.69	1	7
402	4	488.33	1	7
402	4	468.53	1	7
402	4	713.43	1	7
402	4	957.91	1	7
402	4	531.09	1	7
402	4	574.68	1	7
402	4	504.23	1	7
402	4	1652.3	1	7
402	4	611.54	1	7
402	4	566.42	1	7
402	4	574.46	1	7
402	4	863.84	1	7
402	4	481.9	1	7
402	4	515.31	1	7
402	4	909.41	1	7
402	4	541.94	1	7
402	4	481.48	1	7
402	4	532.45	1	7
402	4	549.67	1	7
402	4	432.12	1	7
402	4	489.9	1	7
402	4	483.08	1	7
402	4	453.87	1	7
402	4	1157.5	1	7
402	4	489.31	1	7
402	4	426.06	1	7
402	4	539.76	1	7
402	4	427.85	1	7
402	4	537.89	1	7
402	4	926.84	1	7
402	4	386.95	1	7
402	4	403.06	1	7
402	4	611.23	1	7
402	4	384.64	1	7
402	4	749.73	1	7
402	4	503.99	1	7
402	4	520.18	1	7
402	4	605.74	1	7
402	4	528.23	1	7
402	4	491.07	1	7
402	4	496.35	1	7
402	4	497.13	1	7
402	4	565.01	1	7
402	4	545.06	1	7
402	4	477.6	1	7
402	4	476.34	1	7
402	4	536	1	7
402	4	432.12	1	7
402	4	490.63	1	7
402	4	496.04	1	7
402	4	567.51	1	7
402	4	479.12	1	7
402	4	490.44	1	7
402	4	392.27	1	7
402	4	510.91	1	7
402	4	688.29	1	7
402	4	480.54	1	7
402	4	831.03	1	7
402	4	856.76	1	7
402	4	527.7	1	7
402	4	493.99	1	7
402	4	453.72	1	7
402	4	604.92	1	7
402	4	651.82	1	7
402	4	814	1	7
402	4	465.91	1	7
402	4	465.12	1	7
402	4	732.65	1	7
402	4	700.16	1	7
402	4	510.07	1	7
402	4	483.21	1	7
402	4	454.5	1	7
402	4	471.29	1	7
402	4	495.47	1	7
402	4	617.67	1	7
402	4	978.74	1	7
402	4	726.2	1	7
402	4	495.71	1	7
402	4	502.16	1	7
402	4	449.86	1	7
402	4	898.07	1	7
402	4	438.66	1	7
402	4	539.4	1	7
402	4	523.58	1	7
402	4	435.43	1	7
402	4	550.41	1	7
402	4	411.18	1	7
402	4	555.56	1	7
402	4	538.33	1	7
402	4	497.38	1	7
402	4	917.95	1	7
402	4	654.71	1	7
402	4	526.04	1	7
402	4	582.84	1	7
402	4	420.35	1	7
402	4	1396.5	1	7
402	4	454.8	1	7
402	4	550.06	1	7
402	4	565.54	1	7
402	4	450.87	1	7
402	4	542.45	1	7
402	4	489.9	1	7
402	4	533.22	1	7
402	4	468.74	1	7
402	4	464.38	1	7
402	4	530.3	1	7
402	4	1046.3	1	7
402	4	1497.2	1	7
402	4	428.72	1	7
402	4	512.8	1	7
402	4	622.13	1	7
402	4	476.35	1	7
402	4	618.82	1	7
402	4	585.8	1	7
402	4	551.63	1	7
402	4	630.78	1	7
402	4	485.13	1	7
402	4	508.95	1	7
402	4	473.67	1	7
402	4	536.13	1	7
402	4	457.7	1	7
402	4	663.25	1	7
402	4	1063.8	1	7
402	4	537.24	1	7
402	4	557	1	7
402	4	746.25	1	7
402	4	479.54	1	7
402	4	882.3	1	7
402	4	724.19	1	7
402	4	550.74	1	7
402	4	459.54	1	7
402	4	498.67	1	7
402	4	471.51	1	7
402	4	577.43	1	7
402	4	468.11	1	7
402	4	486.06	1	7
402	4	503.33	1	7
402	4	485.88	1	7
402	4	621.68	1	7
402	4	552.94	1	7
402	4	517.51	1	7
402	4	635.49	1	7
402	4	636.95	1	7
402	4	539.87	1	7
402	4	915.37	1	7
402	4	559.92	1	7
402	4	570.78	1	7
402	4	409.9	1	7
402	4	484.94	1	7
402	4	548.49	1	7
402	4	538.93	1	7
402	4	1238.9	1	7
402	4	573.28	1	7
402	4	512.98	1	7
402	4	501.68	1	7
402	4	462.79	1	7
402	4	389.01	1	7
402	4	447.68	1	7
402	4	484.84	1	7
402	4	346.77	1	7
402	4	423.4	1	7
402	4	543.6	1	7
402	4	543.2	1	7
402	4	902.1	1	7
402	4	443.04	1	7
402	4	496.4	1	7
402	4	715.65	1	7
402	4	564.25	1	7
402	4	864.34	1	7
402	4	469.15	1	7
402	4	633.54	1	7
402	4	593.25	1	7
402	4	424.58	1	7
402	4	494.75	1	7
402	4	491.55	1	7
402	4	539.19	1	7
402	4	469.61	1	7
402	4	885.93	1	7
402	4	840.15	1	7
402	4	805.48	1	7
402	4	463.19	1	7
402	4	389.87	1	7
402	4	565.93	1	7
402	4	497.61	1	7
402	4	492.23	1	7
402	4	500.57	1	7
402	4	932.97	1	7
402	4	812.76	1	7
402	4	467.08	1	7
402	4	488.49	1	7
402	4	575.9	1	7
402	4	527.53	1	7
402	4	456.01	1	7
402	4	489.3	1	7
402	4	591.37	1	7
402	4	926.05	1	7
402	4	640.56	1	7
402	4	523.99	1	7
402	4	544.62	1	7
402	4	448.24	1	7
402	4	402.37	1	7
402	4	430.34	1	7
402	4	689.03	1	7
402	4	517.61	1	7
402	4	499.02	1	7
402	4	611.38	1	7
402	4	538.29	1	7
402	4	500.4	1	7
402	4	565.59	1	7
402	4	529.13	1	7
402	4	586.35	1	7
402	4	733.86	1	7
402	4	454.58	1	7
402	4	487.03	1	7
402	4	486.99	1	7
402	4	610.08	1	7
402	4	412.02	1	7
402	4	705.03	1	7
402	4	521.35	1	7
402	4	496.17	1	7
402	4	455.67	1	7
402	4	495.38	1	7
402	4	746.58	1	7
402	4	492.74	1	7
402	4	478.31	1	7
402	4	444.05	1	7
402	4	703.49	1	7
402	4	505.8	1	7
402	4	427.9	1	7
402	4	900.4	1	7
402	4	549.67	1	7
402	4	747.33	1	7
402	4	527.36	1	7
402	4	489.08	1	7
402	4	531.1	1	7
402	4	514.12	1	7
402	4	573.42	1	7
402	4	817.63	1	7
402	4	480.22	1	7
402	4	494.89	1	7
402	4	586	1	7
402	4	540.32	1	7
402	4	423.1	1	7
402	4	513.61	1	7
402	4	502.68	1	7
402	4	574.98	1	7
402	4	524.15	1	7
402	4	425.73	1	7
402	4	593.49	1	7
402	4	576.09	1	7
402	4	782.34	1	7
402	4	509.34	1	7
402	4	630.4	1	7
402	4	675.1	1	7
402	4	518.86	1	7
402	4	499.68	1	7
402	4	507.42	1	7
402	4	507.91	1	7
402	4	476.36	1	7
402	4	672.63	1	7
402	4	549.08	1	7
402	4	533.13	1	7
402	4	471.93	1	7
402	4	538.28	1	7
402	4	473.41	1	7
402	4	451.15	1	7
402	4	477.31	1	7
402	4	524.01	1	7
402	4	412	1	7
402	4	447.6	1	7
402	4	604.28	1	7
402	4	519.2	1	7
402	4	909.01	1	7
402	4	518.93	1	7
402	4	518.86	1	7
402	4	591.99	1	7
402	4	502.37	1	7
402	4	468.4	1	7
402	4	580.03	1	7
402	4	635.49	1	7
402	4	494.86	1	7
402	4	624.46	1	7
402	4	512.63	1	7
402	4	427.63	1	7
402	4	393.43	1	7
402	4	957.27	1	7
402	4	526.23	1	7
402	4	645.21	1	7
402	4	613.52	1	7
402	4	522.67	1	7
402	4	734.36	1	7
402	4	603.59	1	7
402	4	499.47	1	7
402	4	511.68	1	7
402	4	695.56	1	7
402	4	514.55	1	7
402	4	805.71	1	7
402	4	505.81	1	7
402	4	730.63	1	7
402	4	559.54	1	7
402	4	963.68	1	7
402	4	512.55	1	7
402	4	494.59	1	7
402	4	511.48	1	7
402	4	702.91	1	7
402	4	639.45	1	7
402	4	773.58	1	7
402	4	469.36	1	7
402	4	535.18	1	7
402	4	526.44	1	7
402	4	485.68	1	7
402	4	552.98	1	7
402	4	455.64	1	8
402	4	676.25	1	8
402	4	1446.9	1	8
402	4	522.28	1	8
402	4	608.78	1	8
402	4	699.06	1	8
402	4	597.76	1	8
402	4	642.71	1	8
402	4	1431.3	1	8
402	4	475.81	1	8
402	4	914.61	1	8
402	4	801.02	1	8
402	4	884.8	1	8
402	4	898.93	1	8
402	4	519.58	1	8
402	4	1716.1	1	8
402	4	655.82	1	8
402	4	555.64	1	8
402	4	534.42	1	8
402	4	500.13	1	8
402	4	656.96	1	8
402	4	647.98	1	8
402	4	499.93	1	8
402	4	580.33	1	8
402	4	624.92	1	8
402	4	619.08	1	8
402	4	504.77	1	8
402	4	472.07	1	8
402	4	511.16	1	8
402	4	898.78	1	8
402	4	650.45	1	8
402	4	764.61	1	8
402	4	466.75	1	8
402	4	483.7	1	8
402	4	529.42	1	8
402	4	410.35	1	8
402	4	384.55	1	8
402	4	474.93	1	8
402	4	709.08	1	8
402	4	431.53	1	8
402	4	547.62	1	8
402	4	626.58	1	8
402	4	746.84	1	8
402	4	638.12	1	8
402	4	491.74	1	8
402	4	481.32	1	8
402	4	707.78	1	8
402	4	587.33	1	8
402	4	541.54	1	8
402	4	598.6	1	8
402	4	538.57	1	8
402	4	417.48	1	8
402	4	547.05	1	8
402	4	445.98	1	8
402	4	977.88	1	8
402	4	544.8	1	8
402	4	435.04	1	8
402	4	418.48	1	8
402	4	506.64	1	8
402	4	521.82	1	8
402	4	643.97	1	8
402	4	520.59	1	8
402	4	484.59	1	8
402	4	812.49	1	8
402	4	531	1	8
402	4	755.1	1	8
402	4	574.12	1	8
402	4	529.88	1	8
402	4	392.37	1	8
402	4	1094.6	1	8
402	4	422.95	1	8
402	4	469.33	1	8
402	4	602.36	1	8
402	4	478.69	1	8
402	4	725.53	1	8
402	4	526.06	1	8
402	4	618.98	1	8
402	4	803.94	1	8
402	4	490.8	1	8
402	4	608.8	1	8
402	4	503.14	1	8
402	4	586.86	1	8
402	4	443.59	1	8
402	4	461.03	1	8
402	4	417.9	1	8
402	4	781.62	1	8
402	4	488.66	1	8
402	4	620.86	1	8
402	4	709.97	1	8
402	4	516.95	1	8
402	4	416.94	1	8
402	4	721.67	1	8
402	4	702.81	1	8
402	4	528.06	1	8
402	4	539.31	1	8
402	4	526.06	1	8
402	4	517.35	1	8
402	4	475.92	1	8
402	4	615.39	1	8
402	4	539.74	1	8
402	4	469.76	1	8
402	4	512.86	1	8
402	4	1181.2	1	8
402	4	415.62	1	8
402	4	450.37	1	8
402	4	480.74	1	8
402	4	488.62	1	8
402	4	463.39	1	8
402	4	444.08	1	8
402	4	450.31	1	8
402	4	490.23	1	8
402	4	457.3	1	8
402	4	608.78	1	8
402	4	463.27	1	8
402	4	383.13	1	8
402	4	614.79	1	8
402	4	532.09	1	8
402	4	384.88	1	8
402	4	451.51	1	8
402	4	486.44	1	8
402	4	605.54	1	8
402	4	666.09	1	8
402	4	462.07	1	8
402	4	1278.1	1	8
402	4	419.39	1	8
402	4	499.65	1	8
402	4	429.3	1	8
402	4	651.14	1	8
402	4	734.83	1	8
402	4	505.98	1	8
402	4	503.53	1	8
402	4	809.7	1	8
402	4	488.56	1	8
402	4	589.32	1	8
402	4	869.69	1	8
402	4	454.52	1	8
402	4	628.86	1	8
402	4	365.33	1	8
402	4	565.87	1	8
402	4	476.2	1	8
402	4	455.22	1	8
402	4	909.34	1	8
402	4	613.05	1	8
402	4	594.68	1	8
402	4	431.83	1	8
402	4	455.65	1	8
402	4	764.6	1	8
402	4	489.02	1	8
402	4	508.88	1	8
402	4	482.89	1	8
402	4	484.62	1	8
402	4	585.23	1	8
402	4	509.12	1	8
402	4	495.65	1	8
402	4	481.88	1	8
402	4	558.44	1	8
402	4	495.56	1	8
402	4	565.91	1	8
402	4	452.47	1	8
402	4	519.2	1	8
402	4	495.97	1	8
402	4	502.53	1	8
402	4	523.85	1	8
402	4	688.21	1	8
402	4	443.21	1	8
402	4	414.42	1	8
402	4	475.61	1	8
402	4	360.79	1	8
402	4	431.11	1	8
402	4	464.67	1	8
402	4	825.09	1	8
402	4	586.26	1	8
402	4	553.37	1	8
402	4	405.95	1	8
402	4	672.71	1	8
402	4	541.97	1	8
402	4	479.29	1	8
402	4	536.83	1	8
402	4	774.28	1	8
402	4	579.25	1	8
402	4	481.88	1	8
402	4	482.5	1	8
402	4	513.35	1	8
402	4	566.53	1	8
402	4	519.29	1	8
402	4	605.49	1	8
402	4	448.08	1	8
402	4	579.3	1	8
402	4	839.45	1	8
402	4	892.72	1	8
402	4	444.84	1	8
402	4	407.91	1	8
402	4	793.87	1	8
402	4	360.52	1	8
402	4	405.34	1	8
402	4	617	1	8
402	4	382.31	1	8
402	4	453.25	1	8
402	4	715.22	1	8
402	4	491.03	1	8
402	4	484.18	1	8
402	4	669.82	1	8
402	4	406.75	1	8
402	4	537.73	1	8
402	4	1087.9	1	8
402	4	495.32	1	8
402	4	400.62	1	8
402	4	491.99	1	8
402	4	670.92	1	8
402	4	748.93	1	8
402	4	535.92	1	8
402	4	611.61	1	8
402	4	520.01	1	8
402	4	417.82	1	8
402	4	423.43	1	8
402	4	562.29	1	8
402	4	630.2	1	8
402	4	476.72	1	8
402	4	585.18	1	8
402	4	495.85	1	8
402	4	350.97	1	8
402	4	2089.2	1	8
402	4	566.18	1	8
402	4	523.26	1	8
402	4	533.5	1	8
402	4	560.39	1	8
402	4	550.89	1	8
402	4	574.43	1	8
402	4	552.71	1	8
402	4	538.81	1	8
402	4	484.35	1	8
402	4	414.02	1	8
402	4	783.67	1	8
402	4	599.28	1	8
402	4	531.19	1	8
402	4	572.48	1	8
402	4	559.63	1	8
402	4	513.08	1	8
402	4	478.2	1	8
402	4	1064.8	1	8
402	4	445.66	1	8
402	4	1189.2	1	8
402	4	491.45	1	8
402	4	441.51	1	8
402	4	521.44	1	8
402	4	398.24	1	8
402	4	452.67	1	8
402	4	648.29	1	8
402	4	962.7	1	8
402	4	779.84	1	8
402	4	532.69	1	8
402	4	516.07	1	8
402	4	472.43	1	8
402	4	439.76	1	8
402	4	491.17	1	8
402	4	495.66	1	8
402	4	577.74	1	8
402	4	440.86	1	8
402	4	545.18	1	8
402	4	464.32	1	8
402	4	477.46	1	8
402	4	507.64	1	8
402	4	339.04	1	8
402	4	518.16	1	8
402	4	484.95	1	8
402	4	1280.7	1	8
402	4	488.37	1	8
402	4	481.21	1	8
402	4	496.26	1	8
402	4	433.46	1	8
402	4	609.73	1	8
402	4	494.95	1	8
402	4	429.52	1	8
402	4	483.26	1	8
402	4	511.7	1	8
402	4	493.71	1	8
402	4	509.85	1	8
402	4	448.99	1	8
402	4	487.72	1	8
402	4	673.7	1	8
402	4	423.28	1	8
402	4	494.71	1	8
402	4	792.87	1	8
402	4	646.81	1	8
402	4	482.34	1	8
402	4	487.33	1	8
402	4	495.43	1	8
402	4	882.76	1	8
402	4	620.31	1	8
402	4	601.32	1	8
402	4	480.19	1	8
402	4	515.79	1	8
402	4	484.67	1	8
402	4	507.42	1	8
402	4	569.87	1	8
402	4	553.99	1	8
402	4	687	1	8
402	4	538.63	1	8
402	4	554.93	1	8
402	4	466.12	1	8
402	4	471.79	1	8
402	4	484.87	1	8
402	4	526.84	1	8
402	4	1285.7	1	8
402	4	496.43	1	8
402	4	565.99	1	8
402	4	1152.5	1	8
402	4	564.25	1	8
402	4	471.86	1	8
402	4	414.84	1	8
402	4	466.93	1	8
402	4	511.23	1	8
402	4	568.26	1	8
402	4	539.06	1	8
402	4	441.54	1	8
402	4	494.39	1	8
402	4	661.39	1	8
402	4	547.21	1	8
402	4	618.84	1	8
402	4	1012.7	1	8
402	4	1123.6	1	8
402	4	587.57	1	8
402	4	484.87	1	8
402	4	589.97	1	8
402	4	632.21	1	8
402	4	604.63	1	8
402	4	476.4	1	8
402	4	505.87	1	8
402	4	620.53	1	8
402	4	546.16	1	8
402	4	556.14	1	8
402	4	545.15	1	8
402	4	461.07	1	8
402	4	558.69	1	8
402	4	1432.9	1	8
402	4	514.88	1	8
402	4	491.85	1	8
402	4	485.5	1	8
402	4	463.42	1	8
402	4	478.43	1	8
402	4	474.35	1	8
402	4	606.9	1	8
402	4	404.63	1	8
402	4	484.08	1	8
402	4	418.1	1	8
402	4	585.68	1	8
402	4	699.27	1	8
402	4	1764.3	1	8
402	4	497.14	1	8
402	4	550.5	1	8
402	4	557.73	1	9
402	4	700.29	1	9
402	4	531.58	1	9
402	4	649.93	1	9
402	4	578.13	1	9
402	4	838.38	1	9
402	4	702.63	1	9
402	4	675.18	1	9
402	4	588.55	1	9
402	4	636.79	1	9
402	4	553.03	1	9
402	4	569.26	1	9
402	4	534.79	1	9
402	4	504.72	1	9
402	4	508.15	1	9
402	4	565.38	1	9
402	4	577.91	1	9
402	4	577.38	1	9
402	4	706.21	1	9
402	4	616.87	1	9
402	4	691.16	1	9
402	4	977.2	1	9
402	4	493.84	1	9
402	4	486.4	1	9
402	4	559.23	1	9
402	4	495.53	1	9
402	4	478.95	1	9
402	4	644.36	1	9
402	4	534.31	1	9
402	4	412.81	1	9
402	4	832.47	1	9
402	4	970.4	1	9
402	4	482.45	1	9
402	4	914.03	1	9
402	4	449.16	1	9
402	4	632.91	1	9
402	4	515.7	1	9
402	4	480.18	1	9
402	4	1075.2	1	9
402	4	595.75	1	9
402	4	670.92	1	9
402	4	617.18	1	9
402	4	638.83	1	9
402	4	517.74	1	9
402	4	1046.6	1	9
402	4	572.43	1	9
402	4	769.9	1	9
402	4	706.82	1	9
402	4	840.93	1	9
402	4	737.06	1	9
402	4	506	1	9
402	4	507.27	1	9
402	4	481.59	1	9
402	4	567.67	1	9
402	4	484.02	1	9
402	4	532.39	1	9
402	4	527.7	1	9
402	4	416.11	1	9
402	4	548.99	1	9
402	4	464.2	1	9
402	4	526.49	1	9
402	4	440.89	1	9
402	4	549.47	1	9
402	4	495.49	1	9
402	4	403.52	1	9
402	4	652.87	1	9
402	4	561.16	1	9
402	4	513.16	1	9
402	4	357.56	1	9
402	4	444.9	1	9
402	4	443.96	1	9
402	4	674.21	1	9
402	4	513.48	1	9
402	4	627.13	1	9
402	4	538.32	1	9
402	4	636.17	1	9
402	4	614.91	1	9
402	4	552.42	1	9
402	4	520.56	1	9
402	4	484.17	1	9
402	4	485.4	1	9
402	4	453.82	1	9
402	4	469.57	1	9
402	4	622.37	1	9
402	4	1052.5	1	9
402	4	781.52	1	9
402	4	412.31	1	9
402	4	589.68	1	9
402	4	1482.8	1	9
402	4	493.26	1	9
402	4	410.18	1	9
402	4	468.07	1	9
402	4	547.15	1	9
402	4	585.13	1	9
402	4	485.72	1	9
402	4	906.05	1	9
402	4	635.81	1	9
402	4	486.04	1	9
402	4	611.95	1	9
402	4	486.86	1	9
402	4	867.44	1	9
402	4	701.86	1	9
402	4	468.02	1	9
402	4	430.38	1	9
402	4	405.91	1	9
402	4	559.15	1	9
402	4	422.91	1	9
402	4	454.65	1	9
402	4	1037.3	1	9
402	4	356.41	1	9
402	4	611.21	1	9
402	4	497.95	1	9
402	4	420.66	1	9
402	4	583.33	1	9
402	4	404.19	1	9
402	4	495.05	1	9
402	4	492.7	1	9
402	4	806.59	1	9
402	4	864.69	1	9
402	4	507.43	1	9
402	4	526.14	1	9
402	4	765.71	1	9
402	4	482.56	1	9
402	4	481.63	1	9
402	4	470.44	1	9
402	4	574.62	1	9
402	4	503.85	1	9
402	4	557.68	1	9
402	4	1319	0	9
402	4	455.78	1	9
402	4	649.72	1	9
402	4	530.48	1	9
402	4	372.99	1	9
402	4	514.75	1	9
402	4	488.45	1	9
402	4	463.1	1	9
402	4	464	1	9
402	4	468.26	1	9
402	4	620.68	1	9
402	4	475.31	1	9
402	4	694.31	1	9
402	4	645.1	1	9
402	4	425.73	1	9
402	4	515.39	1	9
402	4	575.87	1	9
402	4	845.06	1	9
402	4	655.47	1	9
402	4	1270.8	1	9
402	4	685.9	1	9
402	4	1152.3	1	9
402	4	462.5	1	9
402	4	408.8	1	9
402	4	482.72	1	9
402	4	492.8	1	9
402	4	534.25	1	9
402	4	593.59	1	9
402	4	974.96	1	9
402	4	901.49	1	9
402	4	498.89	1	9
402	4	488.84	1	9
402	4	493.79	1	9
402	4	636.25	1	9
402	4	517.81	1	9
402	4	534.31	1	9
402	4	577.34	1	9
402	4	528.55	1	9
402	4	373.9	1	9
402	4	508.53	1	9
402	4	495.56	1	9
402	4	568.64	1	9
402	4	474.99	1	9
402	4	374.12	1	9
402	4	506.38	1	9
402	4	694.38	1	9
402	4	524.01	1	9
402	4	420.08	1	9
402	4	493.8	1	9
402	4	543.28	1	9
402	4	443.68	1	9
402	4	586.52	1	9
402	4	898.64	1	9
402	4	899.79	1	9
402	4	937.47	1	9
402	4	533.47	1	9
402	4	538.03	1	9
402	4	833.11	1	9
402	4	519.81	1	9
402	4	645.22	1	9
402	4	598.06	1	9
402	4	490.11	1	9
402	4	484.22	1	9
402	4	547.04	1	9
402	4	392.48	1	9
402	4	469.35	1	9
402	4	490.51	1	9
402	4	552.3	1	9
402	4	569.79	1	9
402	4	483.44	1	9
402	4	531.54	1	9
402	4	695.9	1	9
402	4	508.12	1	9
402	4	847.42	1	9
402	4	479.49	1	9
402	4	690.14	1	9
402	4	485.85	1	9
402	4	478.84	1	9
402	4	521.95	1	9
402	4	536.97	1	9
402	4	1095.8	1	9
402	4	528.85	1	9
402	4	515.93	1	9
402	4	659.78	1	9
402	4	613.67	1	9
402	4	500.84	1	9
402	4	827.82	1	9
402	4	501.56	1	9
402	4	911.71	1	9
402	4	849.35	1	9
402	4	492.8	1	9
402	4	559.23	1	9
402	4	574.41	1	9
402	4	714.49	1	9
402	4	533.92	1	9
402	4	603.74	1	9
402	4	677.42	1	9
402	4	584.21	1	9
402	4	514.42	1	9
402	4	566.01	1	9
402	4	957.5	1	9
402	4	974.01	1	9
402	4	413.08	1	9
402	4	617.75	1	9
402	4	541.39	1	9
402	4	480.67	1	9
402	4	464	1	9
402	4	659.21	1	9
402	4	947.2	1	9
402	4	454.57	1	9
402	4	595.58	1	9
402	4	547.51	1	9
402	4	563.73	1	9
402	4	497.34	1	9
402	4	1043.4	1	9
402	4	683.01	1	9
402	4	583.49	1	9
402	4	564.04	1	9
402	4	541.71	1	9
402	4	558.02	1	9
402	4	1755.8	1	9
402	4	626.68	1	9
402	4	600.48	1	9
402	4	445.73	1	9
402	4	497.97	1	9
402	4	488.86	1	9
402	4	500.44	1	9
402	4	528.93	1	9
402	4	502.74	1	9
402	4	465.79	1	9
402	4	549.23	1	9
402	4	472.05	1	9
402	4	501.23	1	9
402	4	422.85	1	9
402	4	482.25	1	9
402	4	555.78	1	9
402	4	522.06	1	9
402	4	436.73	1	9
402	4	502.71	1	9
402	4	460.95	1	9
402	4	462.49	1	9
402	4	504.6	1	9
402	4	414.12	1	9
402	4	470.95	1	9
402	4	434.64	1	9
402	4	501.04	1	9
402	4	546.19	1	9
402	4	570.17	1	9
402	4	476.38	1	9
402	4	518.51	1	9
402	4	523.53	1	9
402	4	705.02	1	9
402	4	612.87	1	9
402	4	528.87	1	9
402	4	421.12	1	9
402	4	431.52	1	9
402	4	479.15	1	9
402	4	524.45	1	9
402	4	528.87	1	9
402	4	605.02	1	9
402	4	543.64	1	9
402	4	643.54	1	9
402	4	533.18	1	9
402	4	688.61	1	9
402	4	556.69	1	9
402	4	463.11	1	9
402	4	541.95	1	9
402	4	520.96	1	9
402	4	1298.8	1	9
402	4	547.53	1	9
402	4	497.8	1	9
402	4	769.54	1	9
402	4	737.09	1	9
402	4	589.48	1	9
402	4	687.48	1	9
402	4	548.48	1	9
402	4	648.17	1	9
402	4	438.16	1	9
402	4	452.53	1	9
402	4	498.31	1	9
402	4	410.11	1	9
402	4	479.8	1	9
402	4	558.37	1	9
402	4	452.33	1	9
402	4	531.02	1	9
402	4	547.16	1	9
402	4	514.3	1	9
402	4	649.22	1	9
402	4	519.59	1	9
402	4	856.53	1	9
402	4	496.11	1	9
402	4	597.21	1	9
402	4	507.26	1	9
402	4	559.23	1	9
402	4	509.57	1	9
402	4	546.88	1	9
402	4	532.8	1	9
402	4	539.3	1	9
402	4	505.35	1	9
402	4	514.08	1	9
402	4	489.99	1	9
402	4	487.93	1	9
402	4	521.09	1	9
402	4	503.65	1	9
402	4	486.79	1	9
402	4	1351.2	1	9
402	4	578.95	1	9
402	4	646.8	1	9
402	4	570.12	1	9
402	4	603.32	1	9
402	4	506.68	1	9
402	4	547.42	1	9
402	4	547.67	1	9
402	4	622.35	1	9
402	4	686.12	1	9
402	4	551.67	1	9
402	4	468.03	1	9
402	4	988.26	1	9
402	4	1114.9	1	9
402	4	493.35	1	9
402	4	499.74	1	9
402	4	577.34	1	9
