9	1	977.93	1	1
9	1	1570.3	1	1
9	1	1164.9	1	1
9	1	895.66	1	1
9	1	816.61	1	1
9	1	778.22	1	1
9	1	810.18	1	1
9	1	865.69	1	1
9	1	1664.5	1	1
9	1	921.55	1	1
9	1	1048.6	1	1
9	1	1016	1	1
9	1	992.95	1	1
9	1	1346.1	1	1
9	1	1136.3	1	1
9	1	1426.8	1	1
9	1	753.18	1	1
9	1	932.41	1	1
9	1	923.59	1	1
9	1	865.41	1	1
9	1	848	1	1
9	1	745.81	1	1
9	1	810.16	1	1
9	1	1033.8	1	1
9	1	710.84	1	1
9	1	820.55	1	1
9	1	1036.5	1	1
9	1	1044.3	1	1
9	1	889.33	1	1
9	1	1792.3	1	1
9	1	847.27	1	1
9	1	763.85	1	1
9	1	1026	1	1
9	1	764.85	1	1
9	1	668.2	1	1
9	1	855.28	1	1
9	1	806.44	1	1
9	1	981.14	1	1
9	1	1400.9	1	1
9	1	825.59	1	1
9	1	662.78	1	1
9	1	905.31	1	1
9	1	832.95	1	1
9	1	905.08	1	1
9	1	1421.2	1	1
9	1	783.05	1	1
9	1	765.48	1	1
9	1	927.14	1	1
9	1	1277.7	1	1
9	1	809.47	1	1
9	1	1036.9	1	1
9	1	824.99	1	1
9	1	1078.2	1	1
9	1	817.39	1	1
9	1	977.68	1	1
9	1	1380.5	1	1
9	1	919.8	1	1
9	1	956.73	1	1
9	1	1340.4	1	1
9	1	1035.6	1	1
9	1	1220.5	1	1
9	1	958.81	1	1
9	1	1775	1	1
9	1	1387.9	1	1
9	1	756.48	1	1
9	1	1170.4	1	1
9	1	862.35	1	1
9	1	894.63	1	1
9	1	968.28	1	1
9	1	1147.9	1	1
9	1	1702.3	1	1
9	1	782.41	1	1
9	1	760.45	1	1
9	1	756.2	1	1
9	1	737.11	1	1
9	1	678.62	1	1
9	1	914.05	1	1
9	1	1175.4	1	1
9	1	933.51	1	1
9	1	818.74	1	1
9	1	821.37	1	1
9	1	827.12	1	1
9	1	1230.5	1	1
9	1	770.14	1	1
9	1	603.29	1	1
9	1	1136.6	1	1
9	1	825.68	1	1
9	1	1472.8	1	1
9	1	1603.8	1	1
9	1	817.35	1	1
9	1	756.88	1	1
9	1	1099.1	1	1
9	1	957.34	1	1
9	1	787.48	1	1
9	1	1118.9	1	1
9	1	716.09	1	1
9	1	674.16	1	1
9	1	859.84	1	1
9	1	726.66	1	1
9	1	882.42	1	1
9	1	1139.4	1	1
9	1	788.51	1	1
9	1	824.73	1	1
9	1	717.26	1	1
9	1	608.23	1	1
9	1	741.48	1	1
9	1	813.27	1	1
9	1	746	1	1
9	1	901.21	1	1
9	1	800.94	1	1
9	1	697.2	1	1
9	1	691.39	1	1
9	1	683.89	1	1
9	1	842.33	1	1
9	1	659.24	1	1
9	1	1834.4	1	1
9	1	681.44	1	1
9	1	673.01	1	1
9	1	1040	1	1
9	1	676.38	1	1
9	1	841.01	1	1
9	1	646.95	1	1
9	1	874.99	1	1
9	1	834.72	1	1
9	1	714.62	1	1
9	1	684.52	1	1
9	1	769.23	1	1
9	1	802.77	1	1
9	1	564	1	1
9	1	632.37	1	1
9	1	896.45	1	1
9	1	814.61	1	1
9	1	702.35	1	1
9	1	873.67	1	1
9	1	1289.5	1	1
9	1	876.04	1	1
9	1	882.44	1	1
9	1	1323.6	1	1
9	1	694.02	1	1
9	1	730.8	1	1
9	1	788.63	1	1
9	1	703.75	1	1
9	1	878.55	1	1
9	1	1373.6	1	1
9	1	977.32	1	1
9	1	1142.7	1	1
9	1	782.9	1	1
9	1	1511.8	1	1
9	1	1319	1	1
9	1	772.37	1	1
9	1	977.12	1	1
9	1	852.91	1	1
9	1	937.16	1	1
9	1	789.24	1	1
9	1	932.91	1	1
9	1	845.83	1	1
9	1	1175.9	1	1
9	1	1426.4	1	1
9	1	1038.1	1	1
9	1	1114.4	1	1
9	1	968.76	1	1
9	1	981.52	1	1
9	1	802.55	1	1
9	1	752.06	1	1
9	1	818.01	1	1
9	1	1658.6	1	1
9	1	3062.5	1	1
9	1	1007.9	1	1
9	1	1571.1	1	1
9	1	1037.6	1	1
9	1	763.39	1	1
9	1	879.23	1	1
9	1	804.5	1	1
9	1	1256.7	1	1
9	1	846.02	1	1
9	1	838.17	1	1
9	1	764.44	1	1
9	1	699	1	1
9	1	1568.9	1	1
9	1	1125.2	1	1
9	1	785.79	1	1
9	1	919.34	1	1
9	1	1497.4	1	1
9	1	989.26	1	1
9	1	1061.8	1	1
9	1	1212.6	1	1
9	1	893.86	1	1
9	1	1355.7	1	1
9	1	1054.3	1	1
9	1	708.48	1	1
9	1	1423.4	1	1
9	1	774.72	1	1
9	1	854.82	1	1
9	1	1704.7	1	1
9	1	1141.1	1	1
9	1	908.92	1	1
9	1	748.38	1	1
9	1	790.4	1	1
9	1	775.39	1	1
9	1	792.35	1	1
9	1	1296.9	1	1
9	1	848.56	1	1
9	1	679.75	1	1
9	1	680.21	1	1
9	1	944.75	1	1
9	1	734.04	1	1
9	1	1349.3	1	1
9	1	766.12	1	1
9	1	690.71	1	1
9	1	571.07	1	1
9	1	795.54	1	1
9	1	729.13	1	1
9	1	637.32	1	1
9	1	760.58	1	1
9	1	1030.2	1	1
9	1	617.1	1	1
9	1	816.17	1	1
9	1	651.31	1	1
9	1	813.71	1	1
9	1	709.61	1	1
9	1	737.57	1	1
9	1	570.99	1	1
9	1	718.53	1	1
9	1	681.66	1	1
9	1	622.87	1	1
9	1	773.4	1	1
9	1	912.05	1	1
9	1	1000.8	1	1
9	1	1190.6	1	1
9	1	1415.7	1	1
9	1	787.11	1	1
9	1	961.99	1	1
9	1	652.54	1	1
9	1	646.25	1	1
9	1	748.36	1	1
9	1	835.48	1	1
9	1	915.88	1	1
9	1	656.77	1	1
9	1	1077	1	1
9	1	1395.3	1	1
9	1	760.71	1	1
9	1	880.88	1	1
9	1	738.05	1	1
9	1	738.18	1	1
9	1	902.67	1	1
9	1	667.15	1	1
9	1	649.1	1	1
9	1	780.13	1	1
9	1	737.48	1	1
9	1	748.06	1	1
9	1	796.66	1	1
9	1	713.88	1	1
9	1	659.7	1	1
9	1	724.62	1	1
9	1	1073.9	1	1
9	1	665.94	1	1
9	1	581.72	1	1
9	1	720.86	1	1
9	1	742.35	1	1
9	1	642.96	1	1
9	1	614.37	1	1
9	1	801.41	1	1
9	1	553.85	1	1
9	1	606.08	1	1
9	1	602.73	1	1
9	1	941.65	1	1
9	1	852.43	1	1
9	1	584.28	1	1
9	1	1045.1	1	1
9	1	616.66	1	1
9	1	840.96	1	1
9	1	635.4	1	1
9	1	594.77	1	1
9	1	668.84	1	1
9	1	551.56	1	1
9	1	1502	1	1
9	1	598.44	1	1
9	1	602.99	1	1
9	1	627.68	1	1
9	1	745.52	1	1
9	1	547.16	1	1
9	1	554.19	1	1
9	1	609.14	1	1
9	1	617.13	1	1
9	1	733	1	1
9	1	579.05	1	1
9	1	1277.2	1	1
9	1	1178.9	1	1
9	1	603.5	1	1
9	1	584.45	1	1
9	1	921.61	1	1
9	1	1377.2	1	1
9	1	723.04	1	1
9	1	851.23	1	1
9	1	597.46	1	1
9	1	540.29	1	1
9	1	923.4	1	1
9	1	681.05	1	1
9	1	625.11	1	1
9	1	629.78	1	1
9	1	593.93	1	1
9	1	568.84	1	1
9	1	636.15	1	1
9	1	680.31	1	1
9	1	605.52	1	1
9	1	631.67	1	1
9	1	705.06	1	1
9	1	600.51	1	1
9	1	637.04	1	1
9	1	613.81	1	1
9	1	937.15	1	1
9	1	561.84	1	1
9	1	768.08	1	1
9	1	626.21	1	1
9	1	764.47	1	1
9	1	561.05	1	1
9	1	674.56	1	1
9	1	615.37	1	1
9	1	688.55	1	1
9	1	716.68	1	1
9	1	461.65	1	1
9	1	616.12	1	1
9	1	721.2	1	1
9	1	636.39	1	1
9	1	648.17	1	1
9	1	791.96	1	1
9	1	679.4	1	1
9	1	911.4	1	1
9	1	717.07	1	1
9	1	664.29	1	1
9	1	1350.3	1	1
9	1	1277.4	1	1
9	1	1205.8	1	1
9	1	679.11	1	1
9	1	1028.8	1	1
9	1	588.96	1	1
9	1	720.14	1	1
9	1	834.25	1	1
9	1	768.78	1	1
9	1	596.38	1	1
9	1	898.95	1	1
9	1	702.04	1	1
9	1	592.22	1	1
9	1	694.74	1	1
9	1	626.33	1	1
9	1	2281.6	1	1
9	1	596.58	1	1
9	1	707.72	1	1
9	1	1199.8	1	1
9	1	1095.7	1	2
9	1	1078.3	1	2
9	1	872.06	1	2
9	1	719.76	1	2
9	1	804.76	1	2
9	1	1137.7	1	2
9	1	1368.8	1	2
9	1	897.82	1	2
9	1	1103.2	1	2
9	1	1077.8	1	2
9	1	946.62	1	2
9	1	1011.5	1	2
9	1	1213.3	1	2
9	1	1569.7	1	2
9	1	1194.4	1	2
9	1	1129.4	1	2
9	1	1366.4	1	2
9	1	1356.2	1	2
9	1	1266	1	2
9	1	1032.4	1	2
9	1	1368.4	1	2
9	1	1318.1	1	2
9	1	1196.9	1	2
9	1	1102.2	1	2
9	1	1698.6	1	2
9	1	1397.9	1	2
9	1	2132.3	1	2
9	1	1594.6	1	2
9	1	1428.7	1	2
9	1	2347.6	1	2
9	1	1551.2	1	2
9	1	985.83	1	2
9	1	1252.7	1	2
9	1	1424.7	1	2
9	1	1253.2	1	2
9	1	964.27	1	2
9	1	1482.5	1	2
9	1	1718.3	1	2
9	1	1048.6	1	2
9	1	2253.2	1	2
9	1	1018.8	1	2
9	1	711.99	1	2
9	1	1297.3	1	2
9	1	1719.9	1	2
9	1	1117	1	2
9	1	1017.7	1	2
9	1	723.15	1	2
9	1	1094.6	1	2
9	1	976.61	1	2
9	1	1561	1	2
9	1	1391.1	1	2
9	1	1472.4	1	2
9	1	1822.4	1	2
9	1	1202.8	1	2
9	1	1588.6	1	2
9	1	821.2	1	2
9	1	1565.2	1	2
9	1	3128	1	2
9	1	2414.1	1	2
9	1	1659.3	1	2
9	1	1875.3	1	2
9	1	2075.1	1	2
9	1	3942.9	1	2
9	1	1219.9	1	2
9	1	1031.4	1	2
9	1	2282.8	1	2
9	1	2466.7	1	2
9	1	1605.5	1	2
9	1	1401.9	1	2
9	1	1011.8	1	2
9	1	1117.1	1	2
9	1	1522.4	1	2
9	1	1163.4	1	2
9	1	1541.2	1	2
9	1	1134.2	1	2
9	1	1706.8	0	2
9	1	1302.2	1	2
9	1	1488.9	1	2
9	1	1253.8	1	2
9	1	1494.3	1	2
9	1	1200	1	2
9	1	1425.8	1	2
9	1	1509.6	1	2
9	1	1259.2	1	2
9	1	1218.2	1	2
9	1	1532.2	1	2
9	1	1431.2	1	2
9	1	2011.8	1	2
9	1	1234.7	1	2
9	1	1282.4	1	2
9	1	1055.1	1	2
9	1	1746.2	1	2
9	1	1972.8	1	2
9	1	1261.5	1	2
9	1	1093.1	1	2
9	1	1246	1	2
9	1	1573.6	1	2
9	1	1224.3	1	2
9	1	1048.7	1	2
9	1	1608.5	1	2
9	1	1856.4	1	2
9	1	1077.5	1	2
9	1	963.86	1	2
9	1	1243.2	1	2
9	1	703.26	1	2
9	1	760.54	1	2
9	1	1064.4	1	2
9	1	957.3	1	2
9	1	988.07	1	2
9	1	697.74	1	2
9	1	1456.3	1	2
9	1	1420	1	2
9	1	1323.6	1	2
9	1	1190.6	1	2
9	1	863.5	1	2
9	1	1139.1	0	2
9	1	1078.5	1	2
9	1	968.43	1	2
9	1	980.1	1	2
9	1	908.87	1	2
9	1	1247.6	1	2
9	1	1409.1	0	2
9	1	779.03	1	2
9	1	674.81	1	2
9	1	1141.3	1	2
9	1	1178.4	1	2
9	1	1006.8	1	2
9	1	2772.4	1	2
9	1	1267.9	1	2
9	1	1627.7	1	2
9	1	1391.6	1	2
9	1	1152.3	1	2
9	1	1035.6	1	2
9	1	695.14	1	2
9	1	953.86	1	2
9	1	1180.3	1	2
9	1	1478.4	1	2
9	1	1303.7	1	2
9	1	854.73	1	2
9	1	1333.7	1	2
9	1	1212	1	2
9	1	1107.5	1	2
9	1	1233.2	1	2
9	1	1040.7	1	2
9	1	1230.4	1	2
9	1	850.89	1	2
9	1	630.89	1	2
9	1	1059.5	1	2
9	1	1472.8	1	2
9	1	864.23	1	2
9	1	923.42	1	2
9	1	1351.3	1	2
9	1	774.21	1	2
9	1	1485.7	1	2
9	1	1628.9	1	2
9	1	1279.3	1	2
9	1	1494	1	2
9	1	1227.6	1	2
9	1	1828.1	1	2
9	1	990.54	1	2
9	1	1815.6	1	2
9	1	1563.6	1	2
9	1	1301.7	1	2
9	1	2176	1	2
9	1	884.27	1	2
9	1	2752.9	1	2
9	1	1962.1	1	2
9	1	1189.6	1	2
9	1	1495	1	2
9	1	1246.2	1	2
9	1	2492.4	1	2
9	1	2139.7	1	2
9	1	1788.1	1	2
9	1	1859.3	1	2
9	1	1249.9	1	2
9	1	1755.5	1	2
9	1	808.45	1	2
9	1	1242	1	2
9	1	1645.2	1	2
9	1	3712.6	1	2
9	1	1078.6	1	2
9	1	1206.3	1	2
9	1	1473.2	1	2
9	1	1187.2	1	2
9	1	1007.1	1	2
9	1	1707.5	1	2
9	1	2092.9	0	2
9	1	941.19	1	2
9	1	1703.1	1	2
9	1	1227	1	2
9	1	1169.3	1	2
9	1	1986.2	1	2
9	1	1728.2	1	2
9	1	1234.9	1	2
9	1	1049	1	2
9	1	1481.7	1	2
9	1	1484.3	1	2
9	1	891.85	1	2
9	1	1277.7	1	2
9	1	1628.9	1	2
9	1	1845.1	1	2
9	1	1338.8	1	2
9	1	1328.1	1	2
9	1	1851.9	1	2
9	1	1467.8	1	2
9	1	857.15	1	2
9	1	779.58	1	2
9	1	795.37	1	2
9	1	1085.7	1	2
9	1	789.22	1	2
9	1	2045.3	1	2
9	1	1562.6	1	2
9	1	1352.1	1	2
9	1	1474.8	1	2
9	1	1180.5	1	2
9	1	779.2	1	2
9	1	1223.7	1	2
9	1	1150	1	2
9	1	1271	1	2
9	1	1167.3	1	2
9	1	735.76	1	2
9	1	1068.4	1	2
9	1	1098.7	1	2
9	1	750.71	1	2
9	1	1021.3	1	2
9	1	848.71	1	2
9	1	1393.9	1	2
9	1	1244	1	2
9	1	956.27	1	2
9	1	1269.4	1	2
9	1	933.06	1	2
9	1	1129.2	1	2
9	1	1658.5	1	2
9	1	1606.6	1	2
9	1	1153.9	1	2
9	1	929.1	1	2
9	1	1513.8	1	2
9	1	832.32	1	2
9	1	1205.3	1	2
9	1	1146.2	1	2
9	1	890.41	1	2
9	1	1214.9	1	2
9	1	849	1	2
9	1	1525.1	1	2
9	1	1131.9	1	2
9	1	1217.7	1	2
9	1	986.9	1	2
9	1	1155	1	2
9	1	1056	1	2
9	1	1627.6	0	2
9	1	1301.1	1	2
9	1	923.4	1	2
9	1	804.52	1	2
9	1	1848.5	1	2
9	1	1055.3	1	2
9	1	1273.9	1	2
9	1	1303.4	1	2
9	1	1365.4	1	2
9	1	688.86	1	2
9	1	665.93	1	2
9	1	587.37	1	2
9	1	1503.8	1	2
9	1	1787.7	1	2
9	1	958.95	1	2
9	1	1354	1	2
9	1	732.95	1	2
9	1	1638.1	1	2
9	1	929.73	1	2
9	1	707.39	1	2
9	1	1280.6	1	2
9	1	772.4	1	2
9	1	859.75	1	2
9	1	1028.8	1	2
9	1	1096.9	1	2
9	1	1100.9	1	2
9	1	926.79	1	2
9	1	1149.9	1	2
9	1	754.01	1	2
9	1	1335.3	1	2
9	1	1107.8	1	2
9	1	1277.4	1	2
9	1	732.45	1	2
9	1	762.49	1	2
9	1	1120.1	1	2
9	1	1239.8	1	2
9	1	1572.6	1	2
9	1	1406.1	1	2
9	1	2811	1	2
9	1	1000.7	1	2
9	1	1251.6	1	2
9	1	1004.9	1	2
9	1	586.57	1	2
9	1	811.18	1	2
9	1	720.67	1	2
9	1	626.36	1	2
9	1	1050.8	1	2
9	1	1239.4	1	2
9	1	1334.2	1	2
9	1	796.33	1	2
9	1	967.84	1	2
9	1	1230.5	1	2
9	1	627.86	1	2
9	1	558.62	1	2
9	1	886.96	1	2
9	1	1538.5	1	2
9	1	622.57	1	2
9	1	1041.4	1	2
9	1	725.21	1	2
9	1	926.05	1	2
9	1	1785.4	1	2
9	1	1484.3	1	2
9	1	706.21	1	2
9	1	856.23	1	2
9	1	628.91	1	2
9	1	869	1	2
9	1	848.04	1	2
9	1	1134.1	1	2
9	1	718.58	1	2
9	1	910.44	1	2
9	1	666.29	1	2
9	1	911.54	1	2
9	1	1759.7	1	2
9	1	742.27	1	2
9	1	993.32	1	2
9	1	1086.6	1	2
9	1	690.07	1	2
9	1	749.57	1	2
9	1	1054.4	1	2
9	1	958.01	1	2
9	1	1599.9	1	2
9	1	726.49	1	2
9	1	1620.7	1	2
9	1	1633.8	1	2
9	1	1813.3	1	2
9	1	1734.5	1	2
9	1	695.57	1	2
9	1	981.7	1	2
9	1	1090.1	1	2
9	1	926.78	1	2
9	1	945.74	1	2
9	1	1265.7	1	2
9	1	1053.9	1	2
9	1	1188.9	1	2
9	1	1343.7	1	2
9	1	1211.9	1	2
9	1	2677.6	1	2
9	1	629.11	1	2
9	1	613.65	1	2
9	1	786.78	1	2
9	1	1469	1	3
9	1	1146.1	1	3
9	1	1133.9	1	3
9	1	1233.3	1	3
9	1	1094.5	1	3
9	1	1244.5	1	3
9	1	1666.4	1	3
9	1	1484.2	0	3
9	1	1126.2	1	3
9	1	1028.3	1	3
9	1	1589.4	1	3
9	1	1342.8	1	3
9	1	1371.6	0	3
9	1	1748	1	3
9	1	1577	1	3
9	1	960.69	1	3
9	1	1310.1	1	3
9	1	1556.1	1	3
9	1	1374.1	1	3
9	1	1346.4	1	3
9	1	1199.4	1	3
9	1	1479.7	1	3
9	1	1066.4	1	3
9	1	1141.4	1	3
9	1	1936.3	1	3
9	1	1637	1	3
9	1	2180.7	1	3
9	1	1784.6	1	3
9	1	1377.4	1	3
9	1	1445.6	1	3
9	1	2589.1	1	3
9	1	1754.9	1	3
9	1	832.82	1	3
9	1	1675.7	1	3
9	1	773.46	1	3
9	1	1856.3	1	3
9	1	1229.4	1	3
9	1	1075.9	0	3
9	1	1791	1	3
9	1	1057.6	1	3
9	1	889.62	1	3
9	1	1292.8	1	3
9	1	1677.2	1	3
9	1	1374.2	1	3
9	1	1272.7	1	3
9	1	1002.8	1	3
9	1	2361.9	1	3
9	1	998.01	1	3
9	1	1291.9	1	3
9	1	1071.4	1	3
9	1	2165.2	0	3
9	1	2201.1	0	3
9	1	1815.9	0	3
9	1	1437.2	1	3
9	1	2301.4	1	3
9	1	2463	1	3
9	1	2926.9	1	3
9	1	3846.9	1	3
9	1	1965.8	1	3
9	1	2844	1	3
9	1	1382.8	1	3
9	1	1636.2	1	3
9	1	2263.6	1	3
9	1	1796.2	1	3
9	1	1144.9	1	3
9	1	3440.6	1	3
9	1	2757.8	1	3
9	1	1137.5	1	3
9	1	1547.5	1	3
9	1	1016.4	1	3
9	1	1517	1	3
9	1	940.94	1	3
9	1	1380	1	3
9	1	747.44	1	3
9	1	879.19	1	3
9	1	1465.2	1	3
9	1	1016.5	1	3
9	1	835.16	1	3
9	1	831.96	1	3
9	1	1444.3	1	3
9	1	883.49	1	3
9	1	1111.8	1	3
9	1	1305.4	1	3
9	1	701	1	3
9	1	1120.8	1	3
9	1	1633.5	1	3
9	1	1175	1	3
9	1	1143.7	1	3
9	1	1391.4	1	3
9	1	1686.6	1	3
9	1	1173.2	1	3
9	1	775.39	1	3
9	1	1556.3	1	3
9	1	1257.6	1	3
9	1	960.14	1	3
9	1	1063.1	1	3
9	1	1003.1	1	3
9	1	1319	1	3
9	1	1359.2	1	3
9	1	715.76	1	3
9	1	1206	1	3
9	1	958.16	1	3
9	1	3853.1	1	3
9	1	826.52	1	3
9	1	1337.8	1	3
9	1	1160.2	1	3
9	1	1522.2	1	3
9	1	795.29	1	3
9	1	1329.1	1	3
9	1	896.07	1	3
9	1	1063.4	1	3
9	1	831.53	1	3
9	1	1110	1	3
9	1	1410.5	1	3
9	1	1086.9	1	3
9	1	791.16	1	3
9	1	714.37	1	3
9	1	1010.3	1	3
9	1	755.94	1	3
9	1	1070.7	1	3
9	1	1117.5	1	3
9	1	1285.1	1	3
9	1	1737.6	1	3
9	1	1028.5	1	3
9	1	739.86	1	3
9	1	965.83	1	3
9	1	1031.7	0	3
9	1	1572.2	1	3
9	1	810.63	1	3
9	1	1162.2	1	3
9	1	1081.6	1	3
9	1	1085.3	1	3
9	1	824.49	1	3
9	1	1691.2	1	3
9	1	1104.1	1	3
9	1	2019.2	1	3
9	1	1965.4	1	3
9	1	1942.3	1	3
9	1	1465.8	0	3
9	1	1505	1	3
9	1	1405.9	1	3
9	1	803.48	1	3
9	1	1411.9	1	3
9	1	1567.8	1	3
9	1	902.33	1	3
9	1	864	1	3
9	1	1483.6	1	3
9	1	1333	1	3
9	1	1033.3	1	3
9	1	1853.7	1	3
9	1	1615.1	1	3
9	1	1435.1	0	3
9	1	1386.9	1	3
9	1	1504.8	1	3
9	1	1494.4	1	3
9	1	1102.3	1	3
9	1	1867.2	1	3
9	1	1800.5	1	3
9	1	1221.2	1	3
9	1	1991.6	1	3
9	1	1620	1	3
9	1	1672.2	1	3
9	1	1481	1	3
9	1	1148.9	1	3
9	1	1890	1	3
9	1	1112.3	1	3
9	1	1731.2	1	3
9	1	1900.4	1	3
9	1	1393.7	1	3
9	1	1731.9	1	3
9	1	1873.1	1	3
9	1	1859.5	1	3
9	1	2692.1	1	3
9	1	1225.1	1	3
9	1	1405.5	1	3
9	1	1570.6	1	3
9	1	1544.9	1	3
9	1	1060.9	1	3
9	1	1156.9	1	3
9	1	1595.1	1	3
9	1	2027.5	1	3
9	1	1056.5	1	3
9	1	1240.8	1	3
9	1	1744.1	1	3
9	1	1886.1	1	3
9	1	1703.7	1	3
9	1	993.34	1	3
9	1	1052.7	1	3
9	1	797.26	1	3
9	1	2608.7	1	3
9	1	1541.7	1	3
9	1	1203.2	1	3
9	1	1627.6	1	3
9	1	938.6	1	3
9	1	1863.4	1	3
9	1	992.53	1	3
9	1	1300.3	1	3
9	1	845.21	1	3
9	1	2250.4	1	3
9	1	991.45	1	3
9	1	2570.5	1	3
9	1	935.87	1	3
9	1	2803.8	1	3
9	1	1580.1	1	3
9	1	1857.2	1	3
9	1	1907.3	1	3
9	1	1768.8	0	3
9	1	2877.6	1	3
9	1	1294.5	1	3
9	1	720.77	1	3
9	1	1679.7	1	3
9	1	2162.6	0	3
9	1	2652.6	1	3
9	1	2092.2	1	3
9	1	659.03	1	3
9	1	1562.3	1	3
9	1	719.86	1	3
9	1	1067.5	1	3
9	1	1265.8	1	3
9	1	1629.3	1	3
9	1	1691.8	1	3
9	1	936.99	1	3
9	1	1415.9	1	3
9	1	1530	0	3
9	1	970.08	1	3
9	1	1313.1	1	3
9	1	1233.8	1	3
9	1	1999.5	1	3
9	1	971.29	1	3
9	1	1140.4	1	3
9	1	1238.7	1	3
9	1	1602.4	1	3
9	1	1188.5	1	3
9	1	659.05	1	3
9	1	2224.2	1	3
9	1	1098.2	1	3
9	1	1849.8	1	3
9	1	1275.4	1	3
9	1	1326.3	1	3
9	1	1480.4	1	3
9	1	1514	1	3
9	1	1199.1	1	3
9	1	892.61	1	3
9	1	944.87	1	3
9	1	856.83	1	3
9	1	2014	0	3
9	1	746.34	1	3
9	1	811.79	1	3
9	1	989.72	1	3
9	1	931.21	1	3
9	1	1348.4	1	3
9	1	2153.7	1	3
9	1	596.1	1	3
9	1	1096.9	1	3
9	1	1158.1	1	3
9	1	818.65	1	3
9	1	578.84	1	3
9	1	670.43	1	3
9	1	1730.4	0	3
9	1	1289.9	1	3
9	1	670.2	1	3
9	1	963.98	1	3
9	1	769.54	1	3
9	1	838.67	1	3
9	1	2253.4	1	3
9	1	1341.2	1	3
9	1	1106.5	1	3
9	1	1176.8	1	3
9	1	706.24	1	3
9	1	754.32	1	3
9	1	1418.7	1	3
9	1	1158.3	1	3
9	1	597.65	1	3
9	1	894.61	1	3
9	1	851.21	1	3
9	1	1096.9	1	3
9	1	1275.3	1	3
9	1	981.42	1	3
9	1	923.38	1	3
9	1	914.72	1	3
9	1	1457.1	1	3
9	1	705.61	1	3
9	1	719.67	1	3
9	1	603.35	1	3
9	1	1522.6	1	3
9	1	1387.4	1	3
9	1	1594.9	1	3
9	1	638.58	1	3
9	1	679.61	1	3
9	1	1427.9	1	3
9	1	1692.9	1	3
9	1	1402.1	1	3
9	1	2255.2	1	3
9	1	1076	1	3
9	1	788.82	1	3
9	1	860.4	1	3
9	1	2356	1	3
9	1	1914.9	1	3
9	1	900.15	1	3
9	1	1336.9	1	3
9	1	616.09	1	3
9	1	2689.5	0	3
9	1	592.47	1	3
9	1	569.18	1	3
9	1	721.04	1	3
9	1	1209.3	1	3
9	1	580.92	1	3
9	1	1250.2	1	3
9	1	1692.7	1	3
9	1	652.93	1	3
9	1	1384.4	1	3
9	1	1057.4	1	3
9	1	1680.1	1	3
9	1	589.39	1	3
9	1	1404.1	1	3
9	1	1361.5	1	3
9	1	756.21	1	3
9	1	1068.2	1	3
9	1	1750.1	1	3
9	1	958.79	1	3
9	1	1125.8	1	3
9	1	611.66	1	3
9	1	1115.2	1	3
9	1	1069.7	1	3
9	1	1063.7	1	3
9	1	1706.5	1	3
9	1	977.03	1	3
9	1	1726.6	1	3
9	1	778.84	1	3
9	1	840.34	1	3
9	1	930.61	1	3
9	1	1111	1	3
9	1	1173.7	1	3
9	1	1419.9	1	3
9	1	2507.9	1	3
9	1	1661.3	1	3
9	1	694.23	1	3
9	1	1866.9	1	3
9	1	2241.6	1	3
9	1	649.68	1	3
9	1	1138.2	1	3
9	1	776.82	1	3
9	1	1091.9	1	3
9	1	2236.5	1	3
9	1	742.77	1	3
9	1	986.25	1	3
9	1	1445.6	1	3
9	1	1780.1	1	3
9	1	1260.1	1	3
9	1	1472.5	1	4
9	1	1356.4	1	4
9	1	1368.7	1	4
9	1	1860.9	1	4
9	1	1046.7	1	4
9	1	2161	1	4
9	1	1371.8	1	4
9	1	1795.4	1	4
9	1	968.12	1	4
9	1	1985	0	4
9	1	1998.7	1	4
9	1	1757.8	1	4
9	1	1046.1	0	4
9	1	1453.1	1	4
9	1	1657.5	1	4
9	1	1627	1	4
9	1	1901.6	1	4
9	1	1459.1	1	4
9	1	1505.6	1	4
9	1	2350.2	1	4
9	1	1617.5	1	4
9	1	2305	0	4
9	1	2367.6	1	4
9	1	3061.8	1	4
9	1	2099.3	1	4
9	1	1117.4	1	4
9	1	1423.3	1	4
9	1	2481.5	1	4
9	1	2333.3	1	4
9	1	2399.3	1	4
9	1	827.24	0	4
9	1	2330.6	1	4
9	1	1796.8	1	4
9	1	1417.5	1	4
9	1	1136.6	1	4
9	1	1637.1	1	4
9	1	1735.3	1	4
9	1	1545	1	4
9	1	1468.5	1	4
9	1	2213	1	4
9	1	1388.9	1	4
9	1	1572.3	0	4
9	1	1823.9	1	4
9	1	2238.2	1	4
9	1	1661.8	1	4
9	1	2233.4	0	4
9	1	1588.9	1	4
9	1	1433.4	1	4
9	1	2086.3	1	4
9	1	1805.5	1	4
9	1	1900.3	1	4
9	1	2156.7	0	4
9	1	2204.3	1	4
9	1	1047.9	0	4
9	1	3252.9	1	4
9	1	1836.4	1	4
9	1	1593.4	1	4
9	1	4218.7	0	4
9	1	1379.2	0	4
9	1	2102.6	1	4
9	1	2402.3	1	4
9	1	3846.9	1	4
9	1	1583.2	1	4
9	1	2044.4	1	4
9	1	2399.9	1	4
9	1	2776.3	1	4
9	1	1979.8	1	4
9	1	2282.3	1	4
9	1	2393.4	0	4
9	1	1676.9	1	4
9	1	2865.5	1	4
9	1	1704.3	1	4
9	1	1495	1	4
9	1	1232.6	1	4
9	1	1696.3	1	4
9	1	1005.9	1	4
9	1	2024.2	1	4
9	1	1844.4	1	4
9	1	1488.6	1	4
9	1	1205	1	4
9	1	1410.1	1	4
9	1	930.28	0	4
9	1	1758.4	1	4
9	1	2557.8	1	4
9	1	2117.9	1	4
9	1	1992.6	1	4
9	1	1532	0	4
9	1	1942.7	1	4
9	1	1121	1	4
9	1	1411.5	1	4
9	1	849.09	1	4
9	1	1622.5	1	4
9	1	1809.9	1	4
9	1	1093.7	1	4
9	1	1601.6	1	4
9	1	2230.4	1	4
9	1	1976.9	1	4
9	1	1225.7	1	4
9	1	1968.6	1	4
9	1	1578.4	0	4
9	1	1703.7	1	4
9	1	1311.3	1	4
9	1	1622.1	1	4
9	1	2614.4	0	4
9	1	1143.7	1	4
9	1	2502.2	1	4
9	1	1200.6	1	4
9	1	1555.4	1	4
9	1	965.16	1	4
9	1	1924.9	1	4
9	1	1190.9	1	4
9	1	1321.1	1	4
9	1	1496.1	1	4
9	1	1409	1	4
9	1	1359.6	1	4
9	1	1094.8	1	4
9	1	1462	1	4
9	1	946.15	1	4
9	1	1429.9	1	4
9	1	1000.9	1	4
9	1	1651.9	1	4
9	1	1035.4	1	4
9	1	923.65	1	4
9	1	933.42	1	4
9	1	1056.1	0	4
9	1	920.15	1	4
9	1	1479.4	1	4
9	1	1628.6	1	4
9	1	2018.8	1	4
9	1	1479.1	0	4
9	1	1045.8	1	4
9	1	1523.8	0	4
9	1	2676.2	1	4
9	1	1996.5	1	4
9	1	1816.6	1	4
9	1	868.14	0	4
9	1	1549.9	0	4
9	1	1331.4	1	4
9	1	1610.9	1	4
9	1	1554.3	1	4
9	1	1327.6	1	4
9	1	1889.4	1	4
9	1	1206.1	1	4
9	1	1224.6	1	4
9	1	1996.6	0	4
9	1	1293.1	1	4
9	1	1634.4	1	4
9	1	992.87	1	4
9	1	2182.7	0	4
9	1	661.53	0	4
9	1	834.31	0	4
9	1	2066.2	0	4
9	1	1528.4	0	4
9	1	1526.5	0	4
9	1	1821.3	1	4
9	1	1972.2	1	4
9	1	1110.4	1	4
9	1	1434.9	1	4
9	1	1649.9	1	4
9	1	1343.8	1	4
9	1	1324.3	1	4
9	1	1794.4	1	4
9	1	1185.8	1	4
9	1	1955.2	0	4
9	1	1474.1	0	4
9	1	1100.7	1	4
9	1	1605.8	1	4
9	1	1878.4	0	4
9	1	2253.6	0	4
9	1	2229.6	1	4
9	1	2424.2	1	4
9	1	1617.6	1	4
9	1	2306.2	1	4
9	1	2424.3	0	4
9	1	2414.2	1	4
9	1	1989.4	0	4
9	1	1451.4	0	4
9	1	1409.8	1	4
9	1	1647.7	1	4
9	1	1432.1	1	4
9	1	1635.7	1	4
9	1	2244.7	0	4
9	1	1086.4	1	4
9	1	2104.2	1	4
9	1	1213.2	1	4
9	1	1354	1	4
9	1	1801.9	1	4
9	1	1131.4	1	4
9	1	1012.4	1	4
9	1	1010.9	1	4
9	1	1887.6	1	4
9	1	1981.6	1	4
9	1	1031.8	1	4
9	1	1445.6	1	4
9	1	1389.7	1	4
9	1	1696	0	4
9	1	1687.5	1	4
9	1	1722.9	1	4
9	1	1604.3	1	4
9	1	2575.9	0	4
9	1	3255.7	1	4
9	1	2606.9	1	4
9	1	2207.4	1	4
9	1	2166.5	1	4
9	1	1571	1	4
9	1	1418.6	1	4
9	1	1878.4	1	4
9	1	2460.8	1	4
9	1	1793	1	4
9	1	1167.5	1	4
9	1	957.46	1	4
9	1	1516.9	1	4
9	1	1637.6	1	4
9	1	1473	1	4
9	1	1545.3	1	4
9	1	3071.7	1	4
9	1	2369.3	1	4
9	1	1875.6	0	4
9	1	1466.1	1	4
9	1	2103.6	1	4
9	1	2275.9	0	4
9	1	1766.7	1	4
9	1	1800.9	0	4
9	1	2343.7	1	4
9	1	1548.1	1	4
9	1	1695.9	1	4
9	1	1638.1	1	4
9	1	2022.3	0	4
9	1	1373.5	1	4
9	1	1215.7	0	4
9	1	1781.3	0	4
9	1	899.3	0	4
9	1	1586.3	1	4
9	1	1399.5	1	4
9	1	1522.9	0	4
9	1	1517.1	1	4
9	1	1182.4	0	4
9	1	1483.5	1	4
9	1	1676.3	1	4
9	1	1280.8	1	4
9	1	2354.4	1	4
9	1	1388.7	1	4
9	1	1519.7	1	4
9	1	2653.8	1	4
9	1	1679.3	1	4
9	1	1293	1	4
9	1	2885.1	1	4
9	1	2127.3	1	4
9	1	1720.2	1	4
9	1	1969.3	1	4
9	1	1986.2	1	4
9	1	2290.5	1	4
9	1	1818	1	4
9	1	2214.8	1	4
9	1	1605	1	4
9	1	880.57	0	4
9	1	2111.5	1	4
9	1	1783.7	1	4
9	1	1319	1	4
9	1	2050.1	1	4
9	1	770.19	1	4
9	1	1432.6	0	4
9	1	1964.9	1	4
9	1	1965.7	1	4
9	1	1487.8	1	4
9	1	1724.1	1	4
9	1	659.32	1	4
9	1	1297.4	1	4
9	1	1655.2	1	4
9	1	1560.5	1	4
9	1	1923.4	1	4
9	1	910.79	1	4
9	1	1464.7	1	4
9	1	1122	1	4
9	1	517.94	0	4
9	1	1422.6	1	4
9	1	1832.7	1	4
9	1	1533.9	1	4
9	1	1312.2	1	4
9	1	2015.3	1	4
9	1	1733.8	1	4
9	1	1202.1	1	4
9	1	1451.5	1	4
9	1	1875.9	1	4
9	1	1527.3	1	4
9	1	897.16	1	4
9	1	1005.7	1	4
9	1	1222.8	1	4
9	1	1585.1	1	4
9	1	1273.3	1	4
9	1	790.01	1	4
9	1	725.84	1	4
9	1	1930.8	0	4
9	1	1345.3	0	4
9	1	1008	1	4
9	1	1708.9	1	4
9	1	1137.2	0	4
9	1	1251.3	1	4
9	1	1622	1	4
9	1	778.53	0	4
9	1	1729	1	4
9	1	1602.7	1	4
9	1	633.12	0	4
9	1	934.04	0	4
9	1	1702.6	1	4
9	1	1689.5	1	4
9	1	1859.5	1	4
9	1	1800.8	0	4
9	1	688.08	1	4
9	1	802.41	1	4
9	1	1543.6	0	4
9	1	1235.1	1	4
9	1	1551.2	1	4
9	1	2300.3	1	4
9	1	2049.7	1	4
9	1	1305.8	1	4
9	1	1426.1	1	4
9	1	1994.4	1	4
9	1	1983.9	1	4
9	1	1482	1	4
9	1	1495.9	1	4
9	1	1283.3	1	4
9	1	2024.4	1	4
9	1	683.46	1	4
9	1	1381.5	0	4
9	1	1604.6	1	4
9	1	1806.6	1	4
9	1	880.02	1	4
9	1	1566.7	1	4
9	1	2227.8	1	4
9	1	2140.5	0	4
9	1	1877.2	1	4
9	1	1683.1	1	4
9	1	1218.4	1	4
9	1	1275	1	4
9	1	2292.4	1	4
9	1	1826.2	1	4
9	1	2142.9	1	4
9	1	1216.8	1	4
9	1	1318.3	0	4
9	1	1102.3	1	4
9	1	2160.6	1	4
9	1	1967.7	1	4
9	1	1724.6	1	4
9	1	1345.2	1	4
9	1	646.45	1	4
9	1	1783.2	1	4
9	1	1248.4	1	4
9	1	1742	1	4
9	1	1725.4	1	5
9	1	1920.6	0	5
9	1	1294.3	1	5
9	1	1487.4	1	5
9	1	1275.3	1	5
9	1	1888.6	0	5
9	1	1472	1	5
9	1	911.11	1	5
9	1	1260.2	1	5
9	1	2522.4	0	5
9	1	1259.2	0	5
9	1	1851.5	1	5
9	1	1473.8	1	5
9	1	1067.4	0	5
9	1	1471.3	1	5
9	1	1343	1	5
9	1	862.39	1	5
9	1	1673	1	5
9	1	1670.1	1	5
9	1	1030.3	1	5
9	1	865.92	1	5
9	1	839.72	1	5
9	1	859.56	1	5
9	1	1798.6	1	5
9	1	1269.4	1	5
9	1	1509.8	1	5
9	1	2030.2	1	5
9	1	802.69	1	5
9	1	1044.3	1	5
9	1	1059.4	1	5
9	1	1632.9	1	5
9	1	2179.9	1	5
9	1	1373.8	1	5
9	1	1546.6	1	5
9	1	1340.8	0	5
9	1	1485.8	0	5
9	1	1667.6	0	5
9	1	1530.5	1	5
9	1	1288.5	1	5
9	1	954.69	1	5
9	1	1035.4	1	5
9	1	1851.7	1	5
9	1	1737.9	1	5
9	1	997.24	1	5
9	1	1713.1	0	5
9	1	1163.4	1	5
9	1	1588.6	1	5
9	1	1619.1	1	5
9	1	1023.9	1	5
9	1	1051.1	1	5
9	1	2249.6	0	5
9	1	2778.9	1	5
9	1	1895.5	0	5
9	1	2131.6	1	5
9	1	1603	1	5
9	1	3265.9	1	5
9	1	1222	1	5
9	1	1274.9	1	5
9	1	2276	1	5
9	1	2152.8	1	5
9	1	2727.3	1	5
9	1	3547.9	1	5
9	1	2974.8	1	5
9	1	2004.9	1	5
9	1	1018	1	5
9	1	1710.3	1	5
9	1	1571.4	1	5
9	1	1516.6	1	5
9	1	1361.6	1	5
9	1	981.68	1	5
9	1	1012.7	1	5
9	1	1019.2	1	5
9	1	1320.3	1	5
9	1	1055.8	1	5
9	1	1773.8	0	5
9	1	1740.6	1	5
9	1	1082.4	1	5
9	1	928.74	1	5
9	1	758.28	1	5
9	1	1321.7	1	5
9	1	895.13	1	5
9	1	1378.8	1	5
9	1	1029.1	1	5
9	1	1056	1	5
9	1	1640.7	1	5
9	1	1458.4	1	5
9	1	904.94	1	5
9	1	837.18	1	5
9	1	869.9	1	5
9	1	1287.6	1	5
9	1	990.74	1	5
9	1	1084.6	1	5
9	1	888.01	1	5
9	1	832.95	1	5
9	1	736.87	1	5
9	1	765.14	1	5
9	1	969.09	1	5
9	1	751.13	1	5
9	1	1117	1	5
9	1	1103	1	5
9	1	1051.9	1	5
9	1	793.41	1	5
9	1	903.73	1	5
9	1	768.97	1	5
9	1	1223.2	1	5
9	1	1033.9	1	5
9	1	976	1	5
9	1	760.67	1	5
9	1	2360.2	0	5
9	1	670.35	1	5
9	1	995.2	1	5
9	1	863.01	1	5
9	1	1334.6	1	5
9	1	1526.2	1	5
9	1	1043.6	1	5
9	1	678.48	1	5
9	1	598.3	1	5
9	1	809.37	1	5
9	1	720.81	1	5
9	1	933.88	1	5
9	1	1841.9	1	5
9	1	782.15	1	5
9	1	801.97	1	5
9	1	838.53	1	5
9	1	682.81	1	5
9	1	663.75	1	5
9	1	1391.6	1	5
9	1	1349.2	1	5
9	1	1363.5	1	5
9	1	823.33	1	5
9	1	1328.7	1	5
9	1	948.36	1	5
9	1	818.98	1	5
9	1	828.5	1	5
9	1	759.44	1	5
9	1	821.3	1	5
9	1	1954.1	0	5
9	1	1411.5	1	5
9	1	1716.9	1	5
9	1	1547.4	1	5
9	1	2203.3	1	5
9	1	889.96	1	5
9	1	1021	1	5
9	1	790.42	1	5
9	1	644.42	1	5
9	1	1266.4	1	5
9	1	1016	1	5
9	1	1615	1	5
9	1	793.28	1	5
9	1	1630.8	1	5
9	1	1824.3	0	5
9	1	1385.4	1	5
9	1	1376.8	0	5
9	1	1666	1	5
9	1	1703.5	1	5
9	1	1548.7	1	5
9	1	1175.5	1	5
9	1	1603.4	1	5
9	1	1862.2	1	5
9	1	1207.2	1	5
9	1	1144.2	1	5
9	1	1170.7	1	5
9	1	1517.9	1	5
9	1	1538.6	1	5
9	1	970.37	1	5
9	1	1271.3	1	5
9	1	1716.5	1	5
9	1	952.37	1	5
9	1	1139.4	1	5
9	1	1265.1	1	5
9	1	1146.7	1	5
9	1	696.75	1	5
9	1	1226.1	1	5
9	1	1075.6	1	5
9	1	1670.1	0	5
9	1	909.98	1	5
9	1	901.43	1	5
9	1	1047.6	1	5
9	1	1008.8	1	5
9	1	1322.7	0	5
9	1	1727.3	1	5
9	1	793.72	1	5
9	1	842.47	1	5
9	1	832.11	1	5
9	1	1183.8	1	5
9	1	1314.1	1	5
9	1	1123	1	5
9	1	1137.3	1	5
9	1	1177.4	1	5
9	1	778.4	1	5
9	1	1163.8	1	5
9	1	995.75	1	5
9	1	816.9	1	5
9	1	1553.2	1	5
9	1	775.3	1	5
9	1	912.84	1	5
9	1	951.99	1	5
9	1	777.36	1	5
9	1	756.88	1	5
9	1	990.39	1	5
9	1	1108	1	5
9	1	894.32	1	5
9	1	2488.3	0	5
9	1	701	1	5
9	1	1665	1	5
9	1	710.78	1	5
9	1	1209.4	1	5
9	1	1148.6	1	5
9	1	920.36	1	5
9	1	1129.4	1	5
9	1	1729.3	0	5
9	1	1262.3	1	5
9	1	1388.4	1	5
9	1	1140.2	1	5
9	1	840.66	1	5
9	1	837.42	1	5
9	1	1337	1	5
9	1	981.66	1	5
9	1	940.45	1	5
9	1	1441.7	1	5
9	1	825.89	1	5
9	1	579.15	1	5
9	1	606.69	1	5
9	1	1399.7	1	5
9	1	752.96	1	5
9	1	679.82	1	5
9	1	685.47	1	5
9	1	1917.7	1	5
9	1	657.31	1	5
9	1	1082.2	1	5
9	1	1014.9	1	5
9	1	1310.6	1	5
9	1	684.64	1	5
9	1	1132	1	5
9	1	1468.7	1	5
9	1	1683.3	0	5
9	1	656.2	1	5
9	1	1637.9	1	5
9	1	694.88	1	5
9	1	2116.6	0	5
9	1	1151	1	5
9	1	791.45	1	5
9	1	1103.5	1	5
9	1	803.22	1	5
9	1	761.92	1	5
9	1	1083.6	1	5
9	1	612.51	1	5
9	1	874.21	1	5
9	1	969.96	1	5
9	1	1428.1	1	5
9	1	1388.4	0	5
9	1	1562.4	0	5
9	1	1059	1	5
9	1	1617.5	0	5
9	1	1744.9	1	5
9	1	1896.2	1	5
9	1	1401.3	1	5
9	1	605	1	5
9	1	974.01	1	5
9	1	957.68	1	5
9	1	1127.2	1	5
9	1	969.94	0	5
9	1	714.38	1	5
9	1	1367.7	1	5
9	1	737.02	1	5
9	1	657.14	1	5
9	1	671.86	1	5
9	1	1103.5	1	5
9	1	543.8	1	5
9	1	605.19	1	5
9	1	679.6	1	5
9	1	536.51	1	5
9	1	619.26	1	5
9	1	564.65	1	5
9	1	921.84	1	5
9	1	632.77	1	5
9	1	1043.1	1	5
9	1	705.15	1	5
9	1	566.3	1	5
9	1	684.4	1	5
9	1	735.37	1	5
9	1	801.09	1	5
9	1	588.65	1	5
9	1	1743.6	1	5
9	1	934.27	1	5
9	1	591.56	1	5
9	1	559.17	1	5
9	1	643.34	1	5
9	1	826.6	1	5
9	1	963.61	1	5
9	1	1058.6	1	5
9	1	638.97	1	5
9	1	871.04	1	5
9	1	693.44	1	5
9	1	869.12	1	5
9	1	1622.2	1	5
9	1	773.58	1	5
9	1	639.66	1	5
9	1	833.12	1	5
9	1	776.4	1	5
9	1	747.3	1	5
9	1	569.45	1	5
9	1	878.48	1	5
9	1	741.01	1	5
9	1	566.59	1	5
9	1	659.71	1	5
9	1	584.92	1	5
9	1	775.99	1	5
9	1	870.48	1	5
9	1	749.85	1	5
9	1	635.26	1	5
9	1	962.25	1	5
9	1	962.43	1	5
9	1	1677.8	1	5
9	1	808.36	1	5
9	1	1242.8	1	5
9	1	659.38	1	5
9	1	955.03	1	5
9	1	582.19	1	5
9	1	624.96	1	5
9	1	973.14	1	5
9	1	951.54	1	5
9	1	601.97	1	5
9	1	1201.8	1	5
9	1	666.86	1	5
9	1	2353.2	0	5
9	1	962.14	1	5
9	1	1289	1	5
9	1	1054.5	1	5
9	1	823.26	1	5
9	1	1303.2	1	5
9	1	1634.4	1	5
9	1	1251.5	1	5
9	1	829.83	1	5
9	1	680.22	1	5
9	1	626.17	1	5
9	1	1240	1	5
9	1	804.25	1	5
9	1	1001.5	1	5
9	1	1084.9	1	5
9	1	2512.3	0	5
9	1	699.39	1	5
9	1	506.02	1	5
9	1	703.74	1	5
9	1	645.81	1	5
9	1	655.33	1	5
9	1	582.67	1	5
9	1	1097.3	1	5
9	1	774.04	1	5
9	1	1400.3	0	5
9	1	2228.4	1	6
9	1	1455.9	1	6
9	1	2043.7	1	6
9	1	1683.5	0	6
9	1	1199.4	1	6
9	1	1039.2	1	6
9	1	1010.2	1	6
9	1	2381.7	0	6
9	1	1092.3	1	6
9	1	1372.4	1	6
9	1	2240.5	1	6
9	1	1881.4	1	6
9	1	1609.9	1	6
9	1	2710.3	1	6
9	1	1685.1	1	6
9	1	1483.6	1	6
9	1	2848.3	1	6
9	1	1557.8	1	6
9	1	1279.4	1	6
9	1	1426.2	1	6
9	1	914.07	1	6
9	1	1706.2	1	6
9	1	1869.2	1	6
9	1	2261.9	1	6
9	1	2197.5	1	6
9	1	1425.4	1	6
9	1	1905.6	1	6
9	1	1050.7	1	6
9	1	933.98	1	6
9	1	913.95	1	6
9	1	1612.5	1	6
9	1	787.17	1	6
9	1	1509.8	0	6
9	1	890.91	1	6
9	1	1049.8	1	6
9	1	1303.3	1	6
9	1	823.41	1	6
9	1	1238	1	6
9	1	1967	1	6
9	1	885.3	1	6
9	1	1216.2	1	6
9	1	1416.9	1	6
9	1	861.86	1	6
9	1	872.14	1	6
9	1	1614	1	6
9	1	1993.8	1	6
9	1	843.88	1	6
9	1	1061	1	6
9	1	1260.7	1	6
9	1	1445.3	1	6
9	1	2934.3	1	6
9	1	1744.2	1	6
9	1	1936.3	1	6
9	1	1673.8	1	6
9	1	2395.5	1	6
9	1	3209.1	1	6
9	1	884.08	1	6
9	1	1662.1	1	6
9	1	1260.8	1	6
9	1	2764.9	1	6
9	1	2332.4	1	6
9	1	2411.1	1	6
9	1	2356.3	1	6
9	1	1960.8	1	6
9	1	3623	1	6
9	1	965.3	1	6
9	1	1780.9	1	6
9	1	918.07	1	6
9	1	1434.1	1	6
9	1	1122.9	1	6
9	1	1077.9	1	6
9	1	2253.5	1	6
9	1	1238.7	1	6
9	1	2259.2	0	6
9	1	1674.8	1	6
9	1	1808.3	1	6
9	1	1110.4	1	6
9	1	1425	1	6
9	1	1282.2	1	6
9	1	997.13	1	6
9	1	1321.2	1	6
9	1	1135.6	1	6
9	1	999.12	0	6
9	1	1461.3	0	6
9	1	1710.9	1	6
9	1	1510.5	1	6
9	1	1235.8	1	6
9	1	1289.4	1	6
9	1	978.31	1	6
9	1	1566.7	1	6
9	1	1282.3	1	6
9	1	962.73	1	6
9	1	618.31	1	6
9	1	842.44	1	6
9	1	1303.5	1	6
9	1	1058.8	1	6
9	1	872.07	1	6
9	1	1379.5	1	6
9	1	1338.7	1	6
9	1	1021.5	1	6
9	1	1037.5	1	6
9	1	949.33	1	6
9	1	1072.2	1	6
9	1	1665.3	1	6
9	1	1567.1	1	6
9	1	1902.1	0	6
9	1	1192.1	1	6
9	1	894.01	1	6
9	1	1043.5	1	6
9	1	746.38	1	6
9	1	1320.7	1	6
9	1	1127.4	1	6
9	1	944.54	1	6
9	1	1473.7	1	6
9	1	942.1	1	6
9	1	711.61	1	6
9	1	612.66	1	6
9	1	622.45	1	6
9	1	1157.8	1	6
9	1	1064.4	1	6
9	1	1035.3	1	6
9	1	963.35	1	6
9	1	1124	1	6
9	1	660.48	1	6
9	1	749.6	1	6
9	1	535.38	1	6
9	1	1066.8	1	6
9	1	1533.6	0	6
9	1	685.3	1	6
9	1	1052	1	6
9	1	1148.6	1	6
9	1	620.15	1	6
9	1	2318.6	0	6
9	1	721.45	1	6
9	1	564.6	1	6
9	1	2186.8	1	6
9	1	970.51	1	6
9	1	1783.7	1	6
9	1	966.1	1	6
9	1	860.14	1	6
9	1	1572.2	1	6
9	1	2279.7	1	6
9	1	1235.4	1	6
9	1	1805.9	0	6
9	1	636	1	6
9	1	1958.1	1	6
9	1	829.82	1	6
9	1	980.31	1	6
9	1	1112.9	1	6
9	1	2067.9	0	6
9	1	1925.9	1	6
9	1	2289.7	1	6
9	1	1322.7	1	6
9	1	1484.2	1	6
9	1	1528.5	1	6
9	1	2369	1	6
9	1	2094.6	1	6
9	1	1361.5	1	6
9	1	1755.7	1	6
9	1	1564.2	1	6
9	1	1487.8	1	6
9	1	1357.8	1	6
9	1	1518.6	1	6
9	1	1783.9	1	6
9	1	1808.3	1	6
9	1	1472.6	1	6
9	1	1076.7	1	6
9	1	1003.6	1	6
9	1	1554.9	1	6
9	1	1182	1	6
9	1	1006.9	1	6
9	1	1483.5	1	6
9	1	1813.3	1	6
9	1	1722	1	6
9	1	1380	1	6
9	1	1623.4	1	6
9	1	1237.7	1	6
9	1	1744.7	1	6
9	1	1348.8	1	6
9	1	761.57	1	6
9	1	1530.9	0	6
9	1	1451.4	1	6
9	1	1280.1	1	6
9	1	1671.8	1	6
9	1	1412.1	1	6
9	1	1158	1	6
9	1	926.19	1	6
9	1	1360.1	1	6
9	1	1053.1	1	6
9	1	1781.9	1	6
9	1	1338.6	1	6
9	1	875.44	1	6
9	1	1758.8	1	6
9	1	1848.8	0	6
9	1	1246.7	1	6
9	1	1052.8	1	6
9	1	875.26	1	6
9	1	1562.9	1	6
9	1	2198.7	1	6
9	1	834.66	1	6
9	1	952.4	1	6
9	1	1550.7	1	6
9	1	1476.9	1	6
9	1	1220.5	1	6
9	1	784.02	1	6
9	1	1426.6	1	6
9	1	1391.5	1	6
9	1	1299.8	1	6
9	1	991.87	1	6
9	1	1118.1	1	6
9	1	1773.5	1	6
9	1	2113.8	1	6
9	1	1456.4	1	6
9	1	2266.5	0	6
9	1	1601.4	1	6
9	1	1605.8	1	6
9	1	888	1	6
9	1	1868.5	1	6
9	1	1189.8	1	6
9	1	1320.7	1	6
9	1	721.96	1	6
9	1	652.83	1	6
9	1	754.21	1	6
9	1	917.73	1	6
9	1	594.83	1	6
9	1	1209	1	6
9	1	1819.2	1	6
9	1	595.76	1	6
9	1	1166.3	1	6
9	1	1118.7	1	6
9	1	972.31	1	6
9	1	1404.6	1	6
9	1	1323.2	1	6
9	1	1093.1	1	6
9	1	841.87	1	6
9	1	1217.1	1	6
9	1	724.56	1	6
9	1	693.46	1	6
9	1	677.52	1	6
9	1	1045.1	1	6
9	1	787.77	1	6
9	1	625.33	1	6
9	1	954.35	1	6
9	1	666.54	1	6
9	1	804.64	1	6
9	1	740.69	1	6
9	1	1060.9	1	6
9	1	1364.1	0	6
9	1	1770.2	1	6
9	1	1751.8	1	6
9	1	1918.9	1	6
9	1	1558.7	1	6
9	1	1106.9	1	6
9	1	2253.1	1	6
9	1	1165.1	1	6
9	1	2322.8	1	6
9	1	2009.7	1	6
9	1	1360.1	1	6
9	1	1276.6	1	6
9	1	564.51	1	6
9	1	940.88	1	6
9	1	1470.5	1	6
9	1	516.17	1	6
9	1	618.41	1	6
9	1	514.5	1	6
9	1	844.19	1	6
9	1	564.21	1	6
9	1	712.95	1	6
9	1	625.16	1	6
9	1	1333.3	1	6
9	1	1447	1	6
9	1	1547.4	1	6
9	1	543.27	1	6
9	1	562.02	1	6
9	1	1032.9	1	6
9	1	1392.1	1	6
9	1	1442.4	1	6
9	1	1395.4	1	6
9	1	849.84	1	6
9	1	644.75	1	6
9	1	932.52	1	6
9	1	682.1	1	6
9	1	1177	1	6
9	1	887.98	1	6
9	1	1692.1	1	6
9	1	1195.6	1	6
9	1	2007.4	1	6
9	1	918.93	1	6
9	1	1609.5	1	6
9	1	633.9	1	6
9	1	621.31	1	6
9	1	1274.2	1	6
9	1	587.57	1	6
9	1	702.17	1	6
9	1	960.04	1	6
9	1	1287.2	1	6
9	1	714.87	1	6
9	1	570.62	1	6
9	1	714.54	1	6
9	1	1151.4	1	6
9	1	958.91	1	6
9	1	577.23	1	6
9	1	926.55	1	6
9	1	846.25	1	6
9	1	1250	1	6
9	1	1298.5	1	6
9	1	1210.8	1	6
9	1	852.86	1	6
9	1	1619.3	1	6
9	1	635.28	1	6
9	1	948.45	1	6
9	1	572.84	1	6
9	1	831.27	1	6
9	1	1111.8	1	6
9	1	705.55	1	6
9	1	535.43	1	6
9	1	549.03	1	6
9	1	857.09	1	6
9	1	1085.2	1	6
9	1	935.24	1	6
9	1	757.38	1	6
9	1	1202.8	1	6
9	1	1359.8	1	6
9	1	943.73	0	6
9	1	1711.7	0	6
9	1	1483	1	6
9	1	1023.7	1	6
9	1	1830	1	6
9	1	1055.4	1	6
9	1	1450.3	1	6
9	1	2101.5	1	6
9	1	642.08	1	6
9	1	1616.2	1	6
9	1	1445.2	1	6
9	1	850.6	1	6
9	1	747.66	1	6
9	1	1171.2	1	6
9	1	728.59	1	6
9	1	713.03	1	6
9	1	1670.4	1	6
9	1	528.64	1	6
9	1	781.11	1	6
9	1	1485.6	1	6
9	1	561.75	1	6
9	1	904.78	1	6
9	1	1216.8	1	6
9	1	983.16	1	6
9	1	695.09	1	6
9	1	1256.3	1	6
9	1	966.82	1	6
9	1	1450.6	0	7
9	1	1361	0	7
9	1	1179.3	1	7
9	1	863.24	1	7
9	1	1677.1	1	7
9	1	1745.7	1	7
9	1	1884.5	1	7
9	1	944.06	1	7
9	1	668.99	1	7
9	1	1194.2	1	7
9	1	1224.8	1	7
9	1	1366.6	1	7
9	1	1514.7	1	7
9	1	1085.6	1	7
9	1	1259.3	1	7
9	1	1093	1	7
9	1	2528.2	1	7
9	1	1099.8	1	7
9	1	1426.6	1	7
9	1	1556.6	1	7
9	1	1300.7	0	7
9	1	1597.9	1	7
9	1	1318.9	1	7
9	1	2492.5	0	7
9	1	906	1	7
9	1	1978.7	1	7
9	1	1297.9	1	7
9	1	2665.9	1	7
9	1	2070.3	1	7
9	1	2257.2	1	7
9	1	764.69	1	7
9	1	880.98	1	7
9	1	1264.1	1	7
9	1	919.74	1	7
9	1	1902.8	0	7
9	1	1696.1	1	7
9	1	1882.2	1	7
9	1	1015.6	1	7
9	1	1807.3	1	7
9	1	1447.8	1	7
9	1	1504.6	1	7
9	1	833.35	1	7
9	1	1892.3	1	7
9	1	2039.3	1	7
9	1	1417.6	1	7
9	1	1217.1	1	7
9	1	1131.2	1	7
9	1	1002.8	1	7
9	1	1189.9	1	7
9	1	1223.9	1	7
9	1	1308.7	1	7
9	1	1511.9	1	7
9	1	1160.6	1	7
9	1	909.61	1	7
9	1	865.32	1	7
9	1	1766.1	1	7
9	1	1317.2	1	7
9	1	2940.8	1	7
9	1	2821.4	1	7
9	1	1823.4	1	7
9	1	1382.8	1	7
9	1	1959.4	1	7
9	1	2204.7	1	7
9	1	850.47	1	7
9	1	1405.9	1	7
9	1	1053.7	1	7
9	1	1319.6	1	7
9	1	1942.3	1	7
9	1	1283	1	7
9	1	1664.2	1	7
9	1	1161.8	1	7
9	1	1133	1	7
9	1	2280.9	1	7
9	1	1615.3	1	7
9	1	1297.4	1	7
9	1	1645.4	1	7
9	1	1131.5	1	7
9	1	1114.1	1	7
9	1	1336.5	1	7
9	1	1374.9	1	7
9	1	2148.2	1	7
9	1	2009.7	1	7
9	1	1224.1	1	7
9	1	809.87	1	7
9	1	1926.6	0	7
9	1	1489.3	1	7
9	1	1644.6	1	7
9	1	1340.6	1	7
9	1	861.33	1	7
9	1	1030.3	1	7
9	1	669.84	1	7
9	1	1263.4	1	7
9	1	1447	1	7
9	1	2080.7	1	7
9	1	746.5	0	7
9	1	1600.1	1	7
9	1	988.63	1	7
9	1	1381.1	1	7
9	1	958.77	1	7
9	1	789.01	1	7
9	1	2719.5	1	7
9	1	1232.6	1	7
9	1	1616.8	1	7
9	1	1725.9	1	7
9	1	1284	1	7
9	1	1182.8	1	7
9	1	1572	1	7
9	1	1637.7	1	7
9	1	1650.8	1	7
9	1	820.85	1	7
9	1	921.24	1	7
9	1	1431.3	1	7
9	1	978.58	1	7
9	1	1844.1	1	7
9	1	1778.2	0	7
9	1	1328.5	0	7
9	1	1276.3	1	7
9	1	986.43	1	7
9	1	1330.2	1	7
9	1	1147	1	7
9	1	769.41	1	7
9	1	1119.3	1	7
9	1	956.94	1	7
9	1	1344.5	1	7
9	1	990.47	1	7
9	1	1309.6	1	7
9	1	1512.8	1	7
9	1	980.21	1	7
9	1	764.19	1	7
9	1	1011.9	1	7
9	1	950.99	1	7
9	1	1219.5	1	7
9	1	1684.7	1	7
9	1	759.47	1	7
9	1	887.29	1	7
9	1	631.47	1	7
9	1	1021.9	1	7
9	1	1282.9	1	7
9	1	1082.6	1	7
9	1	1238.5	1	7
9	1	747.09	1	7
9	1	910.79	1	7
9	1	675.23	1	7
9	1	630.97	1	7
9	1	539.14	1	7
9	1	777.55	1	7
9	1	1486.4	1	7
9	1	593.49	1	7
9	1	1289.6	1	7
9	1	2213.2	1	7
9	1	1480.2	1	7
9	1	1583	1	7
9	1	1913.6	1	7
9	1	2403	0	7
9	1	1146	1	7
9	1	1712.9	1	7
9	1	2070.5	0	7
9	1	1286	1	7
9	1	1757	1	7
9	1	1571.7	1	7
9	1	1208.3	1	7
9	1	1971.9	1	7
9	1	1328.8	1	7
9	1	1259.8	1	7
9	1	2471.1	0	7
9	1	2214.5	1	7
9	1	747.28	1	7
9	1	1893.4	1	7
9	1	989.85	1	7
9	1	1724.1	1	7
9	1	1415.7	1	7
9	1	2290.7	1	7
9	1	1643.8	1	7
9	1	1625.9	1	7
9	1	1642	0	7
9	1	1283.6	1	7
9	1	1985.4	1	7
9	1	670.75	1	7
9	1	792.8	1	7
9	1	768.61	1	7
9	1	1568.2	1	7
9	1	1363.4	1	7
9	1	1284.3	1	7
9	1	1398.7	1	7
9	1	1098.2	1	7
9	1	827.43	1	7
9	1	1034.2	1	7
9	1	1056.4	1	7
9	1	1216.7	1	7
9	1	1532	1	7
9	1	833.39	1	7
9	1	1319.5	1	7
9	1	1198.8	1	7
9	1	1378.6	1	7
9	1	664.54	1	7
9	1	1072.9	1	7
9	1	1031.3	1	7
9	1	810.16	1	7
9	1	1309.2	1	7
9	1	953.72	1	7
9	1	878.96	1	7
9	1	1265.3	1	7
9	1	978.47	1	7
9	1	2938.5	1	7
9	1	1007.6	1	7
9	1	772.38	1	7
9	1	1439.8	1	7
9	1	856.74	1	7
9	1	691.58	1	7
9	1	667.16	1	7
9	1	1109.2	1	7
9	1	1720.8	1	7
9	1	2018.8	1	7
9	1	1647	1	7
9	1	1554.8	1	7
9	1	1901.8	1	7
9	1	867.29	1	7
9	1	913.19	1	7
9	1	952.27	1	7
9	1	535.97	1	7
9	1	1358	1	7
9	1	1301.3	1	7
9	1	919.52	1	7
9	1	1078.6	1	7
9	1	599.15	1	7
9	1	1887.3	0	7
9	1	739.46	1	7
9	1	1107.2	1	7
9	1	1416.5	1	7
9	1	1122.6	1	7
9	1	848.14	1	7
9	1	858.41	1	7
9	1	919.41	1	7
9	1	675.86	1	7
9	1	697.97	1	7
9	1	928.62	1	7
9	1	914.64	1	7
9	1	920.63	1	7
9	1	1058.6	1	7
9	1	1121.7	1	7
9	1	705.19	1	7
9	1	989.21	1	7
9	1	2431.7	1	7
9	1	1275	1	7
9	1	1183.7	1	7
9	1	739.55	1	7
9	1	724.53	1	7
9	1	810.2	1	7
9	1	1385.6	1	7
9	1	1919.3	1	7
9	1	1266.5	1	7
9	1	803.3	1	7
9	1	702.07	1	7
9	1	1692.4	1	7
9	1	1383.7	1	7
9	1	801.76	1	7
9	1	1605.2	1	7
9	1	1497.6	1	7
9	1	1268	1	7
9	1	728.37	1	7
9	1	994.89	1	7
9	1	1152.9	1	7
9	1	1863.9	1	7
9	1	1145.9	1	7
9	1	930.03	1	7
9	1	913.53	1	7
9	1	554.37	1	7
9	1	566.53	1	7
9	1	985.19	1	7
9	1	1880.5	1	7
9	1	555.96	1	7
9	1	1113.2	1	7
9	1	1608.9	1	7
9	1	1069.1	1	7
9	1	1165.8	1	7
9	1	904.42	1	7
9	1	1288.6	1	7
9	1	658.74	1	7
9	1	760.82	1	7
9	1	1012.6	1	7
9	1	808.86	1	7
9	1	1800.4	1	7
9	1	2464.6	0	7
9	1	1381.6	1	7
9	1	1227.5	1	7
9	1	612.54	1	7
9	1	911.72	1	7
9	1	859.59	1	7
9	1	677.63	1	7
9	1	992.63	1	7
9	1	652.71	1	7
9	1	1382.3	1	7
9	1	1611.1	1	7
9	1	695.04	1	7
9	1	1131.8	1	7
9	1	856.15	1	7
9	1	1997.1	1	7
9	1	801.53	1	7
9	1	824.77	1	7
9	1	707.04	1	7
9	1	1169.8	1	7
9	1	566.25	1	7
9	1	1009.3	1	7
9	1	1834.7	1	7
9	1	1150.8	1	7
9	1	616.07	1	7
9	1	745.88	1	7
9	1	1147	1	7
9	1	1149.5	1	7
9	1	776.76	1	7
9	1	744.68	1	7
9	1	593.14	1	7
9	1	618.25	1	7
9	1	820.59	1	7
9	1	1038.2	1	7
9	1	1305.5	1	7
9	1	856.77	1	7
9	1	836.42	1	7
9	1	794.92	1	7
9	1	777.86	1	7
9	1	699.47	1	7
9	1	605.7	1	7
9	1	1583.2	1	7
9	1	1045.8	1	7
9	1	823.72	1	7
9	1	2176.9	0	7
9	1	1265.8	1	7
9	1	882.11	1	7
9	1	835.53	1	7
9	1	614.84	1	7
9	1	1022.9	1	7
9	1	581.02	1	7
9	1	742.24	1	7
9	1	1244.1	1	7
9	1	692.31	1	7
9	1	1306.4	1	7
9	1	1102.1	1	7
9	1	549.79	1	7
9	1	837.45	1	7
9	1	809.44	1	7
9	1	1133.1	1	7
9	1	526.06	1	7
9	1	821.82	1	7
9	1	639.63	1	7
9	1	586.48	1	7
9	1	1213.1	1	7
9	1	1042.9	1	7
9	1	828.35	1	7
9	1	1178.2	1	8
9	1	1289.7	1	8
9	1	1087.6	1	8
9	1	978.33	1	8
9	1	829.51	1	8
9	1	868.86	1	8
9	1	897	1	8
9	1	1050.5	1	8
9	1	1860.6	1	8
9	1	1592.2	1	8
9	1	1421	1	8
9	1	898.05	1	8
9	1	1587	1	8
9	1	1914.1	1	8
9	1	1185.5	1	8
9	1	1687.2	1	8
9	1	971.8	1	8
9	1	1766.8	1	8
9	1	2026.1	1	8
9	1	1206.3	1	8
9	1	1251.7	1	8
9	1	1776.6	1	8
9	1	1763.9	1	8
9	1	1519.4	1	8
9	1	1165.9	1	8
9	1	2102.9	1	8
9	1	1342.5	1	8
9	1	1164.7	1	8
9	1	1300.1	1	8
9	1	1258.3	1	8
9	1	1159.1	1	8
9	1	1074.4	1	8
9	1	788.1	1	8
9	1	2439.9	1	8
9	1	882.67	1	8
9	1	775.19	1	8
9	1	2010.3	1	8
9	1	903.19	1	8
9	1	1604	1	8
9	1	859.19	1	8
9	1	783.25	1	8
9	1	1202.9	1	8
9	1	1414.7	1	8
9	1	803.91	1	8
9	1	836.35	1	8
9	1	880.8	1	8
9	1	959.82	1	8
9	1	2061.7	0	8
9	1	1925.6	1	8
9	1	2638.9	0	8
9	1	1328.9	1	8
9	1	779.24	1	8
9	1	1682.9	1	8
9	1	1041.1	1	8
9	1	950.93	1	8
9	1	3247.9	1	8
9	1	2034.1	1	8
9	1	799.38	1	8
9	1	748.14	1	8
9	1	3573.9	1	8
9	1	1664.6	1	8
9	1	1018.7	1	8
9	1	3332.8	1	8
9	1	1858.4	1	8
9	1	1891.7	1	8
9	1	1598.9	1	8
9	1	807.17	1	8
9	1	1110.8	1	8
9	1	722.55	1	8
9	1	1416	1	8
9	1	1654.3	1	8
9	1	1294.9	1	8
9	1	1108.6	1	8
9	1	1424.5	1	8
9	1	1544.7	1	8
9	1	1831.6	1	8
9	1	1369.4	1	8
9	1	904.45	1	8
9	1	1089.7	1	8
9	1	1221.2	1	8
9	1	1035.1	1	8
9	1	1004.1	1	8
9	1	817.55	1	8
9	1	1713.7	1	8
9	1	828.74	1	8
9	1	699.18	1	8
9	1	2282.4	1	8
9	1	912.45	1	8
9	1	1471.3	1	8
9	1	1396.3	1	8
9	1	1249.2	1	8
9	1	816.14	1	8
9	1	685.14	1	8
9	1	1311.7	1	8
9	1	1711.2	1	8
9	1	2778.8	0	8
9	1	702.33	1	8
9	1	865.73	1	8
9	1	1099	1	8
9	1	1165.9	1	8
9	1	1465.3	1	8
9	1	732.51	1	8
9	1	680.38	1	8
9	1	1405.6	1	8
9	1	1544.6	1	8
9	1	683.91	1	8
9	1	1075.3	1	8
9	1	848.74	1	8
9	1	1292.6	1	8
9	1	1055.4	1	8
9	1	1151	1	8
9	1	1311.2	1	8
9	1	886.64	1	8
9	1	1468.7	1	8
9	1	1150.3	1	8
9	1	1637.3	1	8
9	1	835.12	1	8
9	1	558.4	1	8
9	1	892.25	1	8
9	1	939.77	1	8
9	1	1511.6	1	8
9	1	786.08	1	8
9	1	1064.8	1	8
9	1	634.88	1	8
9	1	563.63	1	8
9	1	719.51	1	8
9	1	981.36	1	8
9	1	1266.1	1	8
9	1	659.08	1	8
9	1	671.4	1	8
9	1	766.6	1	8
9	1	703.66	1	8
9	1	561.86	1	8
9	1	628.87	1	8
9	1	1231.9	1	8
9	1	695.73	1	8
9	1	1215.8	1	8
9	1	874.34	1	8
9	1	856.29	1	8
9	1	1064.1	1	8
9	1	727.63	1	8
9	1	893.92	1	8
9	1	754.58	1	8
9	1	735.9	1	8
9	1	677.71	1	8
9	1	926.23	1	8
9	1	566.99	1	8
9	1	1045.5	1	8
9	1	967.33	1	8
9	1	1426.6	1	8
9	1	1044.8	1	8
9	1	1527.1	1	8
9	1	1300.2	1	8
9	1	2084	1	8
9	1	1870.1	1	8
9	1	1560.1	1	8
9	1	936.15	1	8
9	1	834.62	1	8
9	1	1072.6	1	8
9	1	1245.9	1	8
9	1	1868.9	1	8
9	1	1621.9	1	8
9	1	948.45	1	8
9	1	2137.6	1	8
9	1	1376.4	1	8
9	1	1337.2	1	8
9	1	1717	1	8
9	1	1476.9	1	8
9	1	2210.4	1	8
9	1	1869.6	1	8
9	1	1697.1	1	8
9	1	1008.1	1	8
9	1	1307.9	1	8
9	1	1703.7	1	8
9	1	1086.1	1	8
9	1	1542.3	1	8
9	1	954.58	1	8
9	1	911.04	1	8
9	1	1407.2	1	8
9	1	1291.9	1	8
9	1	882.82	1	8
9	1	1108.2	1	8
9	1	1661.1	1	8
9	1	1214.6	1	8
9	1	1181.9	1	8
9	1	1164.2	1	8
9	1	1089.5	1	8
9	1	1243.5	1	8
9	1	1045.4	1	8
9	1	1016.2	1	8
9	1	931.78	1	8
9	1	951.26	1	8
9	1	1800	1	8
9	1	774.93	1	8
9	1	719.67	1	8
9	1	1008.5	1	8
9	1	857.74	1	8
9	1	736.88	1	8
9	1	777.25	1	8
9	1	795.63	1	8
9	1	881.63	1	8
9	1	1118.9	1	8
9	1	1464.7	1	8
9	1	1224.9	1	8
9	1	2055	1	8
9	1	616.79	1	8
9	1	942.87	1	8
9	1	783.01	1	8
9	1	1292.6	1	8
9	1	943.1	1	8
9	1	908.66	1	8
9	1	1578.2	1	8
9	1	1541.5	1	8
9	1	726.85	1	8
9	1	880.45	1	8
9	1	767.04	1	8
9	1	1713.1	1	8
9	1	1709.9	1	8
9	1	627.39	1	8
9	1	1155.5	1	8
9	1	522.24	1	8
9	1	591.86	1	8
9	1	599.17	1	8
9	1	897.35	1	8
9	1	560.02	1	8
9	1	926.06	1	8
9	1	684.71	1	8
9	1	800.56	1	8
9	1	890.08	1	8
9	1	596.49	1	8
9	1	929.02	1	8
9	1	622.06	1	8
9	1	596.52	1	8
9	1	937.43	1	8
9	1	741.13	1	8
9	1	568.36	1	8
9	1	1549	1	8
9	1	693.48	1	8
9	1	717.86	1	8
9	1	665.09	1	8
9	1	580.83	1	8
9	1	802.74	1	8
9	1	692.29	1	8
9	1	672.04	1	8
9	1	2584.9	1	8
9	1	1142.6	1	8
9	1	733.91	1	8
9	1	882.92	1	8
9	1	536.67	1	8
9	1	764.37	1	8
9	1	1386.6	1	8
9	1	647.34	1	8
9	1	792.08	1	8
9	1	1798.8	1	8
9	1	649.74	1	8
9	1	580.44	1	8
9	1	607.28	1	8
9	1	756.52	1	8
9	1	809.53	1	8
9	1	519.08	1	8
9	1	847.02	1	8
9	1	537.27	1	8
9	1	942.37	1	8
9	1	576.01	1	8
9	1	524.16	1	8
9	1	1177.2	1	8
9	1	650.94	1	8
9	1	561.86	1	8
9	1	551.19	1	8
9	1	1059.9	1	8
9	1	599.34	1	8
9	1	489.13	1	8
9	1	579.23	1	8
9	1	1180.7	1	8
9	1	1048.6	1	8
9	1	1067.6	1	8
9	1	579.28	1	8
9	1	677.91	1	8
9	1	990.63	1	8
9	1	642.01	1	8
9	1	589.37	1	8
9	1	617.37	1	8
9	1	773.97	1	8
9	1	1280.4	1	8
9	1	1141.5	1	8
9	1	756.72	1	8
9	1	1516.7	1	8
9	1	583.55	1	8
9	1	606.27	1	8
9	1	747.63	1	8
9	1	597.53	1	8
9	1	2458.1	0	8
9	1	621.04	1	8
9	1	652.9	1	8
9	1	1657.8	1	8
9	1	1522.5	1	8
9	1	548.31	1	8
9	1	577.33	1	8
9	1	1121.3	1	8
9	1	663	1	8
9	1	760.07	1	8
9	1	810.09	1	8
9	1	832.6	1	8
9	1	582.49	1	8
9	1	914.79	1	8
9	1	758.58	1	8
9	1	1219.6	1	8
9	1	642.78	1	8
9	1	688.86	1	8
9	1	685.25	1	8
9	1	1159.5	1	8
9	1	593.63	1	8
9	1	698.46	1	8
9	1	800.07	1	8
9	1	1151.6	1	8
9	1	1251	1	8
9	1	646.34	1	8
9	1	572.55	1	8
9	1	1732.7	1	8
9	1	590.7	1	8
9	1	551.73	1	8
9	1	835.86	1	8
9	1	718.31	1	8
9	1	1073.1	1	8
9	1	675.48	1	8
9	1	1295.1	1	8
9	1	771.12	1	8
9	1	658.23	1	8
9	1	899.38	1	8
9	1	807.44	1	8
9	1	1068.8	1	8
9	1	767.51	1	8
9	1	2175.8	1	8
9	1	1186	1	8
9	1	572.26	1	8
9	1	1078.8	1	8
9	1	1313.9	1	8
9	1	704.12	1	8
9	1	1244	1	8
9	1	622.41	1	8
9	1	872.67	1	8
9	1	949.98	1	8
9	1	950.08	1	8
9	1	752.12	1	8
9	1	1111.9	1	8
9	1	683.01	1	8
9	1	905.47	1	8
9	1	823.19	1	8
9	1	579.78	1	8
9	1	1499.1	0	8
9	1	1055.6	1	9
9	1	1490.7	1	9
9	1	2220	1	9
9	1	962.54	1	9
9	1	1268	1	9
9	1	934.17	1	9
9	1	1922.1	1	9
9	1	1571	1	9
9	1	1177	1	9
9	1	1420.5	1	9
9	1	998.34	1	9
9	1	2003	1	9
9	1	1475.8	1	9
9	1	2120.1	1	9
9	1	1933	1	9
9	1	1798.3	1	9
9	1	1854.2	1	9
9	1	1784.4	1	9
9	1	1360.1	1	9
9	1	1299	1	9
9	1	1424.1	1	9
9	1	1713.9	1	9
9	1	1796.6	1	9
9	1	1403.2	1	9
9	1	2173.6	1	9
9	1	1273.1	1	9
9	1	1312.4	1	9
9	1	962	1	9
9	1	1179.4	1	9
9	1	863.5	1	9
9	1	1262.8	1	9
9	1	1532.7	1	9
9	1	1937.3	1	9
9	1	865.43	1	9
9	1	873.54	1	9
9	1	917	1	9
9	1	1828.4	1	9
9	1	1845.6	1	9
9	1	1360.5	1	9
9	1	1625.4	1	9
9	1	773.51	1	9
9	1	673.24	1	9
9	1	1500.7	1	9
9	1	933.63	1	9
9	1	983.23	1	9
9	1	1307.8	1	9
9	1	1693.2	1	9
9	1	934.75	1	9
9	1	849.3	1	9
9	1	1206.9	1	9
9	1	1072.3	1	9
9	1	738.12	1	9
9	1	2628.9	1	9
9	1	1655.2	1	9
9	1	2568.5	1	9
9	1	1447.7	1	9
9	1	3232.9	1	9
9	1	1926.8	1	9
9	1	790.47	1	9
9	1	2600.9	1	9
9	1	3482.1	1	9
9	1	1082.4	1	9
9	1	2195	1	9
9	1	1431.7	1	9
9	1	1716.5	1	9
9	1	788	1	9
9	1	706.36	1	9
9	1	1524.1	1	9
9	1	832.93	1	9
9	1	870.57	1	9
9	1	1839	1	9
9	1	1509.6	1	9
9	1	1241.4	1	9
9	1	1249.2	1	9
9	1	1242.1	1	9
9	1	1014.6	1	9
9	1	727.3	1	9
9	1	753.54	1	9
9	1	1172.6	1	9
9	1	1845.4	1	9
9	1	791.55	1	9
9	1	1097.4	1	9
9	1	916.7	1	9
9	1	912.62	1	9
9	1	667.47	1	9
9	1	1223.9	1	9
9	1	780.88	1	9
9	1	919.01	1	9
9	1	1239.2	1	9
9	1	1036.7	1	9
9	1	1451.2	1	9
9	1	1197.6	1	9
9	1	842	1	9
9	1	745.02	1	9
9	1	665.99	1	9
9	1	790.98	1	9
9	1	1200.3	0	9
9	1	699.56	1	9
9	1	804.04	1	9
9	1	1041.6	1	9
9	1	1230.9	1	9
9	1	636.62	1	9
9	1	826.65	1	9
9	1	733.38	1	9
9	1	762.26	1	9
9	1	851.5	1	9
9	1	684.79	1	9
9	1	603.38	1	9
9	1	840.4	1	9
9	1	677.32	1	9
9	1	1165	1	9
9	1	1304.4	1	9
9	1	1006.8	1	9
9	1	810.11	1	9
9	1	867.41	1	9
9	1	652.05	1	9
9	1	648.75	1	9
9	1	548.12	1	9
9	1	702.38	1	9
9	1	863.56	1	9
9	1	631.17	1	9
9	1	1274.7	1	9
9	1	636.39	1	9
9	1	680.79	1	9
9	1	1050.8	1	9
9	1	603.04	1	9
9	1	594.93	1	9
9	1	983.14	1	9
9	1	728.82	1	9
9	1	951.28	1	9
9	1	1182.6	1	9
9	1	680.41	1	9
9	1	615.92	1	9
9	1	843.09	1	9
9	1	679.89	1	9
9	1	687.84	1	9
9	1	1388	1	9
9	1	932.38	1	9
9	1	1174	1	9
9	1	748.78	1	9
9	1	768.96	1	9
9	1	665.77	1	9
9	1	808.2	1	9
9	1	703.69	1	9
9	1	671.17	1	9
9	1	700.44	1	9
9	1	686.13	1	9
9	1	690.84	1	9
9	1	743.36	1	9
9	1	857.48	1	9
9	1	1106.3	1	9
9	1	1511.4	1	9
9	1	1361.2	1	9
9	1	1717.5	1	9
9	1	2822.6	1	9
9	1	1177	1	9
9	1	1136	1	9
9	1	1354.8	1	9
9	1	989.74	1	9
9	1	1307.7	1	9
9	1	2199.8	1	9
9	1	1076.3	1	9
9	1	2004.8	1	9
9	1	894.05	1	9
9	1	1079	1	9
9	1	767.4	1	9
9	1	1229.6	1	9
9	1	1501.5	1	9
9	1	721.3	1	9
9	1	1122.6	1	9
9	1	1979.3	1	9
9	1	1686.2	1	9
9	1	1671.7	1	9
9	1	1166.4	1	9
9	1	1768.1	1	9
9	1	998.85	1	9
9	1	856.93	1	9
9	1	1194	1	9
9	1	1316.2	1	9
9	1	721.5	1	9
9	1	884.8	1	9
9	1	1220.9	1	9
9	1	819.38	1	9
9	1	680.65	1	9
9	1	1391.2	1	9
9	1	874.22	1	9
9	1	765.45	1	9
9	1	1352.1	1	9
9	1	886.89	1	9
9	1	872.67	1	9
9	1	823.66	1	9
9	1	1121.7	1	9
9	1	990.15	1	9
9	1	786.02	1	9
9	1	864.21	1	9
9	1	820.22	1	9
9	1	689.19	1	9
9	1	886.28	1	9
9	1	722.14	1	9
9	1	717.71	1	9
9	1	1005.2	1	9
9	1	668.45	1	9
9	1	844.54	1	9
9	1	1283.3	1	9
9	1	1059.5	1	9
9	1	647.65	1	9
9	1	1214.6	1	9
9	1	748.13	1	9
9	1	1300.9	1	9
9	1	972.99	1	9
9	1	884.11	1	9
9	1	1055.5	1	9
9	1	1312.1	1	9
9	1	1084	1	9
9	1	1384.4	1	9
9	1	774.98	1	9
9	1	659.17	1	9
9	1	602.32	1	9
9	1	1541.6	1	9
9	1	1060.7	1	9
9	1	571.38	1	9
9	1	573.95	1	9
9	1	633.36	1	9
9	1	766.73	1	9
9	1	1372.4	1	9
9	1	560.7	1	9
9	1	562.58	1	9
9	1	634.67	1	9
9	1	577.45	1	9
9	1	649.17	1	9
9	1	1108.6	1	9
9	1	601.63	1	9
9	1	769.71	1	9
9	1	651.56	1	9
9	1	586.52	1	9
9	1	658.48	1	9
9	1	617.57	1	9
9	1	620.3	1	9
9	1	1023.1	1	9
9	1	621.83	1	9
9	1	586.99	1	9
9	1	618.84	1	9
9	1	616.9	1	9
9	1	617.85	1	9
9	1	1328.7	1	9
9	1	646.9	1	9
9	1	716.19	1	9
9	1	777.56	1	9
9	1	834.37	1	9
9	1	871.67	1	9
9	1	806.15	1	9
9	1	786.06	1	9
9	1	721.15	1	9
9	1	1506.7	1	9
9	1	717.43	1	9
9	1	806.49	1	9
9	1	671.91	1	9
9	1	496.28	1	9
9	1	571.65	1	9
9	1	595.27	1	9
9	1	837.97	1	9
9	1	846.4	1	9
9	1	842.92	1	9
9	1	590.86	1	9
9	1	621.82	1	9
9	1	718.98	1	9
9	1	1643.6	1	9
9	1	528.17	1	9
9	1	714.76	1	9
9	1	594.09	1	9
9	1	637.86	1	9
9	1	799.67	1	9
9	1	781.19	1	9
9	1	1291.2	1	9
9	1	635.78	1	9
9	1	534.33	1	9
9	1	641.68	1	9
9	1	858.22	1	9
9	1	604.3	1	9
9	1	785.75	1	9
9	1	929.64	1	9
9	1	697.18	1	9
9	1	715.05	1	9
9	1	555.51	1	9
9	1	606.04	1	9
9	1	818.08	1	9
9	1	631.75	1	9
9	1	697.98	1	9
9	1	1123.1	1	9
9	1	696.01	1	9
9	1	554.76	1	9
9	1	640.37	1	9
9	1	874.64	1	9
9	1	553.73	1	9
9	1	626.64	1	9
9	1	576.81	1	9
9	1	810.67	1	9
9	1	601.3	1	9
9	1	628.1	1	9
9	1	584.44	1	9
9	1	598.95	1	9
9	1	599.39	1	9
9	1	527.16	1	9
9	1	494.91	1	9
9	1	843.82	1	9
9	1	511.28	1	9
9	1	763.43	1	9
9	1	507.02	1	9
9	1	992.5	1	9
9	1	1270.8	1	9
9	1	1389.4	1	9
9	1	839.01	1	9
9	1	678.71	1	9
9	1	486.81	1	9
9	1	480.12	1	9
9	1	1120.5	1	9
9	1	932.17	1	9
9	1	543.97	1	9
9	1	630.86	1	9
9	1	686.59	1	9
9	1	612.41	1	9
9	1	616.88	1	9
9	1	745.04	1	9
9	1	582.24	1	9
9	1	1348.8	1	9
9	1	971.49	1	9
9	1	621.95	1	9
9	1	581.92	1	9
9	1	1511.7	1	9
9	1	1080.9	1	9
9	1	1034.4	1	9
9	1	648.53	1	9
9	1	662.86	1	9
9	1	763.39	1	9
9	1	777.26	1	9
9	1	707.71	1	9
9	1	577.12	1	9
9	1	928.48	1	9
9	1	1345.7	1	9
9	1	1678.4	1	9
9	1	632.03	1	9
9	1	617.4	1	9
9	1	696.85	1	9
9	1	1010.3	1	9
9	1	974.2	1	9
9	1	687.39	1	9
9	1	533.74	1	9
9	1	728.64	1	9
9	1	581.08	1	9
9	1	686.04	1	9
