2	2	1701.4	1	1
2	2	920.44	1	1
2	2	1108.2	1	1
2	2	838.28	1	1
2	2	1078	1	1
2	2	1164.2	1	1
2	2	805.78	1	1
2	2	1004.4	1	1
2	2	799.58	1	1
2	2	832.2	1	1
2	2	758.85	1	1
2	2	1151	1	1
2	2	1162.5	1	1
2	2	1130.7	1	1
2	2	1955.9	1	1
2	2	790.75	1	1
2	2	740.42	1	1
2	2	1532.6	1	1
2	2	1124.3	1	1
2	2	986.76	1	1
2	2	896.7	1	1
2	2	1039	1	1
2	2	1265.4	1	1
2	2	807.23	1	1
2	2	947.08	1	1
2	2	1178.4	1	1
2	2	1316	1	1
2	2	1269.3	1	1
2	2	1007.7	1	1
2	2	1254.8	1	1
2	2	931.96	1	1
2	2	733.65	1	1
2	2	804.39	1	1
2	2	939.62	1	1
2	2	724.16	1	1
2	2	1098.3	1	1
2	2	735.38	1	1
2	2	631.38	1	1
2	2	941.77	1	1
2	2	950.78	1	1
2	2	897.7	1	1
2	2	825.74	1	1
2	2	878.56	1	1
2	2	764.22	1	1
2	2	752.33	1	1
2	2	703.26	1	1
2	2	778.95	1	1
2	2	997.02	1	1
2	2	1131.6	1	1
2	2	908.82	1	1
2	2	776.09	1	1
2	2	940.66	1	1
2	2	704.96	1	1
2	2	596.57	1	1
2	2	556.88	1	1
2	2	887.5	1	1
2	2	932.91	1	1
2	2	717.6	1	1
2	2	1053.5	1	1
2	2	699.56	1	1
2	2	1058.5	1	1
2	2	1058.4	1	1
2	2	764.49	1	1
2	2	1200.8	1	1
2	2	717.12	1	1
2	2	882.34	1	1
2	2	877.26	1	1
2	2	954.44	1	1
2	2	680.91	1	1
2	2	542.08	1	1
2	2	1221.4	1	1
2	2	644.07	1	1
2	2	1221.9	1	1
2	2	804.27	1	1
2	2	1694.4	1	1
2	2	1067.3	1	1
2	2	1031.5	1	1
2	2	900.69	1	1
2	2	915.53	1	1
2	2	788.76	1	1
2	2	787.74	1	1
2	2	1100.7	1	1
2	2	1230	1	1
2	2	765	1	1
2	2	873.2	1	1
2	2	1815.9	1	1
2	2	1034.3	1	1
2	2	969	1	1
2	2	887.27	1	1
2	2	911.63	1	1
2	2	718.22	1	1
2	2	892.78	1	1
2	2	1029.6	1	1
2	2	791.76	1	1
2	2	1783.6	1	1
2	2	813.01	1	1
2	2	736.15	1	1
2	2	825.54	1	1
2	2	1506.9	1	1
2	2	1026.7	1	1
2	2	1118	1	1
2	2	730.92	1	1
2	2	1090.3	1	1
2	2	720.87	1	1
2	2	657.61	1	1
2	2	775.66	1	1
2	2	795.18	1	1
2	2	551.49	1	1
2	2	684.3	1	1
2	2	564.61	1	1
2	2	664.17	1	1
2	2	652.97	1	1
2	2	736.47	1	1
2	2	802.27	1	1
2	2	631.03	1	1
2	2	678.37	1	1
2	2	607.55	1	1
2	2	742.3	1	1
2	2	1084.2	1	1
2	2	633.71	1	1
2	2	678.68	1	1
2	2	847.23	1	1
2	2	692.26	1	1
2	2	743.94	1	1
2	2	634.39	1	1
2	2	863.05	1	1
2	2	1178	1	1
2	2	1209.1	1	1
2	2	656.45	1	1
2	2	814.18	1	1
2	2	714.26	1	1
2	2	654.09	1	1
2	2	666.54	1	1
2	2	750.71	1	1
2	2	1750.7	1	1
2	2	1134.7	1	1
2	2	640.14	1	1
2	2	689.34	1	1
2	2	706.17	1	1
2	2	690.76	1	1
2	2	985.04	1	1
2	2	584.65	1	1
2	2	582.25	1	1
2	2	738.4	1	1
2	2	825.43	1	1
2	2	670.11	1	1
2	2	628.2	1	1
2	2	655.63	1	1
2	2	627.49	1	1
2	2	615.08	1	1
2	2	695.55	1	1
2	2	881.48	1	1
2	2	912.22	1	1
2	2	787.89	1	1
2	2	559.92	1	1
2	2	933.41	1	1
2	2	1209.2	1	1
2	2	1282.5	1	1
2	2	1387.6	1	1
2	2	952.59	1	1
2	2	709.48	1	1
2	2	641.21	1	1
2	2	643.39	1	1
2	2	626.5	1	1
2	2	892.5	1	1
2	2	1047.5	1	1
2	2	853.62	1	1
2	2	671.3	1	1
2	2	932.07	1	1
2	2	673.95	1	1
2	2	948.27	1	1
2	2	659.05	1	1
2	2	1489.9	1	1
2	2	823.06	1	1
2	2	1160.3	1	1
2	2	680.55	1	1
2	2	711.18	1	1
2	2	1027.3	1	1
2	2	779.94	1	1
2	2	1375.5	1	1
2	2	909.72	1	1
2	2	1149.5	1	1
2	2	818.82	1	1
2	2	1231.3	1	1
2	2	856.71	1	1
2	2	731	1	1
2	2	1168.2	1	1
2	2	626.5	1	1
2	2	1063.1	1	1
2	2	705.02	1	1
2	2	711.76	1	1
2	2	1229.3	1	1
2	2	643.62	1	1
2	2	2153.7	1	1
2	2	746.73	1	1
2	2	819.93	1	1
2	2	1176.2	1	1
2	2	1118.3	1	1
2	2	920.02	1	1
2	2	1222.9	1	1
2	2	758.46	1	1
2	2	1164.4	1	1
2	2	783.64	1	1
2	2	860.72	1	1
2	2	1404.5	1	1
2	2	1259.5	1	1
2	2	1458.3	1	1
2	2	896.91	1	1
2	2	853.14	1	1
2	2	842.3	1	1
2	2	1396.2	1	1
2	2	1310.2	1	1
2	2	819.74	1	1
2	2	1450.1	1	1
2	2	1281	1	1
2	2	818.67	1	1
2	2	1645.8	1	1
2	2	823.05	1	1
2	2	979.53	1	1
2	2	795.92	1	1
2	2	679.8	1	1
2	2	1910.8	1	1
2	2	1153.9	1	1
2	2	1148.8	1	1
2	2	758.57	1	1
2	2	763.34	1	1
2	2	1042.1	1	1
2	2	1717.2	1	1
2	2	912.13	1	1
2	2	1198.2	1	1
2	2	1175.5	1	1
2	2	752.81	1	1
2	2	1507.7	1	1
2	2	1135.8	1	1
2	2	733.74	1	1
2	2	753.18	1	1
2	2	797.72	1	1
2	2	1092.6	1	1
2	2	605.29	1	1
2	2	742.2	1	1
2	2	568.76	1	1
2	2	745.7	1	1
2	2	803.96	1	1
2	2	936.73	1	1
2	2	851.46	1	1
2	2	726	1	1
2	2	927.33	1	1
2	2	1660.7	1	1
2	2	939.54	1	1
2	2	816.8	1	1
2	2	655.77	1	1
2	2	719.74	1	1
2	2	1287.9	1	1
2	2	587.02	1	1
2	2	729.28	1	1
2	2	964.23	1	1
2	2	664.47	1	1
2	2	1061.2	1	1
2	2	853.95	1	1
2	2	720.72	1	1
2	2	647	1	1
2	2	912.72	1	1
2	2	723.51	1	1
2	2	665.97	1	1
2	2	681.81	1	1
2	2	592.38	1	1
2	2	581.69	1	1
2	2	605.07	1	1
2	2	897.47	1	1
2	2	780.76	1	1
2	2	1016.4	1	1
2	2	775.31	1	1
2	2	787.23	1	1
2	2	1129.9	1	1
2	2	928.6	1	1
2	2	906.9	1	1
2	2	928.49	1	1
2	2	919.77	1	1
2	2	711.8	1	1
2	2	824.99	1	1
2	2	706.1	1	1
2	2	672.05	1	1
2	2	691.95	1	1
2	2	749.68	1	1
2	2	743.19	1	1
2	2	705.59	1	1
2	2	680.73	1	1
2	2	811.45	1	1
2	2	704.67	1	1
2	2	1026	1	1
2	2	802.33	1	1
2	2	746.01	1	1
2	2	1460.4	1	1
2	2	797.21	1	1
2	2	945.37	1	1
2	2	761.22	1	1
2	2	1420.6	1	1
2	2	762.56	1	1
2	2	883.22	1	1
2	2	745.93	1	1
2	2	990.56	1	1
2	2	812.86	1	1
2	2	1245.7	1	1
2	2	1207	1	1
2	2	1377.9	1	1
2	2	631.12	1	1
2	2	750.51	1	1
2	2	783.6	1	1
2	2	1169.9	1	1
2	2	590.43	1	1
2	2	689.62	1	1
2	2	936.74	1	1
2	2	678.14	1	1
2	2	1200.4	1	1
2	2	595.53	1	1
2	2	813.26	1	1
2	2	575.64	1	1
2	2	1544.2	1	1
2	2	807.03	1	1
2	2	784.11	1	1
2	2	712.97	1	1
2	2	687.47	1	1
2	2	737.76	1	1
2	2	1213.8	1	1
2	2	1250.5	1	1
2	2	734.89	1	1
2	2	696.77	1	1
2	2	700.63	1	1
2	2	744.06	1	1
2	2	772.19	1	1
2	2	675.87	1	1
2	2	937.18	1	1
2	2	1246.4	1	1
2	2	2044.1	1	1
2	2	997.5	1	1
2	2	732.46	1	1
2	2	1078.2	1	1
2	2	758.2	1	1
2	2	787.68	1	1
2	2	1184.7	1	1
2	2	910.07	1	1
2	2	880.48	1	1
2	2	838.02	1	1
2	2	906.92	1	1
2	2	841.22	1	1
2	2	819.04	1	1
2	2	669.96	1	1
2	2	594.65	1	1
2	2	1161.8	1	1
2	2	714.31	1	1
2	2	1956.1	1	2
2	2	1377.2	1	2
2	2	1819.7	0	2
2	2	1914.6	0	2
2	2	1379.9	1	2
2	2	1334.5	1	2
2	2	1289.6	1	2
2	2	1100.3	1	2
2	2	1609.2	1	2
2	2	2103	1	2
2	2	873.86	1	2
2	2	1308.7	1	2
2	2	1315.8	1	2
2	2	1074.7	1	2
2	2	1218.5	1	2
2	2	1385.8	1	2
2	2	984.35	1	2
2	2	967.58	1	2
2	2	1469.6	1	2
2	2	1280.6	1	2
2	2	1149.5	1	2
2	2	1495.1	1	2
2	2	1303	1	2
2	2	1411.7	1	2
2	2	1832.3	1	2
2	2	1846.1	1	2
2	2	935.73	1	2
2	2	1157.2	1	2
2	2	1200	1	2
2	2	1222.9	1	2
2	2	1835.5	1	2
2	2	1338.8	1	2
2	2	1364	1	2
2	2	1690.2	1	2
2	2	1113.9	1	2
2	2	1106.7	1	2
2	2	1090.4	1	2
2	2	1524	1	2
2	2	1350.2	1	2
2	2	1484.3	1	2
2	2	1569.4	1	2
2	2	1284.9	1	2
2	2	849.3	1	2
2	2	1321.8	1	2
2	2	1141	1	2
2	2	1242.6	1	2
2	2	1197.1	1	2
2	2	1370.5	1	2
2	2	1449.7	1	2
2	2	1675.2	1	2
2	2	1078.3	1	2
2	2	987.55	1	2
2	2	1022.1	1	2
2	2	1052.6	1	2
2	2	1179.5	1	2
2	2	906.27	1	2
2	2	804.06	1	2
2	2	1010	1	2
2	2	742.45	1	2
2	2	922.87	1	2
2	2	1054.5	1	2
2	2	1034	1	2
2	2	1023.3	1	2
2	2	1717.2	1	2
2	2	1179.8	1	2
2	2	1220.9	1	2
2	2	1091.6	1	2
2	2	1018.5	1	2
2	2	1294.8	1	2
2	2	1048.2	1	2
2	2	883.33	1	2
2	2	852.26	1	2
2	2	1644.3	1	2
2	2	1127.7	1	2
2	2	1674.4	1	2
2	2	839.67	1	2
2	2	1398.5	1	2
2	2	1163.4	1	2
2	2	1315.4	1	2
2	2	916.54	1	2
2	2	845.59	1	2
2	2	1296.1	1	2
2	2	1334.5	1	2
2	2	1532.9	1	2
2	2	1166.5	1	2
2	2	1259.6	1	2
2	2	1208	1	2
2	2	1390.7	1	2
2	2	1141.9	1	2
2	2	1000	1	2
2	2	971.37	1	2
2	2	1117	1	2
2	2	922.99	1	2
2	2	1160.9	1	2
2	2	1405.2	1	2
2	2	1230	1	2
2	2	1053.3	1	2
2	2	1043	1	2
2	2	1576.5	1	2
2	2	950.86	1	2
2	2	1441.8	1	2
2	2	1318.2	1	2
2	2	619.3	1	2
2	2	1490.2	1	2
2	2	797.34	1	2
2	2	968.65	1	2
2	2	769.67	1	2
2	2	601.66	1	2
2	2	1072.8	1	2
2	2	714.38	1	2
2	2	1066.9	1	2
2	2	857.77	1	2
2	2	1745.2	1	2
2	2	633.29	1	2
2	2	924.87	1	2
2	2	895.99	0	2
2	2	871.69	1	2
2	2	1474.9	1	2
2	2	636.36	1	2
2	2	955.17	1	2
2	2	1085.1	1	2
2	2	1509.2	1	2
2	2	990.88	1	2
2	2	1362.4	1	2
2	2	1000.9	1	2
2	2	1316.3	1	2
2	2	1608.6	1	2
2	2	1455.3	1	2
2	2	858.34	1	2
2	2	1249.7	1	2
2	2	1145	1	2
2	2	1056	1	2
2	2	1035.4	1	2
2	2	1148.4	1	2
2	2	1473.2	1	2
2	2	1194.8	1	2
2	2	1198.5	1	2
2	2	655.91	1	2
2	2	810.31	1	2
2	2	995.18	1	2
2	2	872.15	1	2
2	2	1105.9	1	2
2	2	983.46	1	2
2	2	1099.3	1	2
2	2	797.59	1	2
2	2	1062.6	1	2
2	2	722.23	1	2
2	2	1080.9	1	2
2	2	1107.2	1	2
2	2	1020.5	1	2
2	2	1166.7	1	2
2	2	1451.7	1	2
2	2	717.13	1	2
2	2	823.51	1	2
2	2	767.99	1	2
2	2	1072.5	1	2
2	2	1033.5	1	2
2	2	1250.5	1	2
2	2	1434.9	1	2
2	2	815.73	1	2
2	2	1420.4	1	2
2	2	1735	1	2
2	2	670.74	1	2
2	2	821.62	1	2
2	2	1179.8	1	2
2	2	1269.6	0	2
2	2	688.68	1	2
2	2	982.24	1	2
2	2	1234.8	1	2
2	2	1037.5	1	2
2	2	1251.6	1	2
2	2	953.74	1	2
2	2	1251.8	1	2
2	2	1025.7	1	2
2	2	2921.8	1	2
2	2	1033.8	1	2
2	2	1698.5	1	2
2	2	1524.1	1	2
2	2	1501.1	1	2
2	2	1461.5	1	2
2	2	1979.8	1	2
2	2	1565.7	1	2
2	2	1071	1	2
2	2	1527.9	1	2
2	2	1962.5	1	2
2	2	1101.7	1	2
2	2	819.18	1	2
2	2	966.13	1	2
2	2	910.51	1	2
2	2	750.23	1	2
2	2	1415.3	1	2
2	2	1242.7	1	2
2	2	1869.7	1	2
2	2	822.03	1	2
2	2	2775.8	1	2
2	2	1163.1	1	2
2	2	1027.7	1	2
2	2	884.49	1	2
2	2	1023.3	1	2
2	2	1178.2	1	2
2	2	1933.5	1	2
2	2	1112.2	1	2
2	2	1409.9	1	2
2	2	2496	1	2
2	2	1427.1	1	2
2	2	2347.1	1	2
2	2	1383.5	1	2
2	2	1514.9	1	2
2	2	1004.6	1	2
2	2	1589.4	1	2
2	2	1042.8	1	2
2	2	1016.6	1	2
2	2	1055.3	1	2
2	2	801.87	1	2
2	2	858.81	1	2
2	2	1401.2	1	2
2	2	1225.2	1	2
2	2	1035.7	1	2
2	2	2609.6	1	2
2	2	2216.9	1	2
2	2	909.93	0	2
2	2	1476.4	1	2
2	2	1514.4	1	2
2	2	1348.7	1	2
2	2	945.56	1	2
2	2	1433.5	1	2
2	2	1447.2	1	2
2	2	1362.6	1	2
2	2	762.05	1	2
2	2	1076.3	1	2
2	2	1089.7	1	2
2	2	1458	1	2
2	2	1200.6	1	2
2	2	2403.1	1	2
2	2	1532.4	1	2
2	2	1376	1	2
2	2	1057.5	1	2
2	2	874.89	1	2
2	2	715.72	1	2
2	2	945.58	1	2
2	2	684.13	1	2
2	2	2178.8	1	2
2	2	1239.8	1	2
2	2	3290.4	1	2
2	2	1460.9	1	2
2	2	1349.9	1	2
2	2	1620.5	1	2
2	2	1360.6	1	2
2	2	1277.6	1	2
2	2	1341.7	1	2
2	2	999.5	1	2
2	2	1340.3	1	2
2	2	1646	1	2
2	2	1071.1	1	2
2	2	689.17	1	2
2	2	1042.4	1	2
2	2	1123	1	2
2	2	1127	1	2
2	2	1168	1	2
2	2	1228.3	1	2
2	2	911.51	1	2
2	2	1112.1	1	2
2	2	1594.2	1	2
2	2	1086.1	1	2
2	2	1109.3	1	2
2	2	867.27	1	2
2	2	1176.8	1	2
2	2	1207.7	1	2
2	2	1091.7	1	2
2	2	1059.8	1	2
2	2	911.41	0	2
2	2	1329.9	1	2
2	2	947.23	1	2
2	2	927.48	1	2
2	2	1325.9	1	2
2	2	1010.4	1	2
2	2	1319.6	1	2
2	2	790.4	1	2
2	2	954.91	1	2
2	2	1180	1	2
2	2	1190.3	1	2
2	2	1311.1	1	2
2	2	1138.5	1	2
2	2	1087.1	1	2
2	2	970.46	1	2
2	2	1028.6	1	2
2	2	828.29	1	2
2	2	1333.4	1	2
2	2	1015.2	1	2
2	2	938.96	1	2
2	2	1083.6	1	2
2	2	1221.2	1	2
2	2	920.61	1	2
2	2	1178.8	1	2
2	2	922.71	1	2
2	2	751.04	1	2
2	2	984.02	1	2
2	2	786.95	1	2
2	2	984.81	1	2
2	2	1290.1	1	2
2	2	1002	1	2
2	2	951.76	1	2
2	2	1173.4	1	2
2	2	908.34	1	2
2	2	1068.8	1	2
2	2	708.13	1	2
2	2	2013.3	1	2
2	2	972	1	2
2	2	677.28	1	2
2	2	671.05	1	2
2	2	1089.4	1	2
2	2	1071.7	1	2
2	2	1071.8	1	2
2	2	800.88	1	2
2	2	851.61	1	2
2	2	712.01	1	2
2	2	946.15	1	2
2	2	2633.4	1	2
2	2	1545.4	1	2
2	2	1575.9	1	2
2	2	689.18	1	2
2	2	906.62	1	2
2	2	1082	1	2
2	2	1256.6	1	2
2	2	888.8	1	2
2	2	807.49	1	2
2	2	767.86	1	2
2	2	866.25	1	2
2	2	1012.5	1	2
2	2	840.68	1	2
2	2	1388.8	1	2
2	2	1345.9	1	2
2	2	936.71	1	2
2	2	1714.6	1	2
2	2	1478.1	1	2
2	2	1026	1	2
2	2	960.94	1	2
2	2	828.32	1	2
2	2	1290.8	1	2
2	2	1411.5	1	2
2	2	1032.5	1	2
2	2	913.5	1	2
2	2	1343.5	1	2
2	2	1061.5	1	2
2	2	1119.9	1	2
2	2	1088.2	1	2
2	2	1056.6	1	2
2	2	1158.8	1	2
2	2	749.67	1	2
2	2	1036.7	1	2
2	2	2070.9	1	3
2	2	1261.2	1	3
2	2	2074	1	3
2	2	1084.7	0	3
2	2	815.82	1	3
2	2	1304.4	1	3
2	2	1005.4	1	3
2	2	1616.1	1	3
2	2	1226.4	1	3
2	2	1425	0	3
2	2	1861.2	1	3
2	2	1594.2	1	3
2	2	1452.5	1	3
2	2	1815.4	1	3
2	2	1018.2	1	3
2	2	1409.1	1	3
2	2	1540.1	1	3
2	2	896.21	1	3
2	2	1044.1	1	3
2	2	1106.1	1	3
2	2	1221.9	1	3
2	2	1915.8	1	3
2	2	1376	1	3
2	2	1822.8	1	3
2	2	2083.3	1	3
2	2	1730.9	1	3
2	2	1271.7	1	3
2	2	1777.7	1	3
2	2	1442.9	1	3
2	2	1868.6	1	3
2	2	1351.6	1	3
2	2	1318	1	3
2	2	1016.4	1	3
2	2	1813.6	1	3
2	2	1586.9	1	3
2	2	1610.4	1	3
2	2	2097.7	1	3
2	2	1223.6	1	3
2	2	851.29	1	3
2	2	1066.2	1	3
2	2	1335.2	1	3
2	2	1050.3	1	3
2	2	1464.3	1	3
2	2	1331.2	1	3
2	2	1574.6	0	3
2	2	1304.9	1	3
2	2	1105.6	1	3
2	2	1115.7	1	3
2	2	1305	1	3
2	2	1126.1	1	3
2	2	949.36	1	3
2	2	1059.4	1	3
2	2	1110.2	1	3
2	2	1205.4	1	3
2	2	898.35	1	3
2	2	1211.8	1	3
2	2	982.72	1	3
2	2	1125.5	1	3
2	2	1276.1	1	3
2	2	1140.1	1	3
2	2	950.7	1	3
2	2	1197.7	1	3
2	2	939.04	1	3
2	2	836.31	1	3
2	2	1180.9	1	3
2	2	999.82	0	3
2	2	1393.5	1	3
2	2	637.85	1	3
2	2	606.67	1	3
2	2	1502.6	1	3
2	2	1595.2	1	3
2	2	917.93	1	3
2	2	1346	1	3
2	2	2157.7	1	3
2	2	1017.8	1	3
2	2	1322.8	0	3
2	2	857.24	1	3
2	2	1147.5	1	3
2	2	1870	1	3
2	2	1740.4	1	3
2	2	1536.6	1	3
2	2	1709.2	1	3
2	2	1643.9	1	3
2	2	1285.8	1	3
2	2	1577.4	1	3
2	2	979.49	1	3
2	2	1316.8	1	3
2	2	2009.1	1	3
2	2	1188.4	1	3
2	2	1708.9	1	3
2	2	1747.2	1	3
2	2	946.47	1	3
2	2	1019.7	1	3
2	2	1148.2	1	3
2	2	1160	1	3
2	2	1087.1	1	3
2	2	956.31	0	3
2	2	851.23	1	3
2	2	1697.6	1	3
2	2	1036.3	1	3
2	2	1826	1	3
2	2	1372.3	1	3
2	2	1153.5	1	3
2	2	873.79	1	3
2	2	1131.3	1	3
2	2	674.15	1	3
2	2	593.34	1	3
2	2	827.09	1	3
2	2	726.42	1	3
2	2	677.25	1	3
2	2	1548	1	3
2	2	1273.2	1	3
2	2	727.13	1	3
2	2	878.26	1	3
2	2	651.88	1	3
2	2	835.75	1	3
2	2	789.92	1	3
2	2	1119.5	1	3
2	2	846.99	1	3
2	2	724.76	1	3
2	2	710.35	1	3
2	2	1580.8	1	3
2	2	2086	1	3
2	2	1681.7	1	3
2	2	1863.6	1	3
2	2	1473.9	1	3
2	2	948.43	1	3
2	2	1877.5	1	3
2	2	1461.5	1	3
2	2	782.07	1	3
2	2	888.69	1	3
2	2	1272.4	1	3
2	2	749.03	0	3
2	2	1228.6	1	3
2	2	1614.7	1	3
2	2	838.8	1	3
2	2	1200.1	1	3
2	2	978.17	1	3
2	2	974.07	1	3
2	2	1210.7	1	3
2	2	1324.4	1	3
2	2	1132.1	1	3
2	2	1047.4	1	3
2	2	894.55	1	3
2	2	1182.6	1	3
2	2	682.47	1	3
2	2	1519.4	1	3
2	2	1142.3	1	3
2	2	1398.9	1	3
2	2	1480.3	1	3
2	2	1151	1	3
2	2	1578	0	3
2	2	872.28	1	3
2	2	1790.8	1	3
2	2	1385.5	1	3
2	2	1814.6	1	3
2	2	1988.2	1	3
2	2	2063.8	1	3
2	2	1712.2	1	3
2	2	1931.2	1	3
2	2	1425.4	1	3
2	2	1424.3	1	3
2	2	1104.8	0	3
2	2	1114.8	1	3
2	2	1222	1	3
2	2	1049.6	1	3
2	2	985.73	1	3
2	2	1623.8	1	3
2	2	787.37	1	3
2	2	1457.7	1	3
2	2	1390.8	1	3
2	2	843.06	1	3
2	2	1344.1	1	3
2	2	1599.8	1	3
2	2	1481.4	1	3
2	2	2165	1	3
2	2	1693.9	1	3
2	2	1399.6	1	3
2	2	1717.5	1	3
2	2	1401.3	1	3
2	2	1028.5	1	3
2	2	1664.9	1	3
2	2	2300	1	3
2	2	1466.6	1	3
2	2	1399	1	3
2	2	1586.5	0	3
2	2	1176.6	1	3
2	2	1407.7	0	3
2	2	1326.8	1	3
2	2	2570.9	1	3
2	2	1534.6	1	3
2	2	1283.2	1	3
2	2	1982.9	1	3
2	2	1329.4	1	3
2	2	1855.1	0	3
2	2	1970.2	1	3
2	2	886.81	1	3
2	2	1857.8	1	3
2	2	1321.4	1	3
2	2	996.78	0	3
2	2	1097.6	1	3
2	2	1444	1	3
2	2	1329.8	1	3
2	2	1456.5	1	3
2	2	1306.7	1	3
2	2	1577.2	1	3
2	2	1515.6	1	3
2	2	1326.1	1	3
2	2	1820.7	1	3
2	2	1217.5	1	3
2	2	1060.6	1	3
2	2	895.88	1	3
2	2	1377.9	1	3
2	2	895.38	1	3
2	2	1161.7	1	3
2	2	1169	1	3
2	2	771.72	1	3
2	2	3128.6	1	3
2	2	1600.4	1	3
2	2	1954.8	1	3
2	2	2281.6	1	3
2	2	1741.6	1	3
2	2	2006.3	1	3
2	2	2142.3	1	3
2	2	759.07	1	3
2	2	1674.4	1	3
2	2	1317.6	1	3
2	2	1362	1	3
2	2	1063.2	1	3
2	2	1107.7	1	3
2	2	1213.5	1	3
2	2	1212.9	1	3
2	2	1374.2	1	3
2	2	2289.7	0	3
2	2	860.31	1	3
2	2	1819.3	1	3
2	2	898.68	1	3
2	2	653.31	1	3
2	2	2468.8	1	3
2	2	638.68	1	3
2	2	1394.6	1	3
2	2	2651.9	1	3
2	2	804.87	0	3
2	2	1214.1	1	3
2	2	1028.8	0	3
2	2	1248.3	1	3
2	2	1287	1	3
2	2	1039.8	0	3
2	2	1368.5	0	3
2	2	1888.3	1	3
2	2	1131.9	1	3
2	2	997.8	1	3
2	2	1003.2	1	3
2	2	719.27	1	3
2	2	686.94	1	3
2	2	810.8	1	3
2	2	686.21	1	3
2	2	944.92	1	3
2	2	1275.7	1	3
2	2	1279.5	1	3
2	2	1469.7	1	3
2	2	1139.9	1	3
2	2	1086.4	1	3
2	2	1527.9	1	3
2	2	1005.1	1	3
2	2	1478.6	1	3
2	2	829.84	1	3
2	2	1596.5	1	3
2	2	1539.9	1	3
2	2	1288.2	1	3
2	2	893.24	1	3
2	2	1466.7	1	3
2	2	1026.3	1	3
2	2	946.57	1	3
2	2	1116.7	1	3
2	2	1178.7	1	3
2	2	878.78	1	3
2	2	876.46	1	3
2	2	1108	1	3
2	2	801.16	1	3
2	2	1073.6	1	3
2	2	1298.2	1	3
2	2	704.15	1	3
2	2	760.97	1	3
2	2	1047.1	1	3
2	2	982.79	1	3
2	2	1716.1	1	3
2	2	1165.1	1	3
2	2	971.02	1	3
2	2	1053.9	1	3
2	2	1290.9	1	3
2	2	1329.9	1	3
2	2	1683.6	1	3
2	2	1213.8	1	3
2	2	933.86	1	3
2	2	755.95	1	3
2	2	684.77	1	3
2	2	1003.1	1	3
2	2	1253.5	1	3
2	2	1516	1	3
2	2	505.19	1	3
2	2	1017.8	1	3
2	2	1178.7	1	3
2	2	1322.8	1	3
2	2	1347.2	1	3
2	2	1119.4	1	3
2	2	1126.9	1	3
2	2	652.15	1	3
2	2	1108	1	3
2	2	1115.9	0	3
2	2	1147.2	1	3
2	2	1212.9	1	3
2	2	932.14	1	3
2	2	1353.4	1	3
2	2	891.05	1	3
2	2	1133.2	1	3
2	2	2455.4	1	3
2	2	1137.2	1	3
2	2	1192	1	3
2	2	1702.3	1	3
2	2	880.45	1	3
2	2	814.68	1	3
2	2	1020.1	1	3
2	2	1473.6	1	3
2	2	1232.8	1	3
2	2	901.81	1	3
2	2	996.82	1	3
2	2	1037.4	1	3
2	2	1478.3	1	3
2	2	990.56	1	3
2	2	1426.2	1	3
2	2	1588	1	3
2	2	928.95	1	3
2	2	1351.9	1	3
2	2	1965.6	1	3
2	2	1250.6	1	3
2	2	950.7	1	3
2	2	1673.6	1	3
2	2	1221.7	1	3
2	2	1110.5	1	3
2	2	1127	1	3
2	2	1347.7	1	3
2	2	2199.4	1	3
2	2	1025.8	1	3
2	2	1133.5	1	3
2	2	2151.8	1	3
2	2	1250.1	1	3
2	2	999.42	1	3
2	2	1088.7	0	3
2	2	931.83	0	3
2	2	2157.8	1	4
2	2	1869.5	1	4
2	2	2166.6	1	4
2	2	1297.5	1	4
2	2	1471.2	0	4
2	2	1795.7	1	4
2	2	1805.9	1	4
2	2	1504.4	1	4
2	2	1688.2	1	4
2	2	1281.3	1	4
2	2	2355	0	4
2	2	1390.6	1	4
2	2	1354.3	1	4
2	2	1928.9	1	4
2	2	1729	1	4
2	2	2166.1	1	4
2	2	1472.9	1	4
2	2	2430.8	1	4
2	2	1198.5	1	4
2	2	1701.9	1	4
2	2	1548	1	4
2	2	1820.5	1	4
2	2	2149.1	1	4
2	2	2325.9	1	4
2	2	2061.3	1	4
2	2	1925.2	1	4
2	2	1245.5	1	4
2	2	1524.5	1	4
2	2	1852.7	1	4
2	2	2045.5	1	4
2	2	1742.7	1	4
2	2	1298.3	1	4
2	2	1920.5	1	4
2	2	1484.9	1	4
2	2	1573.3	1	4
2	2	2199.1	1	4
2	2	1627.8	1	4
2	2	1646	1	4
2	2	1264.7	1	4
2	2	1593.9	1	4
2	2	1364.6	1	4
2	2	1456.5	1	4
2	2	1554.8	1	4
2	2	1311.2	1	4
2	2	1730	1	4
2	2	1231.6	1	4
2	2	1430.5	1	4
2	2	2226.4	1	4
2	2	1740.2	1	4
2	2	2303.3	0	4
2	2	1381.2	1	4
2	2	1632.3	1	4
2	2	2110.4	1	4
2	2	1207.5	1	4
2	2	916.5	1	4
2	2	1378.4	1	4
2	2	823.54	1	4
2	2	1464.2	1	4
2	2	1248.2	1	4
2	2	1305.6	1	4
2	2	1226.3	1	4
2	2	1569.8	1	4
2	2	585.76	0	4
2	2	1096.3	1	4
2	2	1668.4	1	4
2	2	1474.4	1	4
2	2	1658.6	1	4
2	2	1489.2	1	4
2	2	1694.9	1	4
2	2	1129.7	1	4
2	2	1837.6	0	4
2	2	1191.6	1	4
2	2	2338.6	1	4
2	2	2435.4	1	4
2	2	2000.1	1	4
2	2	2221	1	4
2	2	2028.2	1	4
2	2	1403.8	0	4
2	2	1876.6	1	4
2	2	2163	1	4
2	2	1566.6	1	4
2	2	1572.6	1	4
2	2	2084.4	1	4
2	2	2160.8	1	4
2	2	2265.2	0	4
2	2	1250.6	1	4
2	2	1139	1	4
2	2	2034.4	0	4
2	2	1224.9	1	4
2	2	1532.7	1	4
2	2	1941.2	1	4
2	2	1507.8	1	4
2	2	1062.1	1	4
2	2	1019.6	1	4
2	2	2150.1	1	4
2	2	1347.3	1	4
2	2	1448.4	1	4
2	2	1350.3	1	4
2	2	1303.2	1	4
2	2	1538.6	1	4
2	2	2791.9	1	4
2	2	2129.5	1	4
2	2	949.22	1	4
2	2	826.33	1	4
2	2	994.83	1	4
2	2	1157	1	4
2	2	1309.4	1	4
2	2	1512.5	1	4
2	2	1279.6	1	4
2	2	1223.3	1	4
2	2	974.75	1	4
2	2	974.62	1	4
2	2	1260.6	1	4
2	2	866.92	1	4
2	2	1150.3	1	4
2	2	1059.8	1	4
2	2	1082.6	1	4
2	2	1410.9	1	4
2	2	1759.2	1	4
2	2	1758.4	1	4
2	2	1619.9	0	4
2	2	2252	1	4
2	2	1220.9	1	4
2	2	1681.8	0	4
2	2	1536.4	1	4
2	2	1278.7	1	4
2	2	1294.6	1	4
2	2	1823.9	1	4
2	2	1266	1	4
2	2	1670.9	1	4
2	2	711.06	0	4
2	2	1110.9	1	4
2	2	1039.4	1	4
2	2	1670	1	4
2	2	1211.5	1	4
2	2	1143.8	1	4
2	2	1482.6	1	4
2	2	1225.1	1	4
2	2	1152.1	1	4
2	2	697.31	1	4
2	2	1518.4	1	4
2	2	1612.7	1	4
2	2	1349.1	1	4
2	2	1482.9	1	4
2	2	1427.1	1	4
2	2	881.77	1	4
2	2	1159.9	1	4
2	2	915.92	1	4
2	2	862.8	1	4
2	2	1039.3	1	4
2	2	1562.8	1	4
2	2	829.73	1	4
2	2	1344.1	1	4
2	2	1420.7	1	4
2	2	1071.5	1	4
2	2	1227.8	1	4
2	2	1710.4	1	4
2	2	1432.1	1	4
2	2	1441.4	1	4
2	2	1775.8	1	4
2	2	1537.3	1	4
2	2	1910.5	1	4
2	2	1381.9	1	4
2	2	2896.9	1	4
2	2	2020.9	1	4
2	2	1113.8	1	4
2	2	951.47	1	4
2	2	2113.4	0	4
2	2	2306.3	1	4
2	2	1620.4	1	4
2	2	1420.2	1	4
2	2	1915.9	1	4
2	2	1557.2	1	4
2	2	1981.8	0	4
2	2	1351	1	4
2	2	1941.7	1	4
2	2	1136.8	1	4
2	2	2056.8	1	4
2	2	2198.1	1	4
2	2	2098.4	1	4
2	2	1698.7	1	4
2	2	1748.5	1	4
2	2	896.55	1	4
2	2	1998.1	1	4
2	2	1216.5	1	4
2	2	869.24	0	4
2	2	2288.5	1	4
2	2	2807.7	1	4
2	2	2403.2	0	4
2	2	1681.3	1	4
2	2	1753.3	1	4
2	2	2999.1	1	4
2	2	1852.3	0	4
2	2	2022.9	1	4
2	2	2225.7	0	4
2	2	1089.9	1	4
2	2	1805	1	4
2	2	1393.8	1	4
2	2	1904	1	4
2	2	1298.5	1	4
2	2	1655.6	1	4
2	2	1278.6	1	4
2	2	2054.4	1	4
2	2	1692.7	1	4
2	2	2043.1	1	4
2	2	1687.2	1	4
2	2	1055.5	0	4
2	2	861.42	1	4
2	2	1198.3	1	4
2	2	1978.9	1	4
2	2	1810	1	4
2	2	716.7	1	4
2	2	1597.6	1	4
2	2	1722.8	1	4
2	2	1061.4	1	4
2	2	1485	1	4
2	2	1877.9	1	4
2	2	2032.1	0	4
2	2	1296.5	1	4
2	2	2300.3	1	4
2	2	1730	1	4
2	2	1819.6	1	4
2	2	1034.4	1	4
2	2	2366.5	1	4
2	2	2266.4	1	4
2	2	1630.7	1	4
2	2	1849.4	1	4
2	2	1365.2	0	4
2	2	1293.4	1	4
2	2	1183.6	1	4
2	2	1507.2	1	4
2	2	1191.1	1	4
2	2	2037.5	0	4
2	2	1498.1	1	4
2	2	950.61	0	4
2	2	2305.6	1	4
2	2	1015.6	1	4
2	2	2034.7	1	4
2	2	791.51	1	4
2	2	1262	1	4
2	2	1603.9	1	4
2	2	1621.5	1	4
2	2	887.71	1	4
2	2	1956.3	1	4
2	2	2135.8	0	4
2	2	1981.2	1	4
2	2	1614.8	0	4
2	2	1261.8	1	4
2	2	1251.2	0	4
2	2	1244	1	4
2	2	1071.1	1	4
2	2	889.29	1	4
2	2	704.49	1	4
2	2	884.17	1	4
2	2	980.58	1	4
2	2	718.07	1	4
2	2	1652	1	4
2	2	1362.9	1	4
2	2	1260.3	1	4
2	2	1373.3	1	4
2	2	1523.5	1	4
2	2	1249	1	4
2	2	1412.5	1	4
2	2	1310.4	1	4
2	2	1111	1	4
2	2	1925.8	1	4
2	2	1302.5	1	4
2	2	1796.5	1	4
2	2	1045.3	1	4
2	2	1264.4	1	4
2	2	1357.7	1	4
2	2	1101.9	1	4
2	2	933.91	1	4
2	2	1694.2	1	4
2	2	1135.4	1	4
2	2	1908.6	1	4
2	2	1411	1	4
2	2	1313.8	1	4
2	2	1508.2	1	4
2	2	1213.9	1	4
2	2	1425.3	1	4
2	2	1078	1	4
2	2	953.83	1	4
2	2	1200.6	1	4
2	2	1371.8	1	4
2	2	1028.2	1	4
2	2	1470.4	1	4
2	2	1671	1	4
2	2	1328.1	1	4
2	2	2040.2	1	4
2	2	1197.1	1	4
2	2	1468.6	1	4
2	2	1533.4	1	4
2	2	1677.6	1	4
2	2	1656.8	1	4
2	2	1280.9	1	4
2	2	1045.3	1	4
2	2	1608.2	1	4
2	2	1205.8	1	4
2	2	1669.9	1	4
2	2	1124.3	1	4
2	2	1096.8	1	4
2	2	969.88	1	4
2	2	1432.5	1	4
2	2	827.87	0	4
2	2	1223.7	1	4
2	2	1090.4	1	4
2	2	1566.5	1	4
2	2	1015.8	1	4
2	2	890.93	1	4
2	2	687.72	1	4
2	2	915.9	1	4
2	2	1553.2	1	4
2	2	1287.1	0	4
2	2	1175.6	1	4
2	2	1118.9	1	4
2	2	1869.5	1	4
2	2	1692.5	0	4
2	2	1301.9	1	4
2	2	1515	1	4
2	2	876.18	1	4
2	2	1141.7	1	4
2	2	1441.2	1	4
2	2	995.81	1	4
2	2	1401	1	4
2	2	1351.8	1	4
2	2	1458.2	1	4
2	2	1649	1	4
2	2	1509.7	1	4
2	2	1348.4	1	4
2	2	942.98	1	4
2	2	1856.5	1	4
2	2	1906.8	0	4
2	2	1159.4	1	4
2	2	1476.1	1	4
2	2	1749.9	0	4
2	2	1240.2	1	4
2	2	1667.5	1	4
2	2	1548.4	1	4
2	2	1704.1	1	4
2	2	687.01	0	4
2	2	1452.1	1	4
2	2	1451	1	4
2	2	1191.1	0	4
2	2	1429	1	4
2	2	1334.7	1	4
2	2	1095.9	0	4
2	2	1259.5	0	4
2	2	1606	0	5
2	2	989.59	1	5
2	2	1514.1	0	5
2	2	1945.9	0	5
2	2	1269.5	1	5
2	2	2129.1	1	5
2	2	1511.6	1	5
2	2	1136.7	1	5
2	2	1734.5	1	5
2	2	1224.8	1	5
2	2	1238.3	1	5
2	2	1066.9	1	5
2	2	1225.5	1	5
2	2	1304	1	5
2	2	1488.3	1	5
2	2	997.91	1	5
2	2	1110.1	1	5
2	2	1472.3	0	5
2	2	924.51	1	5
2	2	1241.2	1	5
2	2	1723.9	1	5
2	2	1308.5	0	5
2	2	918.76	1	5
2	2	1620.3	1	5
2	2	1221.4	1	5
2	2	1081.2	1	5
2	2	906.36	1	5
2	2	1020.8	1	5
2	2	1103.8	1	5
2	2	963.9	1	5
2	2	900.95	1	5
2	2	1177.4	1	5
2	2	1382.5	1	5
2	2	1810.3	1	5
2	2	1044.5	1	5
2	2	962.21	1	5
2	2	866.76	1	5
2	2	2481.9	1	5
2	2	859.54	1	5
2	2	1083	1	5
2	2	803.47	1	5
2	2	866.74	1	5
2	2	1063.3	1	5
2	2	1590.2	1	5
2	2	1956.7	1	5
2	2	1042.3	1	5
2	2	1293.8	1	5
2	2	1040.6	1	5
2	2	941.22	1	5
2	2	1268.9	1	5
2	2	1625.1	0	5
2	2	775.51	1	5
2	2	745.43	1	5
2	2	826.18	1	5
2	2	749.9	1	5
2	2	1043.1	1	5
2	2	1391.5	1	5
2	2	879.73	1	5
2	2	2201.5	0	5
2	2	2100.8	1	5
2	2	1094.1	1	5
2	2	1199.4	1	5
2	2	673.71	1	5
2	2	1242.7	0	5
2	2	1578.6	1	5
2	2	1093.1	1	5
2	2	1011.4	1	5
2	2	1583.2	1	5
2	2	858.95	1	5
2	2	883.5	1	5
2	2	1647.6	1	5
2	2	1048.6	1	5
2	2	1708.6	0	5
2	2	1074.4	1	5
2	2	1043.6	1	5
2	2	1043.5	1	5
2	2	1485.2	1	5
2	2	1127.1	1	5
2	2	921.92	1	5
2	2	1170.6	1	5
2	2	792	1	5
2	2	881.37	1	5
2	2	1129.4	1	5
2	2	1399.1	0	5
2	2	1037.9	1	5
2	2	1014.9	1	5
2	2	997.16	1	5
2	2	830.77	1	5
2	2	1045	1	5
2	2	946.69	1	5
2	2	1438.1	0	5
2	2	678.21	1	5
2	2	1313.7	1	5
2	2	927.19	1	5
2	2	850.94	1	5
2	2	1098.9	1	5
2	2	882.85	1	5
2	2	1076.8	1	5
2	2	794.41	1	5
2	2	990.12	1	5
2	2	2316.6	1	5
2	2	1556.4	1	5
2	2	3251.8	0	5
2	2	2251.1	1	5
2	2	1543.6	1	5
2	2	1206.4	1	5
2	2	1029	1	5
2	2	1093.9	1	5
2	2	823.65	1	5
2	2	886.8	1	5
2	2	1023	1	5
2	2	893.18	0	5
2	2	1435.1	1	5
2	2	1050.8	1	5
2	2	735.44	1	5
2	2	940.41	1	5
2	2	1145.2	1	5
2	2	863.45	1	5
2	2	1007.6	1	5
2	2	1426.4	1	5
2	2	723.89	1	5
2	2	1216.7	1	5
2	2	909.02	1	5
2	2	1086.6	1	5
2	2	1667.3	0	5
2	2	1061	0	5
2	2	926.63	1	5
2	2	925.96	1	5
2	2	948.36	1	5
2	2	990.91	1	5
2	2	964.57	1	5
2	2	935.77	1	5
2	2	1016.6	1	5
2	2	1222.4	1	5
2	2	908.5	1	5
2	2	767.33	1	5
2	2	1314.8	0	5
2	2	1922.9	1	5
2	2	1321.7	1	5
2	2	661.01	1	5
2	2	933.28	1	5
2	2	1357.3	1	5
2	2	1585.7	0	5
2	2	870.05	1	5
2	2	778.46	1	5
2	2	903.11	1	5
2	2	772.37	1	5
2	2	1671.3	0	5
2	2	2553.8	1	5
2	2	1157.1	1	5
2	2	1342.5	0	5
2	2	998.75	1	5
2	2	727.67	0	5
2	2	645.93	0	5
2	2	1003.7	0	5
2	2	2054.3	0	5
2	2	1565.2	1	5
2	2	1478.5	1	5
2	2	2737.7	1	5
2	2	1078.3	1	5
2	2	1196	1	5
2	2	993.68	1	5
2	2	1299.8	1	5
2	2	1544	0	5
2	2	1769.5	1	5
2	2	1127	1	5
2	2	2494	1	5
2	2	1535.3	1	5
2	2	1137.3	1	5
2	2	1458.2	1	5
2	2	2605.9	1	5
2	2	1401.7	1	5
2	2	1387.9	0	5
2	2	1048.4	1	5
2	2	1024.7	1	5
2	2	1563.7	1	5
2	2	1201.3	1	5
2	2	2455.8	0	5
2	2	1440.8	1	5
2	2	1350.1	1	5
2	2	1354.3	0	5
2	2	799.43	1	5
2	2	1022.9	1	5
2	2	853.06	1	5
2	2	1984.3	1	5
2	2	1551.2	1	5
2	2	1996.9	1	5
2	2	1700.5	0	5
2	2	2762.4	1	5
2	2	1150	1	5
2	2	1193.2	1	5
2	2	1426.4	1	5
2	2	2050.4	1	5
2	2	1153.1	0	5
2	2	952.4	1	5
2	2	1332.2	1	5
2	2	1044.6	1	5
2	2	1352.5	1	5
2	2	1624.8	0	5
2	2	1818.3	0	5
2	2	1147.7	1	5
2	2	1685.5	1	5
2	2	1206.1	1	5
2	2	2644.6	1	5
2	2	2071.2	1	5
2	2	2642.5	1	5
2	2	1265.3	1	5
2	2	985.89	0	5
2	2	1274.1	1	5
2	2	873.33	1	5
2	2	815.19	1	5
2	2	1671.4	1	5
2	2	899.08	1	5
2	2	1803	0	5
2	2	1076.5	1	5
2	2	1655.8	1	5
2	2	1740.9	0	5
2	2	2276.6	1	5
2	2	848.69	1	5
2	2	1364.5	1	5
2	2	972.02	1	5
2	2	1301.6	1	5
2	2	929	1	5
2	2	1427.3	0	5
2	2	2341.4	1	5
2	2	761.61	1	5
2	2	990.57	1	5
2	2	1787.7	0	5
2	2	912.02	1	5
2	2	906.83	1	5
2	2	1066	1	5
2	2	852.38	1	5
2	2	1661.6	0	5
2	2	1846.5	1	5
2	2	1945.6	1	5
2	2	1188.3	1	5
2	2	659.33	1	5
2	2	1109.2	1	5
2	2	1293.2	1	5
2	2	584	1	5
2	2	1397.6	1	5
2	2	903.73	1	5
2	2	1874	1	5
2	2	994.11	1	5
2	2	897.1	1	5
2	2	1707	1	5
2	2	1419.8	1	5
2	2	1541.7	0	5
2	2	822.22	1	5
2	2	719.78	1	5
2	2	991.86	0	5
2	2	1137.9	0	5
2	2	1012.6	1	5
2	2	920.82	1	5
2	2	1335.3	1	5
2	2	1530.1	1	5
2	2	1531.4	1	5
2	2	1551.4	1	5
2	2	943.07	1	5
2	2	982.18	1	5
2	2	933.92	1	5
2	2	1091.8	1	5
2	2	988.63	1	5
2	2	1006.3	1	5
2	2	1140.8	0	5
2	2	3124.1	0	5
2	2	905.48	1	5
2	2	1010.6	1	5
2	2	904.74	1	5
2	2	883.88	1	5
2	2	780.23	1	5
2	2	993.46	1	5
2	2	1699.8	1	5
2	2	871.83	1	5
2	2	660.26	1	5
2	2	1201.2	1	5
2	2	1032.1	1	5
2	2	906.83	1	5
2	2	787.5	1	5
2	2	889.56	1	5
2	2	777.68	1	5
2	2	820.72	1	5
2	2	1087.1	1	5
2	2	828.51	1	5
2	2	929.17	1	5
2	2	953.53	1	5
2	2	1107.6	1	5
2	2	792.89	1	5
2	2	901.97	1	5
2	2	735.04	1	5
2	2	1153.1	1	5
2	2	848.85	1	5
2	2	1156.9	1	5
2	2	1037.9	1	5
2	2	1362.4	1	5
2	2	1811.7	1	5
2	2	1188.8	0	5
2	2	923.23	1	5
2	2	797.31	1	5
2	2	1504.5	1	5
2	2	725.72	1	5
2	2	1040	1	5
2	2	792.03	1	5
2	2	1019.9	1	5
2	2	1197.9	1	5
2	2	836.38	1	5
2	2	1137.5	0	5
2	2	986.88	1	5
2	2	880.89	1	5
2	2	693.84	1	5
2	2	1154.7	1	5
2	2	986.01	1	5
2	2	748.28	1	5
2	2	893.27	1	5
2	2	946.79	1	5
2	2	1425	1	5
2	2	1231.9	1	5
2	2	1004.4	1	5
2	2	908.81	1	5
2	2	1629.8	0	5
2	2	1284.9	1	5
2	2	1005.5	1	5
2	2	1106	1	5
2	2	944.71	1	5
2	2	1120.3	1	5
2	2	894.89	1	5
2	2	2050.8	1	5
2	2	1085.8	1	5
2	2	791.44	1	5
2	2	928.65	1	5
2	2	805.41	1	5
2	2	783.13	1	5
2	2	1316.4	1	5
2	2	1324.1	1	5
2	2	812.01	1	5
2	2	1225.5	0	5
2	2	749.25	1	5
2	2	909.77	1	5
2	2	891.41	1	5
2	2	732.03	1	5
2	2	837.42	1	5
2	2	822.89	1	5
2	2	1124.3	1	5
2	2	757.38	1	5
2	2	1132.2	1	5
2	2	1090.5	1	5
2	2	1233.5	1	5
2	2	1018.7	1	5
2	2	747.14	1	5
2	2	1061.2	1	5
2	2	1675.8	1	6
2	2	1345.1	1	6
2	2	1421.4	1	6
2	2	958.02	1	6
2	2	1469.1	1	6
2	2	977.22	1	6
2	2	1013.1	1	6
2	2	1053.6	1	6
2	2	1180.5	1	6
2	2	1123.1	1	6
2	2	1244.4	1	6
2	2	1608.7	1	6
2	2	1390.4	1	6
2	2	1968.6	1	6
2	2	1011.4	1	6
2	2	1081	1	6
2	2	1016.3	1	6
2	2	1642	1	6
2	2	1411.4	1	6
2	2	1012.9	1	6
2	2	887.73	1	6
2	2	1338.1	1	6
2	2	1432.4	1	6
2	2	1661.6	1	6
2	2	1962.7	1	6
2	2	1319	1	6
2	2	926.18	1	6
2	2	944.15	1	6
2	2	1383	1	6
2	2	1113.3	1	6
2	2	992.37	1	6
2	2	1067.5	1	6
2	2	926.59	1	6
2	2	1599.5	0	6
2	2	2588.1	1	6
2	2	1136.5	1	6
2	2	773.95	1	6
2	2	848.87	1	6
2	2	1102.9	1	6
2	2	1415.5	1	6
2	2	839.82	1	6
2	2	1176.5	1	6
2	2	1328.4	1	6
2	2	1023.2	1	6
2	2	1040.8	1	6
2	2	939.49	1	6
2	2	891.79	1	6
2	2	1021.7	1	6
2	2	881.92	1	6
2	2	1671.9	1	6
2	2	685.64	1	6
2	2	901.79	1	6
2	2	1085.8	1	6
2	2	1097.7	1	6
2	2	1103.9	1	6
2	2	1336.9	1	6
2	2	2196.5	1	6
2	2	1333.4	1	6
2	2	1157.6	1	6
2	2	1039.5	1	6
2	2	649.85	1	6
2	2	865.87	1	6
2	2	1215.4	1	6
2	2	1563.4	1	6
2	2	905.18	1	6
2	2	1153.1	1	6
2	2	1396.4	0	6
2	2	642.6	1	6
2	2	952.13	1	6
2	2	969.7	1	6
2	2	1108.9	1	6
2	2	1104.8	0	6
2	2	1716.5	1	6
2	2	1601.1	1	6
2	2	1130.6	1	6
2	2	2328.8	0	6
2	2	1301.6	1	6
2	2	1953.4	1	6
2	2	817.81	1	6
2	2	1066.6	1	6
2	2	671.67	1	6
2	2	939.31	1	6
2	2	1396	1	6
2	2	1368.5	1	6
2	2	714.14	1	6
2	2	772.48	1	6
2	2	1359.7	1	6
2	2	813.7	1	6
2	2	1732.1	1	6
2	2	1160.9	1	6
2	2	1553.4	1	6
2	2	1047.1	1	6
2	2	2478.3	0	6
2	2	2250.6	1	6
2	2	828.5	1	6
2	2	845.16	1	6
2	2	1448.2	1	6
2	2	1290	1	6
2	2	1246.4	1	6
2	2	713.34	1	6
2	2	1400.5	1	6
2	2	1787.4	1	6
2	2	928.96	1	6
2	2	1160.4	1	6
2	2	1404.7	1	6
2	2	988.88	1	6
2	2	1049.3	1	6
2	2	1732.2	1	6
2	2	770.93	1	6
2	2	1020.9	1	6
2	2	919.84	1	6
2	2	1252.3	1	6
2	2	1166.9	1	6
2	2	836.02	1	6
2	2	711.63	1	6
2	2	962.22	1	6
2	2	1035.6	1	6
2	2	778.97	1	6
2	2	785.18	1	6
2	2	753.22	1	6
2	2	1020.3	1	6
2	2	961.54	1	6
2	2	981.86	1	6
2	2	1853.9	0	6
2	2	1204.3	1	6
2	2	1117.7	1	6
2	2	924.16	1	6
2	2	893.63	1	6
2	2	740.63	1	6
2	2	1374.8	1	6
2	2	710.93	1	6
2	2	1056	1	6
2	2	833.38	1	6
2	2	893.14	1	6
2	2	2875.4	1	6
2	2	733.07	1	6
2	2	1224.6	1	6
2	2	639.1	1	6
2	2	660.43	1	6
2	2	1236.9	1	6
2	2	686.19	1	6
2	2	964.78	1	6
2	2	869.75	1	6
2	2	869.79	1	6
2	2	685.54	1	6
2	2	682.3	1	6
2	2	1022.4	1	6
2	2	605.49	1	6
2	2	682.2	1	6
2	2	632.85	1	6
2	2	818.56	1	6
2	2	887.71	1	6
2	2	1447.2	0	6
2	2	1018.2	1	6
2	2	1844	1	6
2	2	1488.9	1	6
2	2	1669.1	0	6
2	2	1199.8	1	6
2	2	2626.5	1	6
2	2	2828.3	1	6
2	2	861.28	1	6
2	2	730.29	1	6
2	2	1822.7	1	6
2	2	901.67	1	6
2	2	2502.1	1	6
2	2	780.78	1	6
2	2	790.17	1	6
2	2	2212.2	1	6
2	2	1001.2	1	6
2	2	915.07	1	6
2	2	758.59	1	6
2	2	1498.9	1	6
2	2	2672.6	1	6
2	2	1067.6	1	6
2	2	983.99	1	6
2	2	1137.6	1	6
2	2	979.1	1	6
2	2	1119.2	1	6
2	2	1197.7	1	6
2	2	1230.3	1	6
2	2	762.58	1	6
2	2	1117.8	1	6
2	2	1835.8	1	6
2	2	880.53	1	6
2	2	2287.1	1	6
2	2	1804.2	1	6
2	2	1307.9	1	6
2	2	1918.5	1	6
2	2	1132.5	1	6
2	2	1592	1	6
2	2	1477.2	0	6
2	2	2700.1	1	6
2	2	1294.1	1	6
2	2	1267.1	1	6
2	2	1391.7	1	6
2	2	1183.6	1	6
2	2	934.36	1	6
2	2	1064.5	1	6
2	2	1961	1	6
2	2	1080.5	1	6
2	2	1865.3	1	6
2	2	1088.3	1	6
2	2	2188.3	1	6
2	2	2327.1	1	6
2	2	1766.8	1	6
2	2	1282.6	1	6
2	2	1087.8	1	6
2	2	1012	0	6
2	2	827.59	1	6
2	2	964.36	1	6
2	2	1037.1	1	6
2	2	761.89	1	6
2	2	1294.3	1	6
2	2	791.15	1	6
2	2	716.52	1	6
2	2	1627.3	1	6
2	2	2495.8	1	6
2	2	1935.9	1	6
2	2	938.33	1	6
2	2	2253.5	1	6
2	2	1445.6	1	6
2	2	1463.6	1	6
2	2	1671.3	0	6
2	2	1986.1	1	6
2	2	1045	1	6
2	2	885.18	1	6
2	2	1589.7	1	6
2	2	1608	1	6
2	2	1368.4	1	6
2	2	779.38	1	6
2	2	1574	1	6
2	2	1085.7	1	6
2	2	1892.8	1	6
2	2	1409.1	1	6
2	2	1844.8	1	6
2	2	801.4	1	6
2	2	1175.5	1	6
2	2	652.41	1	6
2	2	783.43	1	6
2	2	667.9	1	6
2	2	719.68	1	6
2	2	1876.7	0	6
2	2	670.66	1	6
2	2	716.21	1	6
2	2	1097.1	1	6
2	2	2479	1	6
2	2	2300.2	1	6
2	2	928.23	1	6
2	2	1979.6	1	6
2	2	1287.6	1	6
2	2	916.48	1	6
2	2	1099.6	1	6
2	2	1419.2	1	6
2	2	1148.8	1	6
2	2	823.24	1	6
2	2	799.94	1	6
2	2	828.18	1	6
2	2	883.17	1	6
2	2	1667.8	1	6
2	2	1227.2	1	6
2	2	1353.8	1	6
2	2	980.19	1	6
2	2	1452.7	1	6
2	2	2506.5	1	6
2	2	767.19	1	6
2	2	1000.5	1	6
2	2	1717.7	1	6
2	2	775.2	1	6
2	2	692.24	1	6
2	2	769.62	1	6
2	2	540.41	1	6
2	2	1499.9	1	6
2	2	1500	1	6
2	2	910.75	1	6
2	2	684.08	1	6
2	2	853.36	1	6
2	2	976.61	1	6
2	2	927.99	1	6
2	2	753.36	1	6
2	2	858.95	1	6
2	2	750.79	1	6
2	2	1815.1	1	6
2	2	898.6	1	6
2	2	860.99	1	6
2	2	768.06	1	6
2	2	902.92	1	6
2	2	626.27	1	6
2	2	760.13	1	6
2	2	857.9	1	6
2	2	884.35	1	6
2	2	1079.3	1	6
2	2	1045.6	1	6
2	2	694.22	1	6
2	2	755.02	1	6
2	2	1071.8	1	6
2	2	1457	1	6
2	2	845.1	1	6
2	2	1038	1	6
2	2	903.08	1	6
2	2	955.37	1	6
2	2	1192	1	6
2	2	1025.5	1	6
2	2	1492.9	1	6
2	2	924.22	1	6
2	2	1002.8	1	6
2	2	1019.2	1	6
2	2	956.13	1	6
2	2	760.24	1	6
2	2	1025.3	1	6
2	2	843.86	1	6
2	2	923.59	1	6
2	2	635.71	1	6
2	2	1299.6	1	6
2	2	1120.6	1	6
2	2	1519.9	0	6
2	2	1113.9	1	6
2	2	1041.1	1	6
2	2	909.33	1	6
2	2	1445.9	0	6
2	2	1443.1	1	6
2	2	2303.1	0	6
2	2	791.76	1	6
2	2	1046.5	1	6
2	2	954.37	1	6
2	2	1120.8	1	6
2	2	1195	1	6
2	2	1028.2	1	6
2	2	733.47	1	6
2	2	900.44	1	6
2	2	1597.6	0	6
2	2	857.56	1	6
2	2	805.33	1	6
2	2	1174.5	1	6
2	2	1158.7	1	6
2	2	1036	1	6
2	2	769.77	1	6
2	2	1319.3	1	6
2	2	661.39	1	6
2	2	878.97	1	6
2	2	942.9	1	6
2	2	1741	1	6
2	2	1078.6	1	6
2	2	822.94	1	6
2	2	860.68	1	6
2	2	895.55	1	6
2	2	1355.9	1	6
2	2	1229.7	1	6
2	2	1110	1	6
2	2	1450.4	1	6
2	2	1463.8	1	6
2	2	1436.5	1	7
2	2	1404.2	1	7
2	2	1083.8	1	7
2	2	908.11	1	7
2	2	845.46	1	7
2	2	902.05	1	7
2	2	729.63	1	7
2	2	720.18	1	7
2	2	665.96	1	7
2	2	634.4	1	7
2	2	1024.2	1	7
2	2	2173.6	1	7
2	2	1899.9	1	7
2	2	1345.7	1	7
2	2	1011.7	1	7
2	2	1331.5	1	7
2	2	729.91	1	7
2	2	1652	1	7
2	2	964.53	1	7
2	2	726.47	1	7
2	2	931.59	1	7
2	2	1609.6	1	7
2	2	965.25	1	7
2	2	2005.4	1	7
2	2	1742.3	1	7
2	2	1073.1	1	7
2	2	1192.8	1	7
2	2	1612.7	1	7
2	2	1326.9	1	7
2	2	1740.6	1	7
2	2	1586.8	1	7
2	2	1065.7	1	7
2	2	979.98	1	7
2	2	1170.9	1	7
2	2	2061.3	1	7
2	2	962.66	1	7
2	2	1602	1	7
2	2	837.36	1	7
2	2	730.81	1	7
2	2	1042.4	1	7
2	2	1389.6	1	7
2	2	1020.7	1	7
2	2	1245.5	1	7
2	2	1103.3	1	7
2	2	799.89	1	7
2	2	864.81	1	7
2	2	969.4	1	7
2	2	654.09	1	7
2	2	783.85	1	7
2	2	772.01	1	7
2	2	985.07	1	7
2	2	765.24	1	7
2	2	1468.9	1	7
2	2	983.48	1	7
2	2	737.55	1	7
2	2	755.58	1	7
2	2	1199.6	1	7
2	2	957.21	1	7
2	2	794.42	1	7
2	2	1704.3	1	7
2	2	683.21	1	7
2	2	1494.3	0	7
2	2	1463.4	1	7
2	2	1036.6	1	7
2	2	624.51	1	7
2	2	875.67	1	7
2	2	938.71	1	7
2	2	753.63	1	7
2	2	1564.4	1	7
2	2	940.12	1	7
2	2	994.6	1	7
2	2	710.77	1	7
2	2	868.93	1	7
2	2	1514.2	1	7
2	2	978.29	1	7
2	2	755.4	1	7
2	2	1448	1	7
2	2	737.33	1	7
2	2	1101.9	1	7
2	2	828.84	1	7
2	2	1378.2	1	7
2	2	893.41	1	7
2	2	866.46	1	7
2	2	878.76	1	7
2	2	894.85	1	7
2	2	1899.1	0	7
2	2	1127.8	1	7
2	2	949.64	1	7
2	2	723.49	1	7
2	2	756.23	1	7
2	2	757.52	1	7
2	2	810.12	1	7
2	2	888.01	1	7
2	2	711.3	1	7
2	2	643.54	1	7
2	2	753.57	1	7
2	2	605.7	1	7
2	2	926.58	1	7
2	2	763.81	1	7
2	2	624.16	1	7
2	2	2263.7	1	7
2	2	1604.1	1	7
2	2	819.11	1	7
2	2	830.03	1	7
2	2	776.05	1	7
2	2	567.22	1	7
2	2	1009.1	1	7
2	2	987.35	0	7
2	2	751.13	1	7
2	2	774.33	1	7
2	2	714.79	1	7
2	2	778.65	1	7
2	2	1177.1	1	7
2	2	701.59	0	7
2	2	1280.8	1	7
2	2	884.39	1	7
2	2	1397.1	1	7
2	2	1075.5	1	7
2	2	1352.5	1	7
2	2	863.51	1	7
2	2	763.11	1	7
2	2	1033.3	1	7
2	2	699.18	1	7
2	2	2164.1	1	7
2	2	797.5	1	7
2	2	632.86	1	7
2	2	755.08	1	7
2	2	865.23	1	7
2	2	922.58	1	7
2	2	917.35	1	7
2	2	758.28	1	7
2	2	776.33	1	7
2	2	1051.1	1	7
2	2	682.53	1	7
2	2	860.94	1	7
2	2	865.71	1	7
2	2	614.51	1	7
2	2	862.32	1	7
2	2	639.61	1	7
2	2	666.01	1	7
2	2	801.35	1	7
2	2	719.56	1	7
2	2	1075	1	7
2	2	766.26	1	7
2	2	1239.3	1	7
2	2	1592.9	1	7
2	2	740.88	1	7
2	2	1293.6	0	7
2	2	610.97	1	7
2	2	859.61	1	7
2	2	875.96	1	7
2	2	939.64	1	7
2	2	1329.4	1	7
2	2	974.25	1	7
2	2	986.85	1	7
2	2	1372	1	7
2	2	1673.1	1	7
2	2	1632	1	7
2	2	2398.1	1	7
2	2	1419.9	1	7
2	2	915.57	1	7
2	2	1095.6	1	7
2	2	661.92	1	7
2	2	1395.6	0	7
2	2	923.41	1	7
2	2	1113.4	1	7
2	2	1241.5	1	7
2	2	1907.4	1	7
2	2	997.28	1	7
2	2	1601	1	7
2	2	1849.7	1	7
2	2	1442.6	1	7
2	2	2310.6	1	7
2	2	1197.2	1	7
2	2	1924.3	1	7
2	2	1316.9	1	7
2	2	953.87	1	7
2	2	1251.5	1	7
2	2	1732.2	1	7
2	2	1034.8	1	7
2	2	2132.8	1	7
2	2	1530.1	1	7
2	2	1073.3	1	7
2	2	1080.3	1	7
2	2	1708.2	1	7
2	2	750.89	1	7
2	2	714.72	1	7
2	2	1970.3	1	7
2	2	1159.2	1	7
2	2	2382.9	1	7
2	2	698.95	1	7
2	2	2074.2	1	7
2	2	751.99	1	7
2	2	878.43	1	7
2	2	1431.4	1	7
2	2	927.03	1	7
2	2	993.55	1	7
2	2	1378.6	1	7
2	2	1032	1	7
2	2	1228.8	1	7
2	2	1081.1	1	7
2	2	1029.1	1	7
2	2	2205.3	0	7
2	2	891.61	1	7
2	2	1080.5	1	7
2	2	1180.1	1	7
2	2	762.92	1	7
2	2	1073.9	1	7
2	2	978.13	1	7
2	2	1132	1	7
2	2	827.01	1	7
2	2	982.82	1	7
2	2	1077.4	1	7
2	2	1136.5	0	7
2	2	840.32	1	7
2	2	1526.1	1	7
2	2	1727.7	1	7
2	2	1366.2	1	7
2	2	1158.6	1	7
2	2	787.32	1	7
2	2	762.95	1	7
2	2	1351.3	1	7
2	2	894.7	1	7
2	2	1370.9	1	7
2	2	1043.6	1	7
2	2	919.44	1	7
2	2	1685.2	1	7
2	2	1015.1	1	7
2	2	1255	1	7
2	2	1060	1	7
2	2	1453.9	1	7
2	2	1570	0	7
2	2	1716.8	0	7
2	2	1375.1	1	7
2	2	693.8	1	7
2	2	906.25	1	7
2	2	1534.5	1	7
2	2	754.11	1	7
2	2	939.78	1	7
2	2	2343.2	1	7
2	2	807.55	1	7
2	2	1150.9	1	7
2	2	1020.2	1	7
2	2	624.6	1	7
2	2	3113.5	1	7
2	2	1134.4	1	7
2	2	1389.3	1	7
2	2	1539.8	1	7
2	2	1509.9	1	7
2	2	1174.3	1	7
2	2	553.13	1	7
2	2	964.68	1	7
2	2	873.73	1	7
2	2	874.71	1	7
2	2	665.18	1	7
2	2	846.14	1	7
2	2	784.36	1	7
2	2	1278.8	1	7
2	2	856.85	1	7
2	2	643.94	1	7
2	2	967.91	1	7
2	2	907.09	1	7
2	2	749.31	1	7
2	2	582.19	1	7
2	2	666.8	1	7
2	2	611.83	1	7
2	2	1142.7	1	7
2	2	1438.5	1	7
2	2	653.46	1	7
2	2	767.15	1	7
2	2	829.68	1	7
2	2	897.39	1	7
2	2	874.5	1	7
2	2	736.16	1	7
2	2	779	1	7
2	2	1326.1	1	7
2	2	632.79	1	7
2	2	1201.2	1	7
2	2	902.55	1	7
2	2	1277.8	1	7
2	2	948.05	1	7
2	2	1490.2	1	7
2	2	809.29	1	7
2	2	1765.6	1	7
2	2	706.71	1	7
2	2	777.29	1	7
2	2	810.68	1	7
2	2	827.89	1	7
2	2	873.44	1	7
2	2	859.7	1	7
2	2	733.94	1	7
2	2	1118.2	1	7
2	2	1070.7	1	7
2	2	846.52	1	7
2	2	844.91	1	7
2	2	979.06	1	7
2	2	1289.2	1	7
2	2	1438.3	0	7
2	2	1054.7	1	7
2	2	592.97	1	7
2	2	938.54	1	7
2	2	939.97	1	7
2	2	1058.8	1	7
2	2	1347.4	1	7
2	2	868.2	1	7
2	2	628.39	1	7
2	2	692.13	1	7
2	2	911.98	1	7
2	2	813.74	1	7
2	2	1006	1	7
2	2	866.47	1	7
2	2	891.99	1	7
2	2	954.91	1	7
2	2	1639.8	1	7
2	2	1034.6	1	7
2	2	1178.8	1	7
2	2	870.29	1	7
2	2	1292.8	1	7
2	2	1635.8	1	7
2	2	851.48	1	7
2	2	778.55	1	7
2	2	929.45	1	7
2	2	885.74	1	7
2	2	948.14	1	7
2	2	927.4	1	7
2	2	694.88	1	7
2	2	767.33	1	7
2	2	821.36	1	7
2	2	1038.4	1	7
2	2	1168.6	1	7
2	2	666.25	1	7
2	2	599.45	1	7
2	2	749.91	1	7
2	2	1260.8	1	7
2	2	799.73	1	7
2	2	813.38	1	7
2	2	1043.4	1	7
2	2	806.12	1	7
2	2	1153.1	1	7
2	2	1052.7	1	7
2	2	857.17	1	7
2	2	818.54	1	7
2	2	2283.2	1	7
2	2	708.51	1	7
2	2	1818.9	1	7
2	2	786.09	1	7
2	2	837.05	1	7
2	2	671.44	1	7
2	2	573.51	1	7
2	2	711.63	1	8
2	2	757.89	1	8
2	2	803.33	1	8
2	2	1397.3	1	8
2	2	1002.8	1	8
2	2	1113.2	1	8
2	2	1529.5	1	8
2	2	874.95	1	8
2	2	731.55	1	8
2	2	626.85	1	8
2	2	676.43	1	8
2	2	1035.7	1	8
2	2	1833.8	1	8
2	2	1293.1	1	8
2	2	1061.9	1	8
2	2	1965.7	1	8
2	2	2185.7	0	8
2	2	1403.4	1	8
2	2	937.86	1	8
2	2	579.1	1	8
2	2	851.44	1	8
2	2	1006.2	1	8
2	2	2141.1	1	8
2	2	1664.5	1	8
2	2	2722.7	0	8
2	2	1269.4	1	8
2	2	785.4	1	8
2	2	1507.8	1	8
2	2	1177.3	1	8
2	2	817.69	1	8
2	2	1101.9	1	8
2	2	1940.9	1	8
2	2	1570.3	1	8
2	2	1039.5	1	8
2	2	843.36	1	8
2	2	684.21	1	8
2	2	806.06	1	8
2	2	789.59	1	8
2	2	915.94	1	8
2	2	710.37	1	8
2	2	1008.8	1	8
2	2	1368.2	1	8
2	2	1032.5	1	8
2	2	1384.1	1	8
2	2	1211.9	1	8
2	2	881.69	1	8
2	2	982.9	1	8
2	2	1485	1	8
2	2	1754.3	1	8
2	2	1178.7	1	8
2	2	673.94	1	8
2	2	745.21	1	8
2	2	1031.9	1	8
2	2	846.99	1	8
2	2	1045.4	1	8
2	2	1719.6	1	8
2	2	784.49	1	8
2	2	448.5	1	8
2	2	732.32	1	8
2	2	806.69	1	8
2	2	1267.4	1	8
2	2	648.57	1	8
2	2	743.8	1	8
2	2	2089.4	1	8
2	2	2362.1	1	8
2	2	676.3	1	8
2	2	747.6	1	8
2	2	713.83	1	8
2	2	824.57	1	8
2	2	1095.8	1	8
2	2	681.33	1	8
2	2	1074.6	1	8
2	2	777.01	1	8
2	2	2513.3	1	8
2	2	917.02	1	8
2	2	499.18	1	8
2	2	596.2	1	8
2	2	662.72	1	8
2	2	787.93	1	8
2	2	1097.9	1	8
2	2	1701	1	8
2	2	781.05	1	8
2	2	2048.2	1	8
2	2	835.31	1	8
2	2	631	1	8
2	2	1575.9	1	8
2	2	826.2	1	8
2	2	1992.4	1	8
2	2	731.05	1	8
2	2	1357.1	1	8
2	2	904.19	1	8
2	2	1857.3	1	8
2	2	1172.5	1	8
2	2	788.73	1	8
2	2	775.66	1	8
2	2	1029	1	8
2	2	766.23	1	8
2	2	612.16	1	8
2	2	1417.5	1	8
2	2	1585	1	8
2	2	1224.3	1	8
2	2	836.51	1	8
2	2	742.01	1	8
2	2	995.88	1	8
2	2	1033.8	0	8
2	2	916.21	1	8
2	2	661.77	1	8
2	2	780.83	1	8
2	2	798.37	1	8
2	2	876.4	1	8
2	2	783.06	1	8
2	2	1535.9	1	8
2	2	1026.1	1	8
2	2	860.56	1	8
2	2	621.23	1	8
2	2	622.96	1	8
2	2	777.6	1	8
2	2	939.56	1	8
2	2	1731.3	1	8
2	2	909.98	1	8
2	2	976.45	1	8
2	2	1343.9	1	8
2	2	976.77	1	8
2	2	1246.6	1	8
2	2	883.08	1	8
2	2	819.87	1	8
2	2	704.82	1	8
2	2	789.48	1	8
2	2	740.13	1	8
2	2	783.57	1	8
2	2	723.87	1	8
2	2	1129.5	1	8
2	2	963.6	1	8
2	2	946.01	1	8
2	2	1158.9	1	8
2	2	623.6	1	8
2	2	753.53	1	8
2	2	644.43	1	8
2	2	918.95	1	8
2	2	794.38	1	8
2	2	704.52	1	8
2	2	724.95	1	8
2	2	905.65	1	8
2	2	1140.1	0	8
2	2	775.24	1	8
2	2	1382.3	1	8
2	2	850.07	1	8
2	2	690.45	1	8
2	2	1712.9	1	8
2	2	638.77	1	8
2	2	1203.7	1	8
2	2	914.62	1	8
2	2	1217.1	1	8
2	2	1429.1	1	8
2	2	965.29	1	8
2	2	2106.3	1	8
2	2	1089.3	1	8
2	2	1063	1	8
2	2	1301.5	1	8
2	2	1866.4	1	8
2	2	938.63	1	8
2	2	960.2	1	8
2	2	595.09	1	8
2	2	1244.3	1	8
2	2	1842.7	1	8
2	2	2007.6	1	8
2	2	1494.9	1	8
2	2	1085.8	1	8
2	2	1898	1	8
2	2	1079	1	8
2	2	1462.7	1	8
2	2	2078.2	1	8
2	2	1095.3	1	8
2	2	1208.9	1	8
2	2	956.74	1	8
2	2	2008.1	1	8
2	2	957.1	1	8
2	2	1479.3	1	8
2	2	976.78	1	8
2	2	853	1	8
2	2	2244.3	1	8
2	2	837.89	1	8
2	2	694.64	1	8
2	2	1201.9	1	8
2	2	1086.4	1	8
2	2	1191.8	1	8
2	2	763.4	1	8
2	2	870.06	1	8
2	2	977.84	1	8
2	2	1019.8	1	8
2	2	1072.7	1	8
2	2	657.81	1	8
2	2	1601.5	1	8
2	2	1286.2	1	8
2	2	1301.5	1	8
2	2	1747.3	1	8
2	2	2148.5	1	8
2	2	1325.5	1	8
2	2	756.49	1	8
2	2	612.84	1	8
2	2	870.9	1	8
2	2	1293.8	1	8
2	2	821.9	1	8
2	2	1774.6	1	8
2	2	1143.3	1	8
2	2	1667.5	1	8
2	2	1304.3	1	8
2	2	1815	1	8
2	2	900.37	1	8
2	2	734.61	1	8
2	2	1153.4	1	8
2	2	883.35	1	8
2	2	1044.9	1	8
2	2	1566.4	1	8
2	2	740.23	1	8
2	2	2355.3	1	8
2	2	2087.9	1	8
2	2	1671.3	1	8
2	2	698.72	1	8
2	2	1106.9	1	8
2	2	1620.8	1	8
2	2	827.55	1	8
2	2	1866.3	1	8
2	2	766.59	1	8
2	2	1518.8	1	8
2	2	1187.1	1	8
2	2	996	1	8
2	2	989.7	1	8
2	2	887.48	1	8
2	2	903.28	1	8
2	2	930.55	1	8
2	2	2322.8	1	8
2	2	1261.4	1	8
2	2	1372.7	1	8
2	2	1542.2	1	8
2	2	728.4	1	8
2	2	713.74	1	8
2	2	1207.5	1	8
2	2	740.57	1	8
2	2	836.08	1	8
2	2	2000.1	1	8
2	2	637.24	1	8
2	2	550.21	1	8
2	2	603.52	1	8
2	2	876.55	1	8
2	2	783.48	1	8
2	2	915.2	1	8
2	2	964.21	1	8
2	2	1042.2	1	8
2	2	1141.5	1	8
2	2	736.7	1	8
2	2	644.58	1	8
2	2	622.05	1	8
2	2	785.43	1	8
2	2	974.18	1	8
2	2	673.19	1	8
2	2	846.62	1	8
2	2	547.42	1	8
2	2	646.38	1	8
2	2	1527.1	1	8
2	2	872.5	1	8
2	2	848.46	1	8
2	2	722.63	1	8
2	2	1812.8	1	8
2	2	852.28	1	8
2	2	760.13	1	8
2	2	604.03	1	8
2	2	1029.4	1	8
2	2	756.19	1	8
2	2	889.37	1	8
2	2	836.01	1	8
2	2	777.97	1	8
2	2	847.28	1	8
2	2	1082.6	1	8
2	2	1389.9	1	8
2	2	754.49	1	8
2	2	683.03	1	8
2	2	1005	1	8
2	2	862.18	1	8
2	2	844.22	1	8
2	2	1002.7	1	8
2	2	1006.2	1	8
2	2	1850.5	1	8
2	2	806.71	1	8
2	2	819.32	1	8
2	2	1076.5	1	8
2	2	1151.4	1	8
2	2	744.48	1	8
2	2	1214.5	1	8
2	2	775.7	1	8
2	2	845.82	1	8
2	2	894.22	1	8
2	2	1055.5	1	8
2	2	810.36	1	8
2	2	935.15	1	8
2	2	1390.3	1	8
2	2	1145.1	1	8
2	2	971.62	1	8
2	2	978.01	1	8
2	2	915.4	1	8
2	2	925.94	1	8
2	2	1037.4	1	8
2	2	900.56	1	8
2	2	698.69	1	8
2	2	785.71	1	8
2	2	1109.3	1	8
2	2	762.13	1	8
2	2	918.41	1	8
2	2	1425.8	1	8
2	2	551.09	1	8
2	2	2623.4	1	8
2	2	906.13	1	8
2	2	1581.4	1	8
2	2	1184.2	0	8
2	2	1010.2	1	8
2	2	1182.4	1	8
2	2	1576.4	1	8
2	2	658.46	1	8
2	2	799.62	1	8
2	2	1831	1	8
2	2	807.04	1	8
2	2	682.49	1	8
2	2	858.05	1	8
2	2	746.98	1	8
2	2	1128.7	1	8
2	2	1082.3	1	8
2	2	888.33	1	8
2	2	923.05	1	8
2	2	928.08	1	8
2	2	904.72	1	8
2	2	663.64	1	8
2	2	1104.2	1	8
2	2	758.83	1	8
2	2	940.14	1	8
2	2	1497.8	1	8
2	2	778.29	1	8
2	2	892.83	1	8
2	2	949.92	1	8
2	2	1151.6	1	8
2	2	1171.4	1	8
2	2	882	1	8
2	2	897.37	1	8
2	2	702.69	1	8
2	2	742.71	1	8
2	2	771.16	1	8
2	2	834	1	8
2	2	1629.8	1	8
2	2	1106.9	1	8
2	2	831.26	1	8
2	2	888.39	1	8
2	2	1233.9	1	9
2	2	916.11	1	9
2	2	1534.1	1	9
2	2	758.72	1	9
2	2	2395.3	1	9
2	2	1016.4	1	9
2	2	1017.3	1	9
2	2	907.77	1	9
2	2	778.37	1	9
2	2	845.34	1	9
2	2	1049	1	9
2	2	1682.7	1	9
2	2	1443	1	9
2	2	2060.6	1	9
2	2	1213.2	1	9
2	2	1012.7	1	9
2	2	1262.9	1	9
2	2	1184.3	1	9
2	2	1817.4	1	9
2	2	1453.9	1	9
2	2	925.68	1	9
2	2	631.66	1	9
2	2	1206.6	1	9
2	2	2793.1	1	9
2	2	1315.7	1	9
2	2	921.01	1	9
2	2	838.21	1	9
2	2	854.81	1	9
2	2	1034	1	9
2	2	683.15	1	9
2	2	1496.2	1	9
2	2	818.52	1	9
2	2	1457.1	1	9
2	2	782.13	1	9
2	2	686.8	1	9
2	2	1121.7	1	9
2	2	1064.8	1	9
2	2	1151.9	1	9
2	2	675.28	1	9
2	2	785.24	1	9
2	2	704.82	1	9
2	2	1017.7	1	9
2	2	692.03	1	9
2	2	790.45	1	9
2	2	770.92	1	9
2	2	846.81	1	9
2	2	812.05	1	9
2	2	760	1	9
2	2	995.16	1	9
2	2	516.26	1	9
2	2	658.85	1	9
2	2	719.46	1	9
2	2	743.66	1	9
2	2	492.68	1	9
2	2	1221.8	1	9
2	2	863.3	1	9
2	2	749.53	1	9
2	2	583.26	1	9
2	2	621.7	1	9
2	2	1188.8	1	9
2	2	735.69	1	9
2	2	575.17	1	9
2	2	879.88	1	9
2	2	719.7	1	9
2	2	798.34	1	9
2	2	768.28	1	9
2	2	655.44	1	9
2	2	1009.4	1	9
2	2	871.22	1	9
2	2	608.78	1	9
2	2	685.47	1	9
2	2	730.1	1	9
2	2	900.66	1	9
2	2	812.85	1	9
2	2	729.12	1	9
2	2	672.9	1	9
2	2	613.38	1	9
2	2	504.71	1	9
2	2	620.77	1	9
2	2	900.43	1	9
2	2	733.87	1	9
2	2	1418	1	9
2	2	647.87	1	9
2	2	686.15	1	9
2	2	625.44	1	9
2	2	854.84	1	9
2	2	1017.1	1	9
2	2	1167.4	1	9
2	2	630.94	1	9
2	2	769.22	1	9
2	2	631.2	1	9
2	2	1302.3	1	9
2	2	700.48	1	9
2	2	687.71	1	9
2	2	859.63	1	9
2	2	839.33	1	9
2	2	478.47	1	9
2	2	633.69	1	9
2	2	605.42	1	9
2	2	672.87	1	9
2	2	1137.2	1	9
2	2	1601.8	1	9
2	2	2155.8	0	9
2	2	911.89	1	9
2	2	1705	1	9
2	2	821.28	1	9
2	2	567.2	1	9
2	2	603.05	1	9
2	2	1294.3	1	9
2	2	1029	1	9
2	2	771.93	1	9
2	2	682.11	1	9
2	2	1453.8	1	9
2	2	634.33	1	9
2	2	741.51	1	9
2	2	589.95	1	9
2	2	581.18	1	9
2	2	747.29	1	9
2	2	837.61	1	9
2	2	732.33	1	9
2	2	850.89	1	9
2	2	1018.9	1	9
2	2	1293.8	1	9
2	2	805.92	1	9
2	2	1038.7	1	9
2	2	616.14	1	9
2	2	1292.6	1	9
2	2	784.49	1	9
2	2	728.16	1	9
2	2	746.71	1	9
2	2	839.84	1	9
2	2	797.6	1	9
2	2	911.54	1	9
2	2	710.29	1	9
2	2	1818.3	1	9
2	2	724.01	1	9
2	2	1133.7	1	9
2	2	1099.9	1	9
2	2	1412.3	1	9
2	2	1056	1	9
2	2	1534.3	1	9
2	2	660.14	1	9
2	2	2496.6	1	9
2	2	1243.6	1	9
2	2	1132.7	1	9
2	2	661.16	1	9
2	2	732.41	1	9
2	2	620.69	1	9
2	2	575.2	1	9
2	2	766.36	1	9
2	2	1133.2	1	9
2	2	1804.8	1	9
2	2	679.35	1	9
2	2	986.62	1	9
2	2	1175.2	1	9
2	2	851.27	1	9
2	2	1533.3	1	9
2	2	1353	1	9
2	2	1379.6	1	9
2	2	1212.7	1	9
2	2	1026.1	1	9
2	2	804.46	1	9
2	2	701.82	1	9
2	2	1062	1	9
2	2	1098.9	1	9
2	2	1860.5	1	9
2	2	931.86	1	9
2	2	906.99	1	9
2	2	1330.2	1	9
2	2	1777.4	1	9
2	2	1278.5	1	9
2	2	1559.4	1	9
2	2	688.58	1	9
2	2	851.96	1	9
2	2	698.87	1	9
2	2	2310.9	1	9
2	2	1187.2	1	9
2	2	1418.6	1	9
2	2	686.62	1	9
2	2	790.08	1	9
2	2	771.39	1	9
2	2	1134.6	1	9
2	2	1161.2	1	9
2	2	754.14	1	9
2	2	657.27	1	9
2	2	1117.9	1	9
2	2	631.87	1	9
2	2	852.4	1	9
2	2	710.2	1	9
2	2	729.61	1	9
2	2	3178.4	1	9
2	2	3194.2	1	9
2	2	2933.7	1	9
2	2	1690.8	1	9
2	2	1135.3	1	9
2	2	1392.3	1	9
2	2	780.07	1	9
2	2	1454.5	1	9
2	2	616.1	1	9
2	2	1080.3	1	9
2	2	923.05	1	9
2	2	1588.7	1	9
2	2	1031.7	1	9
2	2	1278.5	1	9
2	2	1099.1	1	9
2	2	1222.5	1	9
2	2	1384.5	1	9
2	2	3442.5	1	9
2	2	1371.4	1	9
2	2	732.03	1	9
2	2	900.22	1	9
2	2	698.91	1	9
2	2	696.06	1	9
2	2	1579.5	1	9
2	2	725.24	1	9
2	2	819.68	1	9
2	2	881.6	1	9
2	2	970.2	1	9
2	2	1017.6	1	9
2	2	1011.9	1	9
2	2	1450.1	1	9
2	2	1061.3	1	9
2	2	756.62	1	9
2	2	1233.9	1	9
2	2	1542.8	1	9
2	2	800.39	1	9
2	2	1543.1	1	9
2	2	1448.7	1	9
2	2	1051.3	1	9
2	2	1016.3	1	9
2	2	991.8	1	9
2	2	1383.9	1	9
2	2	1661	1	9
2	2	896.59	1	9
2	2	1478.1	1	9
2	2	614.31	1	9
2	2	622.83	1	9
2	2	676.84	1	9
2	2	678.72	1	9
2	2	690.22	1	9
2	2	1476.7	1	9
2	2	758.23	1	9
2	2	919.43	1	9
2	2	609.13	1	9
2	2	632.61	1	9
2	2	716.5	1	9
2	2	934.17	1	9
2	2	1461.1	1	9
2	2	1000.2	1	9
2	2	1300.3	1	9
2	2	1102	1	9
2	2	727.34	1	9
2	2	611.48	1	9
2	2	1080.5	1	9
2	2	965.67	1	9
2	2	583.43	1	9
2	2	662.79	1	9
2	2	598.85	1	9
2	2	814.51	1	9
2	2	698.43	1	9
2	2	643.69	1	9
2	2	758.76	1	9
2	2	722.4	1	9
2	2	705.88	1	9
2	2	691.07	1	9
2	2	1077.6	1	9
2	2	654.39	1	9
2	2	624.55	1	9
2	2	1000	1	9
2	2	863.31	1	9
2	2	762.36	1	9
2	2	1216.4	1	9
2	2	695.16	1	9
2	2	906.37	1	9
2	2	975.24	1	9
2	2	813.28	1	9
2	2	1268.7	1	9
2	2	668.04	1	9
2	2	752.52	1	9
2	2	693.08	1	9
2	2	818.89	1	9
2	2	794.22	1	9
2	2	838.12	1	9
2	2	735.55	1	9
2	2	810.19	1	9
2	2	883.78	1	9
2	2	818.26	1	9
2	2	813.95	1	9
2	2	805.72	1	9
2	2	826.85	1	9
2	2	1149.6	1	9
2	2	1540.4	1	9
2	2	897.91	1	9
2	2	1619	1	9
2	2	955.08	1	9
2	2	916.59	1	9
2	2	2234.9	1	9
2	2	954.38	1	9
2	2	790.67	1	9
2	2	1315.5	1	9
2	2	442.81	1	9
2	2	657.35	1	9
2	2	865.99	1	9
2	2	889.86	1	9
2	2	1138.8	1	9
2	2	1305	1	9
2	2	729.51	1	9
2	2	1033	1	9
2	2	591.38	1	9
2	2	713.3	1	9
2	2	831.09	1	9
2	2	729.69	1	9
2	2	706.78	1	9
2	2	821.96	1	9
2	2	747.66	1	9
2	2	1281	1	9
2	2	793.36	1	9
2	2	1391.5	1	9
2	2	950.61	1	9
2	2	938.26	1	9
2	2	794.35	1	9
2	2	674.54	1	9
2	2	884.04	1	9
2	2	696.39	1	9
2	2	783.07	1	9
2	2	1247.6	1	9
2	2	800.03	1	9
2	2	749.12	1	9
2	2	1916.5	1	9
2	2	840.27	1	9
2	2	670.18	1	9
2	2	654.89	1	9
2	2	640.9	1	9
2	2	940.92	1	9
2	2	1368.2	1	9
2	2	787.77	1	9
2	2	1907	1	9
2	2	1268.9	1	9
2	2	803.21	1	9
2	2	730.14	1	9
2	2	1384.3	1	9
2	2	698.37	1	9
2	2	670.93	1	9
2	2	751.08	1	9
2	2	1328.5	1	9
2	2	891.84	1	9
2	2	776.62	1	9
2	2	697.25	1	9
2	2	997.21	1	9
2	2	660.25	1	9
