302	3	999.38	1	1
302	3	971.81	1	1
302	3	830.61	1	1
302	3	942.05	1	1
302	3	819.15	1	1
302	3	775.49	1	1
302	3	648.29	1	1
302	3	707.87	1	1
302	3	762.79	1	1
302	3	894.15	1	1
302	3	607.28	1	1
302	3	776.72	1	1
302	3	672.75	1	1
302	3	741.26	1	1
302	3	886.45	1	1
302	3	672.48	1	1
302	3	666.67	1	1
302	3	711.12	1	1
302	3	803.01	1	1
302	3	1013.5	1	1
302	3	706.78	1	1
302	3	982.34	1	1
302	3	639.15	1	1
302	3	611.05	1	1
302	3	1108.2	1	1
302	3	568.97	1	1
302	3	674.91	1	1
302	3	920.39	1	1
302	3	951.75	0	1
302	3	934.23	1	1
302	3	1070.2	1	1
302	3	610.5	1	1
302	3	616.4	1	1
302	3	1065.6	1	1
302	3	998.71	0	1
302	3	824.64	1	1
302	3	1585.4	1	1
302	3	608.14	1	1
302	3	1605.5	0	1
302	3	795.1	1	1
302	3	641.18	1	1
302	3	878.62	1	1
302	3	1057.6	1	1
302	3	553.45	1	1
302	3	1006.4	1	1
302	3	1135	1	1
302	3	709.67	1	1
302	3	699.27	1	1
302	3	740.49	1	1
302	3	885.52	1	1
302	3	617.59	1	1
302	3	555.8	1	1
302	3	801.94	1	1
302	3	576.36	1	1
302	3	808.93	1	1
302	3	643.42	1	1
302	3	693.02	1	1
302	3	728.58	1	1
302	3	742.5	1	1
302	3	919.97	1	1
302	3	684.8	1	1
302	3	764.04	1	1
302	3	626.83	1	1
302	3	1094.9	1	1
302	3	690.24	1	1
302	3	721.6	1	1
302	3	788.44	1	1
302	3	646.17	1	1
302	3	692.07	1	1
302	3	567.65	1	1
302	3	625.47	1	1
302	3	672.16	1	1
302	3	892.49	1	1
302	3	792.28	1	1
302	3	726.76	1	1
302	3	610.13	1	1
302	3	778.94	1	1
302	3	755.78	1	1
302	3	1039.6	1	1
302	3	570.68	1	1
302	3	759.99	1	1
302	3	727.15	1	1
302	3	677.55	1	1
302	3	1203	1	1
302	3	775.72	1	1
302	3	692.04	1	1
302	3	666.78	1	1
302	3	789.19	1	1
302	3	1630.8	1	1
302	3	1090.1	1	1
302	3	830.27	1	1
302	3	566.45	1	1
302	3	751.19	1	1
302	3	1130.3	1	1
302	3	814.99	1	1
302	3	764.19	1	1
302	3	923.85	1	1
302	3	586.01	1	1
302	3	716.72	1	1
302	3	729.67	1	1
302	3	624.78	1	1
302	3	517.82	1	1
302	3	546.2	1	1
302	3	607.35	1	1
302	3	701.94	1	1
302	3	726.71	1	1
302	3	645.42	1	1
302	3	564.73	1	1
302	3	611.38	1	1
302	3	788.53	1	1
302	3	736.17	1	1
302	3	599.44	1	1
302	3	520.64	1	1
302	3	700.64	1	1
302	3	620.83	1	1
302	3	758.31	1	1
302	3	572.06	1	1
302	3	907.52	1	1
302	3	932.9	1	1
302	3	608.05	1	1
302	3	576.97	1	1
302	3	614.47	1	1
302	3	605.99	1	1
302	3	736.69	1	1
302	3	890.13	1	1
302	3	561.01	1	1
302	3	743.43	1	1
302	3	602.15	1	1
302	3	684.11	1	1
302	3	652.92	1	1
302	3	565.23	1	1
302	3	676.63	1	1
302	3	675.88	1	1
302	3	648.9	1	1
302	3	690.41	1	1
302	3	680.82	1	1
302	3	607.2	0	1
302	3	592.77	1	1
302	3	1808.1	0	1
302	3	718.51	1	1
302	3	706.16	1	1
302	3	620.29	1	1
302	3	708.65	1	1
302	3	796.26	1	1
302	3	794.56	1	1
302	3	628.86	1	1
302	3	557.2	1	1
302	3	555.16	1	1
302	3	560.96	1	1
302	3	781.55	1	1
302	3	684.93	1	1
302	3	691.27	1	1
302	3	752.39	1	1
302	3	972.71	1	1
302	3	880.05	1	1
302	3	672.78	1	1
302	3	936.92	1	1
302	3	657.09	1	1
302	3	630.02	1	1
302	3	541.26	1	1
302	3	968.99	1	1
302	3	615.07	1	1
302	3	552.48	1	1
302	3	802.2	1	1
302	3	735.89	1	1
302	3	801.7	1	1
302	3	566.76	1	1
302	3	753.9	1	1
302	3	518.22	1	1
302	3	468.84	1	1
302	3	684.17	1	1
302	3	619.96	1	1
302	3	515.89	0	1
302	3	826.86	1	1
302	3	612.45	1	1
302	3	632.32	1	1
302	3	1099	1	1
302	3	1041.7	1	1
302	3	534.64	1	1
302	3	555.31	1	1
302	3	656.92	1	1
302	3	722.14	1	1
302	3	1113.7	1	1
302	3	467.34	1	1
302	3	522.78	1	1
302	3	845.72	1	1
302	3	880.9	1	1
302	3	703.16	1	1
302	3	483.39	0	1
302	3	764.35	1	1
302	3	541.25	1	1
302	3	694.05	1	1
302	3	675.33	1	1
302	3	717.48	1	1
302	3	781.44	1	1
302	3	547.62	1	1
302	3	552.04	1	1
302	3	669.96	1	1
302	3	635.39	1	1
302	3	968.47	1	1
302	3	656.75	1	1
302	3	925.74	1	1
302	3	936.4	1	1
302	3	661.46	1	1
302	3	595.79	1	1
302	3	623.21	1	1
302	3	757.18	1	1
302	3	626.97	1	1
302	3	589.72	1	1
302	3	505.76	1	1
302	3	842.25	1	1
302	3	640.61	1	1
302	3	1037.2	1	1
302	3	1174.8	1	1
302	3	788.77	1	1
302	3	1024.6	1	1
302	3	652.42	1	1
302	3	661.57	1	1
302	3	630.06	1	1
302	3	648.08	1	1
302	3	801.78	1	1
302	3	582.68	1	1
302	3	697.07	1	1
302	3	1126	1	1
302	3	825.96	1	1
302	3	783.89	1	1
302	3	1159.1	1	1
302	3	1068.9	1	1
302	3	983.81	1	1
302	3	1048	1	1
302	3	1150.2	1	1
302	3	1054.1	1	1
302	3	905.99	1	1
302	3	706.1	1	1
302	3	952.34	1	1
302	3	828.88	1	1
302	3	648.05	1	1
302	3	735.84	1	1
302	3	865.6	1	1
302	3	683.49	1	1
302	3	717.6	1	1
302	3	625.77	1	1
302	3	791.99	1	1
302	3	927.02	1	1
302	3	962.5	1	1
302	3	1041.2	1	1
302	3	774.41	1	1
302	3	1132.3	1	1
302	3	973.19	0	1
302	3	739.11	1	1
302	3	784.85	1	1
302	3	755.1	1	1
302	3	697.56	1	1
302	3	1132	1	1
302	3	797.98	1	1
302	3	653.69	1	1
302	3	909.32	1	1
302	3	836.04	1	1
302	3	713.6	1	1
302	3	638.47	1	1
302	3	716.43	1	1
302	3	1058.9	1	1
302	3	728.18	1	1
302	3	633.4	1	1
302	3	844.19	1	1
302	3	970.13	1	1
302	3	1045.6	1	1
302	3	745.53	1	1
302	3	617.53	1	1
302	3	604.16	1	1
302	3	1792.1	1	1
302	3	723.79	1	1
302	3	729.51	1	1
302	3	1147.2	1	1
302	3	1002.6	1	1
302	3	1191	1	1
302	3	918.18	1	1
302	3	732.48	1	1
302	3	722.42	1	1
302	3	908.3	1	1
302	3	758.7	1	1
302	3	666.88	1	1
302	3	899.25	1	1
302	3	972.22	1	1
302	3	720.5	1	1
302	3	774.93	1	1
302	3	731.82	1	1
302	3	1074.7	1	1
302	3	850.79	1	1
302	3	1022.1	1	1
302	3	805.89	1	1
302	3	1374.8	1	1
302	3	1709.4	1	1
302	3	856.39	1	1
302	3	737.46	1	1
302	3	948.22	1	1
302	3	861	1	1
302	3	1103	1	1
302	3	567.21	1	1
302	3	652.89	1	1
302	3	1284.2	1	1
302	3	888.42	1	1
302	3	950.53	1	1
302	3	1037.2	1	1
302	3	929.75	1	1
302	3	1022	1	1
302	3	709.76	1	1
302	3	1044	1	1
302	3	1661	1	1
302	3	915.58	1	1
302	3	920.31	1	1
302	3	703.08	1	1
302	3	946.97	1	1
302	3	1385.8	0	1
302	3	1093.6	1	1
302	3	825.23	1	1
302	3	646.28	1	1
302	3	842.91	1	1
302	3	668.37	1	1
302	3	620.53	1	1
302	3	1040.1	1	1
302	3	571.09	1	1
302	3	922.06	1	1
302	3	953.57	1	1
302	3	935.69	1	1
302	3	976.84	1	1
302	3	1124.6	1	1
302	3	1895.3	1	1
302	3	1007.7	1	1
302	3	1137.9	1	1
302	3	972.15	1	1
302	3	1073.3	1	1
302	3	1606.4	1	1
302	3	796.6	1	1
302	3	1286.3	0	1
302	3	961.66	1	1
302	3	683.85	1	1
302	3	1012.9	1	1
302	3	916.22	1	1
302	3	874.65	1	1
302	3	1283.2	1	1
302	3	744.43	1	1
302	3	952.01	1	1
302	3	892.66	1	1
302	3	625.94	1	1
302	3	979.78	1	1
302	3	683.56	1	1
302	3	896.25	1	1
302	3	1512.4	1	1
302	3	910.25	1	1
302	3	1051.7	0	2
302	3	811.91	1	2
302	3	2243.1	1	2
302	3	905.59	1	2
302	3	783.6	1	2
302	3	784.27	1	2
302	3	1038.4	0	2
302	3	1364.2	1	2
302	3	1154.1	1	2
302	3	1103.9	0	2
302	3	929.15	1	2
302	3	1061.3	1	2
302	3	820.44	1	2
302	3	1063.2	1	2
302	3	1460.4	1	2
302	3	958.54	0	2
302	3	704.73	1	2
302	3	916.55	1	2
302	3	1414.3	1	2
302	3	1106.4	1	2
302	3	1200.6	1	2
302	3	921.25	1	2
302	3	853.73	1	2
302	3	759.38	1	2
302	3	724.03	1	2
302	3	693.08	1	2
302	3	713.75	1	2
302	3	788.89	1	2
302	3	1007.3	1	2
302	3	1245.4	0	2
302	3	1195.3	1	2
302	3	628.03	1	2
302	3	1979.3	0	2
302	3	714.79	1	2
302	3	807.7	1	2
302	3	648.27	1	2
302	3	567.56	1	2
302	3	719.23	0	2
302	3	857.44	1	2
302	3	1171.3	1	2
302	3	661.9	1	2
302	3	815.29	1	2
302	3	946.56	0	2
302	3	910.02	1	2
302	3	650.56	1	2
302	3	1030.9	1	2
302	3	1118.1	0	2
302	3	649.4	0	2
302	3	716.29	1	2
302	3	750.39	1	2
302	3	1092.2	0	2
302	3	779.64	1	2
302	3	760.57	1	2
302	3	536.04	1	2
302	3	1061.1	0	2
302	3	613.86	1	2
302	3	822.65	1	2
302	3	646.66	1	2
302	3	498.01	1	2
302	3	1116.2	1	2
302	3	654.15	1	2
302	3	884.32	0	2
302	3	1134.2	1	2
302	3	868.92	0	2
302	3	896.87	1	2
302	3	1038.7	0	2
302	3	778.72	1	2
302	3	1197.8	0	2
302	3	810.6	1	2
302	3	1304.7	0	2
302	3	1628.8	0	2
302	3	724.53	1	2
302	3	747.28	1	2
302	3	942.33	1	2
302	3	947.93	0	2
302	3	791.07	1	2
302	3	851.06	1	2
302	3	1084.6	1	2
302	3	893.77	1	2
302	3	1485.7	0	2
302	3	753.16	1	2
302	3	746.67	1	2
302	3	923.4	1	2
302	3	689.39	1	2
302	3	854.87	1	2
302	3	1112.7	1	2
302	3	620.5	1	2
302	3	777.71	1	2
302	3	898.77	1	2
302	3	1133.8	1	2
302	3	812.23	1	2
302	3	762.57	1	2
302	3	1142.2	0	2
302	3	1104.5	1	2
302	3	911.82	1	2
302	3	1525.5	1	2
302	3	758.76	1	2
302	3	1261.4	0	2
302	3	993.37	1	2
302	3	853.55	1	2
302	3	809.53	1	2
302	3	757.25	1	2
302	3	688.39	1	2
302	3	516.12	1	2
302	3	662.14	0	2
302	3	688.48	1	2
302	3	659.05	1	2
302	3	838.33	1	2
302	3	702.88	1	2
302	3	933.96	1	2
302	3	669.19	1	2
302	3	843.66	1	2
302	3	816.86	1	2
302	3	669.52	1	2
302	3	845.07	0	2
302	3	828.02	1	2
302	3	832.65	1	2
302	3	986.09	0	2
302	3	690.48	1	2
302	3	1002.6	1	2
302	3	723.03	1	2
302	3	701.37	1	2
302	3	559.49	1	2
302	3	842.13	0	2
302	3	733.56	1	2
302	3	832.89	1	2
302	3	759.43	0	2
302	3	912.22	1	2
302	3	817.53	0	2
302	3	975.17	1	2
302	3	818.27	1	2
302	3	825.4	1	2
302	3	701.17	1	2
302	3	557.92	1	2
302	3	639.05	1	2
302	3	840.39	1	2
302	3	547.94	1	2
302	3	770.88	0	2
302	3	1075	0	2
302	3	1194.5	0	2
302	3	653.7	1	2
302	3	669.39	1	2
302	3	944.06	1	2
302	3	882.41	1	2
302	3	899.92	1	2
302	3	561.76	0	2
302	3	787.71	1	2
302	3	747.63	1	2
302	3	906.33	1	2
302	3	799.56	1	2
302	3	823.46	1	2
302	3	841.65	1	2
302	3	700.28	1	2
302	3	746.24	1	2
302	3	772.92	0	2
302	3	746.43	0	2
302	3	803.3	1	2
302	3	1297.3	1	2
302	3	2131.4	0	2
302	3	511.56	0	2
302	3	766.39	1	2
302	3	632.28	1	2
302	3	1040.8	1	2
302	3	679.72	0	2
302	3	768.93	1	2
302	3	770.69	1	2
302	3	703.31	1	2
302	3	889.5	1	2
302	3	1580	1	2
302	3	521.9	1	2
302	3	611.6	1	2
302	3	686.02	1	2
302	3	846.35	1	2
302	3	814.08	1	2
302	3	832.59	1	2
302	3	681.28	1	2
302	3	986.96	1	2
302	3	932.04	1	2
302	3	679.31	1	2
302	3	806.31	1	2
302	3	869.39	1	2
302	3	795.47	1	2
302	3	703.52	0	2
302	3	584.84	1	2
302	3	902.1	0	2
302	3	612.63	1	2
302	3	715.41	1	2
302	3	1055.3	1	2
302	3	773.68	1	2
302	3	779.14	1	2
302	3	1726.5	1	2
302	3	652.06	1	2
302	3	725.27	1	2
302	3	870.67	1	2
302	3	619.6	1	2
302	3	752.47	1	2
302	3	969.89	1	2
302	3	1176	1	2
302	3	789.95	1	2
302	3	710.06	1	2
302	3	687.74	1	2
302	3	1041.2	0	2
302	3	714.05	1	2
302	3	690.81	1	2
302	3	858.21	1	2
302	3	597.25	1	2
302	3	592.11	1	2
302	3	692.79	1	2
302	3	548.37	1	2
302	3	932.68	1	2
302	3	1143.8	1	2
302	3	621.65	1	2
302	3	725.6	1	2
302	3	805.08	1	2
302	3	662.45	1	2
302	3	903.67	1	2
302	3	639.26	1	2
302	3	553.49	1	2
302	3	714.22	1	2
302	3	753.44	1	2
302	3	1063.3	1	2
302	3	1070.3	1	2
302	3	1448.8	1	2
302	3	561.59	0	2
302	3	1150.4	1	2
302	3	1082.7	1	2
302	3	1678.6	1	2
302	3	1191.6	0	2
302	3	1251.7	1	2
302	3	1240.5	1	2
302	3	891.42	1	2
302	3	591.93	1	2
302	3	757.83	1	2
302	3	732.2	1	2
302	3	578.05	1	2
302	3	609.34	1	2
302	3	604.06	1	2
302	3	1027.5	1	2
302	3	709.37	1	2
302	3	627.51	0	2
302	3	1459.5	1	2
302	3	729.05	1	2
302	3	878.14	1	2
302	3	690.39	1	2
302	3	612.62	1	2
302	3	833.53	0	2
302	3	889.82	1	2
302	3	1182.4	1	2
302	3	906.47	1	2
302	3	688.05	1	2
302	3	1116	1	2
302	3	896.55	1	2
302	3	1003.8	1	2
302	3	1444.2	1	2
302	3	922.16	0	2
302	3	760.01	1	2
302	3	1517.7	0	2
302	3	585.84	1	2
302	3	551.75	1	2
302	3	755.66	1	2
302	3	817.75	1	2
302	3	884.95	1	2
302	3	1426.6	1	2
302	3	981.77	1	2
302	3	1522.9	1	2
302	3	953.48	1	2
302	3	1396.4	1	2
302	3	1126.4	1	2
302	3	1990	1	2
302	3	1368.7	1	2
302	3	1265.9	1	2
302	3	1319.2	1	2
302	3	1541.3	1	2
302	3	1291.1	1	2
302	3	1313.2	1	2
302	3	1230.8	1	2
302	3	816.09	1	2
302	3	902.93	1	2
302	3	794.8	1	2
302	3	1228.9	1	2
302	3	816.81	1	2
302	3	787.07	1	2
302	3	1262.3	1	2
302	3	1289.1	1	2
302	3	1589.6	1	2
302	3	908.69	1	2
302	3	1045.2	1	2
302	3	877.56	1	2
302	3	1276.8	1	2
302	3	1032.4	1	2
302	3	822.54	0	2
302	3	1730.9	1	2
302	3	1148.7	1	2
302	3	1578.4	1	2
302	3	859.67	1	2
302	3	1574.6	1	2
302	3	858.87	1	2
302	3	1393.8	1	2
302	3	1473.8	1	2
302	3	862.23	1	2
302	3	1496.7	1	2
302	3	1170.5	1	2
302	3	804.4	1	2
302	3	1781.3	1	2
302	3	593.46	0	2
302	3	925.11	1	2
302	3	1161.6	1	2
302	3	1079.6	1	2
302	3	909.63	1	2
302	3	1540.3	1	2
302	3	917.16	1	2
302	3	880.05	1	2
302	3	780.73	1	2
302	3	1008.4	1	2
302	3	1941.9	1	2
302	3	760.79	1	2
302	3	707.75	1	2
302	3	597.98	1	2
302	3	1098	1	2
302	3	949.66	1	2
302	3	720.7	1	2
302	3	867.29	1	2
302	3	1020.7	1	2
302	3	1542.3	1	2
302	3	1152.5	1	2
302	3	1001	1	2
302	3	1036.1	1	2
302	3	1728.8	0	2
302	3	1923.2	1	2
302	3	921.79	1	2
302	3	930.2	1	2
302	3	1358	1	2
302	3	696.61	1	2
302	3	933.91	1	2
302	3	2195.2	1	2
302	3	828.54	1	2
302	3	916.99	1	2
302	3	1202.6	1	2
302	3	1362	1	2
302	3	1111.1	1	2
302	3	933.89	0	2
302	3	1105.1	1	2
302	3	742.93	1	2
302	3	896.05	1	2
302	3	800.15	1	2
302	3	1509.2	1	2
302	3	778.37	1	2
302	3	778.8	1	2
302	3	1129.9	1	2
302	3	825.29	1	2
302	3	1151.8	1	3
302	3	705.64	1	3
302	3	807.58	1	3
302	3	945.77	1	3
302	3	931.95	1	3
302	3	593.94	1	3
302	3	651.09	1	3
302	3	1851.7	0	3
302	3	732.79	1	3
302	3	1082.7	1	3
302	3	915.21	1	3
302	3	1772.6	0	3
302	3	697.49	1	3
302	3	871.03	1	3
302	3	657.7	1	3
302	3	691.37	1	3
302	3	1153.3	1	3
302	3	778.9	1	3
302	3	567.72	0	3
302	3	728.44	1	3
302	3	976.27	1	3
302	3	578.95	1	3
302	3	636.31	1	3
302	3	715.67	1	3
302	3	628.59	1	3
302	3	606.59	1	3
302	3	631.52	1	3
302	3	1138.2	1	3
302	3	511.9	1	3
302	3	979.94	1	3
302	3	684.25	1	3
302	3	815.36	1	3
302	3	700.54	1	3
302	3	747.72	1	3
302	3	826.03	1	3
302	3	944.38	1	3
302	3	960.08	1	3
302	3	608.2	1	3
302	3	745.46	1	3
302	3	674.9	1	3
302	3	869.34	1	3
302	3	596.04	1	3
302	3	823.63	1	3
302	3	1011	1	3
302	3	659.98	1	3
302	3	1388.3	1	3
302	3	1003.9	1	3
302	3	1001.7	1	3
302	3	973.16	1	3
302	3	841.21	1	3
302	3	653.49	1	3
302	3	589.48	1	3
302	3	675.34	1	3
302	3	558.17	1	3
302	3	746.92	1	3
302	3	609.15	1	3
302	3	715.54	1	3
302	3	661.22	1	3
302	3	547.75	1	3
302	3	564.95	1	3
302	3	646.41	1	3
302	3	764.33	1	3
302	3	684.18	1	3
302	3	855.95	1	3
302	3	676.68	0	3
302	3	757.6	1	3
302	3	631.66	1	3
302	3	574.31	1	3
302	3	756.31	1	3
302	3	686.55	1	3
302	3	753.89	0	3
302	3	708.33	1	3
302	3	638.37	1	3
302	3	716.73	1	3
302	3	1115.6	1	3
302	3	691.15	1	3
302	3	682.54	1	3
302	3	758.98	1	3
302	3	1318	1	3
302	3	712.12	1	3
302	3	590.17	1	3
302	3	587.99	1	3
302	3	727.82	1	3
302	3	671.86	1	3
302	3	645.5	1	3
302	3	773.73	1	3
302	3	560.86	1	3
302	3	1590.7	1	3
302	3	665.25	1	3
302	3	1463.2	1	3
302	3	829.56	1	3
302	3	954.4	1	3
302	3	814.11	1	3
302	3	865.34	1	3
302	3	647.27	1	3
302	3	947.66	1	3
302	3	750.37	1	3
302	3	600.59	1	3
302	3	735.46	1	3
302	3	842.38	1	3
302	3	580.89	1	3
302	3	684.32	1	3
302	3	714.14	1	3
302	3	791.89	1	3
302	3	687.08	1	3
302	3	683.85	1	3
302	3	613.95	1	3
302	3	610.91	1	3
302	3	668.05	1	3
302	3	622.37	1	3
302	3	671.71	1	3
302	3	833.7	1	3
302	3	775.65	1	3
302	3	591.38	1	3
302	3	944.65	0	3
302	3	1204.4	1	3
302	3	560.07	1	3
302	3	1078.7	0	3
302	3	594.01	1	3
302	3	1034	1	3
302	3	1036.5	1	3
302	3	622.73	1	3
302	3	653.36	1	3
302	3	815.47	1	3
302	3	1203.3	1	3
302	3	844.73	1	3
302	3	772.45	1	3
302	3	686.46	1	3
302	3	648.8	1	3
302	3	1029.9	1	3
302	3	795.95	1	3
302	3	600.24	1	3
302	3	637.55	1	3
302	3	788.15	1	3
302	3	1104.7	1	3
302	3	931.95	0	3
302	3	569.7	1	3
302	3	1056.8	1	3
302	3	647.09	1	3
302	3	725.14	1	3
302	3	785.75	1	3
302	3	1473.1	1	3
302	3	1348.3	0	3
302	3	1141.6	1	3
302	3	1192	1	3
302	3	1088.6	1	3
302	3	855.03	0	3
302	3	648.45	1	3
302	3	614.07	1	3
302	3	924	1	3
302	3	918.42	1	3
302	3	910.81	1	3
302	3	588.03	1	3
302	3	683.54	1	3
302	3	977.29	1	3
302	3	809.87	1	3
302	3	634.42	1	3
302	3	778.98	1	3
302	3	1163.6	1	3
302	3	678.78	1	3
302	3	633.82	1	3
302	3	904.03	0	3
302	3	819.74	1	3
302	3	967.47	1	3
302	3	1078.9	1	3
302	3	531.88	1	3
302	3	1548.9	0	3
302	3	618.68	1	3
302	3	683.91	1	3
302	3	595.44	1	3
302	3	735.82	1	3
302	3	720.47	1	3
302	3	688.86	0	3
302	3	688.76	1	3
302	3	666.29	1	3
302	3	655.88	1	3
302	3	968.3	0	3
302	3	901.81	1	3
302	3	580.53	1	3
302	3	609.5	1	3
302	3	664.95	1	3
302	3	598.43	1	3
302	3	898.61	1	3
302	3	1159.3	1	3
302	3	937.09	1	3
302	3	669.51	1	3
302	3	954.72	1	3
302	3	541.42	1	3
302	3	1134.6	1	3
302	3	613.7	1	3
302	3	1284.8	0	3
302	3	1036.2	1	3
302	3	599.68	1	3
302	3	599.37	1	3
302	3	932.95	1	3
302	3	1212.3	1	3
302	3	1062.9	1	3
302	3	587.67	1	3
302	3	600.83	1	3
302	3	860.27	1	3
302	3	998.45	1	3
302	3	544.9	1	3
302	3	810.81	1	3
302	3	700.14	1	3
302	3	823.11	1	3
302	3	740.38	1	3
302	3	1355.9	1	3
302	3	527.95	1	3
302	3	949.23	1	3
302	3	667.07	1	3
302	3	718.72	1	3
302	3	860.22	1	3
302	3	585.85	1	3
302	3	1172.6	1	3
302	3	947.67	1	3
302	3	1163.1	1	3
302	3	612.99	1	3
302	3	743.81	1	3
302	3	658.18	1	3
302	3	625.87	1	3
302	3	553.36	1	3
302	3	1190.1	1	3
302	3	735.56	1	3
302	3	753.86	1	3
302	3	688.63	1	3
302	3	1178.8	1	3
302	3	756.7	1	3
302	3	1059.6	1	3
302	3	828.8	1	3
302	3	782.47	1	3
302	3	627.23	0	3
302	3	869.46	1	3
302	3	1834	1	3
302	3	756.56	1	3
302	3	661.72	1	3
302	3	820.43	1	3
302	3	767.04	1	3
302	3	679.26	1	3
302	3	985.43	1	3
302	3	1240.1	1	3
302	3	641.48	0	3
302	3	1483.8	0	3
302	3	1643.1	1	3
302	3	1577.7	1	3
302	3	757.64	1	3
302	3	1052.9	1	3
302	3	790.73	1	3
302	3	1005	1	3
302	3	1407.1	0	3
302	3	716.59	1	3
302	3	942.91	1	3
302	3	704.91	1	3
302	3	1152.2	1	3
302	3	1606	1	3
302	3	1230.3	1	3
302	3	685.98	1	3
302	3	1406.5	1	3
302	3	980.04	1	3
302	3	772.14	1	3
302	3	829.07	1	3
302	3	1127.9	1	3
302	3	894.93	1	3
302	3	1505.9	1	3
302	3	1085.7	1	3
302	3	1490.7	1	3
302	3	724.42	1	3
302	3	634.98	1	3
302	3	767.6	1	3
302	3	1616.7	1	3
302	3	721.93	1	3
302	3	970.12	1	3
302	3	1485.1	1	3
302	3	1030.3	1	3
302	3	1565.4	1	3
302	3	1153.3	1	3
302	3	1354.3	1	3
302	3	593.52	1	3
302	3	769.4	1	3
302	3	780.29	1	3
302	3	1274	1	3
302	3	1592.1	1	3
302	3	856.7	1	3
302	3	779.99	1	3
302	3	852.14	1	3
302	3	1402.6	1	3
302	3	813.95	1	3
302	3	897.26	1	3
302	3	883.3	1	3
302	3	850.25	1	3
302	3	765.79	1	3
302	3	1084.1	1	3
302	3	1281.4	1	3
302	3	1449	1	3
302	3	1068.4	1	3
302	3	1038.9	1	3
302	3	902.85	1	3
302	3	2200.8	1	3
302	3	1460	1	3
302	3	643.35	1	3
302	3	935.05	1	3
302	3	1284	1	3
302	3	1263.3	1	3
302	3	1314.5	1	3
302	3	1046.1	1	3
302	3	1324.3	1	3
302	3	1941.2	1	3
302	3	864.46	1	3
302	3	888.78	1	3
302	3	981.65	1	3
302	3	1517.7	1	3
302	3	1359.5	1	3
302	3	810.89	1	3
302	3	689.48	1	3
302	3	769.52	1	3
302	3	798.39	1	3
302	3	1161.3	1	3
302	3	648.95	1	3
302	3	1144.1	1	3
302	3	2055.8	1	3
302	3	643.8	1	3
302	3	683.99	1	3
302	3	879.7	0	3
302	3	1125.9	1	3
302	3	943.97	1	3
302	3	1422.9	1	3
302	3	1128	1	3
302	3	828.01	1	3
302	3	1015.8	1	3
302	3	963.85	1	3
302	3	1497.4	1	3
302	3	1041.2	1	3
302	3	1038.2	1	3
302	3	973.28	1	3
302	3	1222.7	1	3
302	3	1733.2	1	3
302	3	1472.6	1	3
302	3	543.46	1	3
302	3	692.36	1	3
302	3	1410.2	1	3
302	3	1561.7	1	3
302	3	711.9	1	3
302	3	1406.2	1	3
302	3	1222.9	1	3
302	3	993.73	1	3
302	3	1726.4	1	3
302	3	829.9	1	3
302	3	929.69	1	3
302	3	727.36	1	3
302	3	1138.9	1	3
302	3	1587.1	1	3
302	3	1633.8	1	4
302	3	1309.2	0	4
302	3	893.28	0	4
302	3	887.48	1	4
302	3	675.38	1	4
302	3	764.83	1	4
302	3	1137.9	0	4
302	3	1236.2	1	4
302	3	1068.7	1	4
302	3	1486.7	0	4
302	3	896.54	1	4
302	3	891.71	0	4
302	3	924.94	1	4
302	3	1181.3	0	4
302	3	1057.7	0	4
302	3	946.59	1	4
302	3	1434	1	4
302	3	1122.3	1	4
302	3	721.69	1	4
302	3	1194.7	0	4
302	3	890.68	1	4
302	3	781.76	1	4
302	3	932.66	1	4
302	3	1227.4	1	4
302	3	690.97	1	4
302	3	660.43	0	4
302	3	887.91	1	4
302	3	1339.2	1	4
302	3	856.24	1	4
302	3	1366	1	4
302	3	703.94	1	4
302	3	1135.6	1	4
302	3	642.55	1	4
302	3	1479.5	0	4
302	3	1084.3	1	4
302	3	883.28	1	4
302	3	1381.6	1	4
302	3	1010.6	1	4
302	3	783.65	1	4
302	3	901.17	1	4
302	3	1125.9	1	4
302	3	777.82	1	4
302	3	713.41	1	4
302	3	980.67	0	4
302	3	1125.2	0	4
302	3	1163.7	1	4
302	3	771.89	1	4
302	3	1063.8	1	4
302	3	1008.8	1	4
302	3	1195.5	1	4
302	3	938.73	1	4
302	3	979.37	1	4
302	3	1033.2	1	4
302	3	806.62	1	4
302	3	581.6	1	4
302	3	938.86	1	4
302	3	758.89	1	4
302	3	638.53	1	4
302	3	680.91	1	4
302	3	1100.5	0	4
302	3	680.18	1	4
302	3	813.61	1	4
302	3	1093.2	0	4
302	3	1105.4	1	4
302	3	752.53	0	4
302	3	825.8	1	4
302	3	971.38	1	4
302	3	1275.8	1	4
302	3	810.7	1	4
302	3	595.57	1	4
302	3	870.15	1	4
302	3	905.7	1	4
302	3	1057.1	1	4
302	3	901.15	1	4
302	3	823.79	1	4
302	3	883.91	1	4
302	3	864.04	1	4
302	3	1131.8	1	4
302	3	1451.5	0	4
302	3	695.82	1	4
302	3	796.85	1	4
302	3	1278.9	1	4
302	3	734.34	1	4
302	3	692.31	1	4
302	3	985.81	1	4
302	3	935.51	1	4
302	3	1271	0	4
302	3	587.46	0	4
302	3	970.2	1	4
302	3	826.26	1	4
302	3	744.06	1	4
302	3	1519.6	0	4
302	3	1214.4	1	4
302	3	792.88	1	4
302	3	863.78	1	4
302	3	746.82	1	4
302	3	1496	0	4
302	3	1018.8	1	4
302	3	693.59	1	4
302	3	1469.5	1	4
302	3	629.66	1	4
302	3	748.04	1	4
302	3	650.08	1	4
302	3	788.19	1	4
302	3	565.66	0	4
302	3	626.52	1	4
302	3	753.93	1	4
302	3	865.94	1	4
302	3	618.95	1	4
302	3	960.3	1	4
302	3	659.65	1	4
302	3	740.38	0	4
302	3	688.15	1	4
302	3	631.42	1	4
302	3	696.49	0	4
302	3	1198.4	0	4
302	3	1032.7	1	4
302	3	721.86	0	4
302	3	666.81	1	4
302	3	987.07	1	4
302	3	1025.2	1	4
302	3	1073.8	1	4
302	3	690.77	1	4
302	3	728.13	0	4
302	3	1017.7	1	4
302	3	1016.2	1	4
302	3	778.52	1	4
302	3	786.77	1	4
302	3	1063	1	4
302	3	868.35	1	4
302	3	739.77	1	4
302	3	1149	0	4
302	3	707.78	1	4
302	3	661.06	1	4
302	3	672.66	1	4
302	3	571.4	1	4
302	3	930.87	0	4
302	3	984	1	4
302	3	1149.9	1	4
302	3	670.15	1	4
302	3	1243.6	1	4
302	3	984.33	1	4
302	3	1364.6	1	4
302	3	798.49	1	4
302	3	1278.8	1	4
302	3	1198.9	1	4
302	3	712.58	0	4
302	3	919.27	1	4
302	3	646.22	1	4
302	3	950.15	1	4
302	3	922.94	1	4
302	3	568.08	1	4
302	3	905.57	1	4
302	3	925.32	1	4
302	3	742.18	1	4
302	3	855.42	1	4
302	3	954.11	1	4
302	3	892.36	1	4
302	3	842.79	1	4
302	3	992.55	1	4
302	3	767.66	1	4
302	3	849.73	0	4
302	3	728.26	1	4
302	3	551.3	1	4
302	3	1019.7	1	4
302	3	559.02	0	4
302	3	791.12	1	4
302	3	820.07	1	4
302	3	585.82	1	4
302	3	585.08	1	4
302	3	869.36	1	4
302	3	892.44	1	4
302	3	1362.6	0	4
302	3	950.98	1	4
302	3	673.45	1	4
302	3	850.26	1	4
302	3	635.75	0	4
302	3	790.16	1	4
302	3	833.29	1	4
302	3	651.97	0	4
302	3	895.17	0	4
302	3	956.28	1	4
302	3	598.44	1	4
302	3	959.95	0	4
302	3	883.3	1	4
302	3	754.79	1	4
302	3	772.23	0	4
302	3	775.29	1	4
302	3	756.52	1	4
302	3	1266.4	1	4
302	3	590.67	1	4
302	3	800.7	1	4
302	3	737.93	1	4
302	3	646.54	1	4
302	3	589.57	1	4
302	3	800.58	1	4
302	3	800.62	1	4
302	3	921.56	1	4
302	3	1153.4	1	4
302	3	814.21	1	4
302	3	635.94	1	4
302	3	659.12	1	4
302	3	1237.9	1	4
302	3	1036.5	0	4
302	3	987.79	1	4
302	3	710.52	1	4
302	3	1240.1	1	4
302	3	530.97	1	4
302	3	498.15	1	4
302	3	765.95	1	4
302	3	605.44	0	4
302	3	623.98	1	4
302	3	625.5	1	4
302	3	988.46	1	4
302	3	1345.1	1	4
302	3	1554.7	1	4
302	3	835.68	1	4
302	3	945.33	0	4
302	3	808.21	1	4
302	3	507.51	1	4
302	3	569.3	1	4
302	3	693.6	1	4
302	3	1369	0	4
302	3	1240.2	1	4
302	3	1105.6	0	4
302	3	798.17	1	4
302	3	943.76	0	4
302	3	1322.9	1	4
302	3	1516.7	1	4
302	3	788.76	0	4
302	3	1587.2	1	4
302	3	681.52	0	4
302	3	1114.4	1	4
302	3	876.16	0	4
302	3	567.52	1	4
302	3	961.26	1	4
302	3	570.53	0	4
302	3	943.95	1	4
302	3	1047.4	0	4
302	3	886.27	1	4
302	3	1712.6	0	4
302	3	949.34	1	4
302	3	973.79	1	4
302	3	1229.7	0	4
302	3	1033.5	1	4
302	3	1201.9	1	4
302	3	1195.1	0	4
302	3	789.32	1	4
302	3	1325.7	0	4
302	3	1196	1	4
302	3	998.55	1	4
302	3	1054.3	1	4
302	3	1018.1	1	4
302	3	1001	0	4
302	3	729.65	1	4
302	3	884.37	1	4
302	3	774.26	1	4
302	3	978.45	1	4
302	3	1208.2	1	4
302	3	936.74	1	4
302	3	1376.7	1	4
302	3	697.84	1	4
302	3	1095	1	4
302	3	1138.9	1	4
302	3	999.95	1	4
302	3	1316	1	4
302	3	2093.8	1	4
302	3	1432.8	1	4
302	3	1712.7	1	4
302	3	872.64	1	4
302	3	1057.1	1	4
302	3	1901.9	1	4
302	3	1048.1	1	4
302	3	1190.6	1	4
302	3	1417.9	1	4
302	3	1301.8	1	4
302	3	838.4	1	4
302	3	790.97	1	4
302	3	686.51	1	4
302	3	1036.1	1	4
302	3	1063.9	1	4
302	3	1311.6	1	4
302	3	1308.7	1	4
302	3	1160.6	1	4
302	3	1114.9	1	4
302	3	1400.7	0	4
302	3	1898.1	0	4
302	3	1136.1	1	4
302	3	969.53	1	4
302	3	1688.8	1	4
302	3	1038.6	1	4
302	3	914.02	1	4
302	3	1908.6	1	4
302	3	1501.3	0	4
302	3	1420.8	1	4
302	3	1427.3	1	4
302	3	1368.2	1	4
302	3	1171.9	1	4
302	3	697.56	1	4
302	3	726.52	1	4
302	3	1195.5	1	4
302	3	1913.3	1	4
302	3	713.58	1	4
302	3	1110.5	1	4
302	3	1226.8	1	4
302	3	1215.9	1	4
302	3	1217.4	1	4
302	3	765.68	1	4
302	3	1577	1	4
302	3	1766.8	1	4
302	3	1118.4	1	4
302	3	972	1	4
302	3	690.69	1	4
302	3	1485.4	1	4
302	3	1498.2	1	4
302	3	2057.4	1	4
302	3	749.45	1	4
302	3	919.64	1	4
302	3	1043.1	1	4
302	3	808.11	1	4
302	3	984.89	1	4
302	3	1501.7	1	4
302	3	878.1	1	4
302	3	957.87	1	4
302	3	1291.4	1	4
302	3	1055	1	4
302	3	1253.9	1	4
302	3	998.64	1	4
302	3	1377.6	1	4
302	3	866.15	1	4
302	3	1233.2	1	4
302	3	1102.3	1	4
302	3	845.97	1	4
302	3	1883.4	1	4
302	3	2273.3	1	4
302	3	1084.4	1	4
302	3	1707.5	1	4
302	3	1238.1	1	4
302	3	1004.7	1	4
302	3	1293.6	0	4
302	3	1298.6	1	4
302	3	1721.3	1	4
302	3	989.85	1	4
302	3	741.32	0	4
302	3	2088.3	1	4
302	3	955.96	1	4
302	3	1117	1	4
302	3	1771.4	1	4
302	3	1223.1	1	4
302	3	881.37	1	5
302	3	1245.3	1	5
302	3	945.96	1	5
302	3	943.23	1	5
302	3	1501.3	1	5
302	3	960.15	1	5
302	3	849.63	1	5
302	3	623.23	1	5
302	3	931.6	1	5
302	3	1128.4	1	5
302	3	1110	1	5
302	3	928.4	1	5
302	3	555.27	1	5
302	3	808.11	1	5
302	3	762.89	1	5
302	3	857.97	1	5
302	3	1301.9	1	5
302	3	837.32	1	5
302	3	893.12	1	5
302	3	608.58	1	5
302	3	1257.8	0	5
302	3	1316	1	5
302	3	982.62	1	5
302	3	969.5	1	5
302	3	713.77	1	5
302	3	1486.8	1	5
302	3	1078.9	1	5
302	3	1208.8	1	5
302	3	812.1	1	5
302	3	907.94	1	5
302	3	912.22	1	5
302	3	833.01	1	5
302	3	874.85	1	5
302	3	782.64	1	5
302	3	993.55	0	5
302	3	794.51	0	5
302	3	931.3	1	5
302	3	994.62	1	5
302	3	888.03	1	5
302	3	947.79	1	5
302	3	921.51	0	5
302	3	1119.1	1	5
302	3	821.08	1	5
302	3	964.67	1	5
302	3	874.66	1	5
302	3	625.44	1	5
302	3	578.6	1	5
302	3	643.76	1	5
302	3	547.43	1	5
302	3	863.85	1	5
302	3	1015.8	1	5
302	3	748.48	1	5
302	3	686.73	0	5
302	3	1040.2	1	5
302	3	937.25	1	5
302	3	564.88	1	5
302	3	757.6	1	5
302	3	696.8	1	5
302	3	1264.1	1	5
302	3	571.31	1	5
302	3	841.74	1	5
302	3	811.86	1	5
302	3	784.99	1	5
302	3	693.43	1	5
302	3	702.44	1	5
302	3	885.97	0	5
302	3	736.09	0	5
302	3	924.65	1	5
302	3	771.41	1	5
302	3	1066.7	1	5
302	3	853.49	1	5
302	3	1538.1	1	5
302	3	855.21	1	5
302	3	1110.8	1	5
302	3	870.69	1	5
302	3	1207.3	1	5
302	3	924.02	1	5
302	3	817.58	1	5
302	3	846.3	1	5
302	3	762.82	1	5
302	3	660.76	1	5
302	3	1105.3	1	5
302	3	860.53	0	5
302	3	848.43	1	5
302	3	895.3	1	5
302	3	649.2	0	5
302	3	1005.1	1	5
302	3	843.91	1	5
302	3	1256.9	1	5
302	3	857.04	1	5
302	3	943.84	1	5
302	3	812.43	1	5
302	3	916.66	1	5
302	3	929.53	1	5
302	3	1590.8	1	5
302	3	875.26	1	5
302	3	1084.3	1	5
302	3	721.11	1	5
302	3	805.88	1	5
302	3	630.48	1	5
302	3	749.02	1	5
302	3	615.35	1	5
302	3	843.35	1	5
302	3	828.45	1	5
302	3	749.39	1	5
302	3	534.02	1	5
302	3	526.48	1	5
302	3	834.9	1	5
302	3	556.58	1	5
302	3	777.57	1	5
302	3	1110.2	1	5
302	3	934.64	1	5
302	3	543.33	1	5
302	3	622.35	1	5
302	3	731.93	0	5
302	3	946.55	1	5
302	3	1022.5	1	5
302	3	701.26	1	5
302	3	631.23	1	5
302	3	657.94	0	5
302	3	710.24	0	5
302	3	926.16	1	5
302	3	661.56	1	5
302	3	874.76	1	5
302	3	1139.9	0	5
302	3	1379.3	1	5
302	3	941.94	1	5
302	3	946.63	1	5
302	3	730.55	1	5
302	3	761.43	1	5
302	3	887.02	1	5
302	3	623.48	1	5
302	3	647.49	1	5
302	3	765.42	1	5
302	3	643.7	1	5
302	3	821.16	1	5
302	3	903.04	1	5
302	3	996.51	1	5
302	3	1013.5	1	5
302	3	748.19	1	5
302	3	966.71	1	5
302	3	929.61	1	5
302	3	1049	1	5
302	3	993.38	1	5
302	3	1008.4	1	5
302	3	783.44	1	5
302	3	1430.1	1	5
302	3	652.65	1	5
302	3	612.62	1	5
302	3	1535.6	1	5
302	3	719.45	1	5
302	3	644.87	1	5
302	3	908.16	1	5
302	3	737.01	1	5
302	3	825.13	1	5
302	3	577.01	1	5
302	3	737.64	1	5
302	3	626.78	1	5
302	3	925.45	0	5
302	3	1006.7	0	5
302	3	1046.4	1	5
302	3	486.83	1	5
302	3	670.95	1	5
302	3	734.37	1	5
302	3	763.64	1	5
302	3	1035.8	1	5
302	3	959.92	1	5
302	3	663.27	1	5
302	3	659.2	1	5
302	3	498.62	0	5
302	3	647.58	1	5
302	3	1112.8	1	5
302	3	698.65	1	5
302	3	630.94	1	5
302	3	775.15	1	5
302	3	636.2	1	5
302	3	824.26	1	5
302	3	864.38	1	5
302	3	1225.9	1	5
302	3	585.65	1	5
302	3	797.19	1	5
302	3	624.7	1	5
302	3	879.94	1	5
302	3	551.72	1	5
302	3	749.77	1	5
302	3	608.36	0	5
302	3	804.09	1	5
302	3	811.61	1	5
302	3	1133.7	1	5
302	3	570.54	1	5
302	3	895.9	1	5
302	3	1153	0	5
302	3	620.51	0	5
302	3	595.25	0	5
302	3	883.2	1	5
302	3	902.57	0	5
302	3	794.11	1	5
302	3	947.44	0	5
302	3	2277.2	1	5
302	3	1093.5	1	5
302	3	644.44	1	5
302	3	648.36	1	5
302	3	727.23	1	5
302	3	759.44	1	5
302	3	764.05	1	5
302	3	855.52	1	5
302	3	604.38	1	5
302	3	626.38	0	5
302	3	592.86	1	5
302	3	572	1	5
302	3	809.35	0	5
302	3	693.13	1	5
302	3	911.97	1	5
302	3	1092.4	1	5
302	3	1114.8	1	5
302	3	819.59	1	5
302	3	906.05	1	5
302	3	632.21	1	5
302	3	603.37	1	5
302	3	684.13	1	5
302	3	899.44	1	5
302	3	887.15	1	5
302	3	903.68	1	5
302	3	795.02	1	5
302	3	674.01	1	5
302	3	1136.6	1	5
302	3	1082.4	1	5
302	3	760.12	1	5
302	3	809.19	1	5
302	3	908.96	1	5
302	3	619.88	0	5
302	3	1032.7	1	5
302	3	903.53	1	5
302	3	816.15	1	5
302	3	1222.5	1	5
302	3	689.29	1	5
302	3	903.58	1	5
302	3	965.27	1	5
302	3	730.82	1	5
302	3	725.15	1	5
302	3	638.67	1	5
302	3	875.76	1	5
302	3	1363.3	1	5
302	3	959.9	1	5
302	3	768.99	1	5
302	3	858.92	1	5
302	3	626.86	1	5
302	3	596.1	1	5
302	3	692.4	1	5
302	3	813.67	1	5
302	3	933.07	1	5
302	3	589.86	1	5
302	3	875.88	1	5
302	3	717.79	1	5
302	3	874.57	1	5
302	3	858.75	1	5
302	3	785.41	1	5
302	3	732.49	1	5
302	3	1081.4	1	5
302	3	1539.1	1	5
302	3	899.28	1	5
302	3	754.34	1	5
302	3	672.32	1	5
302	3	606.49	1	5
302	3	617.42	1	5
302	3	771.02	1	5
302	3	808.24	1	5
302	3	1406.2	1	5
302	3	854.95	1	5
302	3	907.99	1	5
302	3	905.09	1	5
302	3	2252.6	1	5
302	3	1561.1	1	5
302	3	1243.1	1	5
302	3	1277.9	1	5
302	3	767.18	1	5
302	3	866.41	1	5
302	3	1406.9	1	5
302	3	695.49	1	5
302	3	1469.5	1	5
302	3	707.21	1	5
302	3	843.93	1	5
302	3	770.49	1	5
302	3	1192.9	1	5
302	3	883.44	1	5
302	3	1154.7	0	5
302	3	935.82	1	5
302	3	667.7	1	5
302	3	945	1	5
302	3	885.27	1	5
302	3	983.15	1	5
302	3	746.45	1	5
302	3	730.43	1	5
302	3	794.08	1	5
302	3	808.27	1	5
302	3	769.74	1	5
302	3	615.84	1	5
302	3	702.87	1	5
302	3	582.35	1	5
302	3	813.73	1	5
302	3	888.02	1	5
302	3	1641.7	1	5
302	3	756.38	1	5
302	3	1090.7	1	5
302	3	1003.7	1	5
302	3	598.47	1	5
302	3	1731	1	5
302	3	1053.3	1	5
302	3	771.18	1	5
302	3	685.08	1	5
302	3	626.76	1	5
302	3	768.62	1	5
302	3	947.83	1	5
302	3	984.52	1	5
302	3	706.94	1	5
302	3	1044	0	5
302	3	1427.5	1	5
302	3	792.36	1	5
302	3	797.26	1	5
302	3	609.82	1	5
302	3	654.61	1	5
302	3	788.76	1	5
302	3	1177.8	1	5
302	3	972.45	1	5
302	3	878.62	1	5
302	3	684.53	1	5
302	3	1499.6	1	5
302	3	840.29	1	5
302	3	856.35	1	5
302	3	882.89	1	5
302	3	927.37	1	5
302	3	1453.7	1	5
302	3	832.84	1	5
302	3	1414.5	1	5
302	3	842.99	1	5
302	3	1168.3	1	5
302	3	1863.6	1	5
302	3	772.96	1	5
302	3	698.32	1	5
302	3	869.55	1	5
302	3	1148.4	1	5
302	3	716.23	1	5
302	3	945.35	1	5
302	3	1023	1	5
302	3	1756.7	1	5
302	3	1009	1	5
302	3	684.46	1	5
302	3	656.3	1	5
302	3	1064.3	1	5
302	3	936.6	1	5
302	3	1021.3	1	6
302	3	1448.3	1	6
302	3	1158.7	1	6
302	3	710.12	0	6
302	3	1194.7	1	6
302	3	1092.7	1	6
302	3	1256.8	1	6
302	3	1113.6	1	6
302	3	1217.5	1	6
302	3	952.81	1	6
302	3	1468.3	1	6
302	3	754.36	1	6
302	3	1201.2	1	6
302	3	1201.9	1	6
302	3	950.31	1	6
302	3	1057.7	1	6
302	3	1348.7	1	6
302	3	845.2	1	6
302	3	1153.5	1	6
302	3	875.5	1	6
302	3	1077.5	1	6
302	3	902.94	1	6
302	3	780.62	1	6
302	3	833.63	1	6
302	3	723.79	1	6
302	3	915.72	1	6
302	3	815.81	1	6
302	3	1555.3	1	6
302	3	1027.3	1	6
302	3	1047.8	1	6
302	3	1118.5	1	6
302	3	1073.1	0	6
302	3	1127.9	1	6
302	3	829.19	1	6
302	3	649.92	1	6
302	3	617.92	1	6
302	3	768.69	1	6
302	3	957.92	1	6
302	3	1194.1	0	6
302	3	515.61	1	6
302	3	684.12	1	6
302	3	844.75	1	6
302	3	742.73	1	6
302	3	1014.6	1	6
302	3	1203.7	0	6
302	3	811.34	1	6
302	3	613.35	1	6
302	3	1086.8	1	6
302	3	1334.1	1	6
302	3	933.18	1	6
302	3	809.58	1	6
302	3	693.19	1	6
302	3	1256.2	1	6
302	3	608.29	0	6
302	3	884.51	1	6
302	3	676.74	1	6
302	3	788.55	1	6
302	3	999.33	1	6
302	3	889.39	1	6
302	3	639.69	1	6
302	3	1121.9	0	6
302	3	838.27	1	6
302	3	835.35	1	6
302	3	886.81	1	6
302	3	769.04	1	6
302	3	940.98	1	6
302	3	823.44	1	6
302	3	720.49	1	6
302	3	962.36	1	6
302	3	711.8	1	6
302	3	1244.3	1	6
302	3	699.98	1	6
302	3	927.88	1	6
302	3	1011.4	1	6
302	3	647.5	1	6
302	3	1005.2	1	6
302	3	773.98	1	6
302	3	1621.8	1	6
302	3	1054.5	1	6
302	3	709.7	1	6
302	3	970.65	1	6
302	3	973.96	1	6
302	3	784.35	1	6
302	3	778.64	1	6
302	3	735.93	1	6
302	3	668.04	1	6
302	3	1330.2	1	6
302	3	1037.8	1	6
302	3	1518.2	1	6
302	3	1184.9	1	6
302	3	833.83	1	6
302	3	697.63	1	6
302	3	1065.6	1	6
302	3	715.61	1	6
302	3	1008.8	0	6
302	3	1156.2	1	6
302	3	842	1	6
302	3	897.76	1	6
302	3	977.64	1	6
302	3	767.63	1	6
302	3	859.99	0	6
302	3	817.46	1	6
302	3	582.19	1	6
302	3	771.18	1	6
302	3	917.33	1	6
302	3	647.92	1	6
302	3	721.05	1	6
302	3	913.49	1	6
302	3	778.1	1	6
302	3	618.07	1	6
302	3	778.81	0	6
302	3	610.68	1	6
302	3	716.61	1	6
302	3	1030.1	1	6
302	3	596.72	1	6
302	3	971.44	1	6
302	3	708.54	1	6
302	3	577.79	1	6
302	3	794.2	1	6
302	3	869.5	1	6
302	3	763.06	1	6
302	3	873.55	1	6
302	3	537.87	1	6
302	3	592.29	1	6
302	3	1012	1	6
302	3	868.57	1	6
302	3	723.28	1	6
302	3	676.62	1	6
302	3	1004.3	1	6
302	3	843.36	1	6
302	3	647.7	1	6
302	3	992.8	1	6
302	3	581.97	1	6
302	3	1155	1	6
302	3	673.42	1	6
302	3	643.22	1	6
302	3	1048.5	1	6
302	3	679.5	1	6
302	3	899.64	1	6
302	3	909.89	1	6
302	3	1492.6	1	6
302	3	1126.4	1	6
302	3	610.88	1	6
302	3	632.38	1	6
302	3	709.14	1	6
302	3	994.01	1	6
302	3	940.46	1	6
302	3	858.72	1	6
302	3	756.74	1	6
302	3	703.84	1	6
302	3	584.07	1	6
302	3	533.13	1	6
302	3	597.9	1	6
302	3	994.08	1	6
302	3	706.42	0	6
302	3	735.86	1	6
302	3	523.25	1	6
302	3	632.72	1	6
302	3	838.08	1	6
302	3	702.04	1	6
302	3	538.23	1	6
302	3	873.7	1	6
302	3	550.66	1	6
302	3	682.48	1	6
302	3	703.01	1	6
302	3	648.2	1	6
302	3	826.91	1	6
302	3	1161	1	6
302	3	923.88	1	6
302	3	588.76	1	6
302	3	946.75	1	6
302	3	840.14	1	6
302	3	868.34	1	6
302	3	659.05	1	6
302	3	831.07	1	6
302	3	780.28	1	6
302	3	570.48	1	6
302	3	674.22	1	6
302	3	672.91	1	6
302	3	689.73	1	6
302	3	1473.7	1	6
302	3	964.65	1	6
302	3	613.68	1	6
302	3	731.17	1	6
302	3	599.65	1	6
302	3	610.76	1	6
302	3	976.59	1	6
302	3	841.62	1	6
302	3	788.63	1	6
302	3	1031.4	1	6
302	3	999.97	1	6
302	3	680.41	1	6
302	3	905.19	1	6
302	3	810.06	1	6
302	3	700.46	1	6
302	3	1017.5	1	6
302	3	750.41	1	6
302	3	757.36	1	6
302	3	982.16	1	6
302	3	591.35	1	6
302	3	1195.7	1	6
302	3	1557	1	6
302	3	867.66	1	6
302	3	609.46	1	6
302	3	621.98	1	6
302	3	749.55	1	6
302	3	652.27	1	6
302	3	853.03	1	6
302	3	594.49	1	6
302	3	705.94	1	6
302	3	512.3	1	6
302	3	593.48	1	6
302	3	800.58	1	6
302	3	1430.5	0	6
302	3	850.67	1	6
302	3	801.5	1	6
302	3	577.34	1	6
302	3	1945	1	6
302	3	936.84	1	6
302	3	485.36	1	6
302	3	497.19	1	6
302	3	1027.1	1	6
302	3	934.48	1	6
302	3	883.23	1	6
302	3	778.41	1	6
302	3	688.42	1	6
302	3	792.81	1	6
302	3	765.67	1	6
302	3	839.02	1	6
302	3	891.1	1	6
302	3	516.13	1	6
302	3	1280	1	6
302	3	721.57	1	6
302	3	834.89	1	6
302	3	574.01	1	6
302	3	847.44	1	6
302	3	957.17	1	6
302	3	732.84	1	6
302	3	615.69	1	6
302	3	567.38	1	6
302	3	1032.9	1	6
302	3	1631.1	1	6
302	3	779.88	1	6
302	3	871.73	1	6
302	3	1096.1	1	6
302	3	788.08	1	6
302	3	820.17	1	6
302	3	1016.4	1	6
302	3	698.91	1	6
302	3	769.47	1	6
302	3	994.54	1	6
302	3	771.59	1	6
302	3	920.49	1	6
302	3	769.09	1	6
302	3	635.76	1	6
302	3	700.44	1	6
302	3	1066.4	1	6
302	3	977.47	1	6
302	3	881.12	1	6
302	3	1120.2	1	6
302	3	1249.4	0	6
302	3	602.83	1	6
302	3	898.87	1	6
302	3	1036.8	1	6
302	3	910.6	1	6
302	3	1710.5	1	6
302	3	866.85	1	6
302	3	1336.1	1	6
302	3	1579.4	1	6
302	3	1134.4	1	6
302	3	1516.1	1	6
302	3	1221.5	1	6
302	3	948.04	1	6
302	3	1269.2	1	6
302	3	1227.3	1	6
302	3	666.67	1	6
302	3	1062.9	1	6
302	3	1074.4	1	6
302	3	1803.8	1	6
302	3	1673.5	1	6
302	3	912.6	1	6
302	3	1076.4	1	6
302	3	733.28	1	6
302	3	826.52	1	6
302	3	991.64	1	6
302	3	690.45	1	6
302	3	1117.9	1	6
302	3	975.82	1	6
302	3	1205	1	6
302	3	1367.4	1	6
302	3	1867.8	1	6
302	3	2005.4	1	6
302	3	1363.3	1	6
302	3	1024.5	1	6
302	3	913.7	1	6
302	3	969.86	1	6
302	3	1199.5	1	6
302	3	1222	0	6
302	3	1110	1	6
302	3	880.9	1	6
302	3	1364.3	1	6
302	3	1074.9	1	6
302	3	930.66	1	6
302	3	892.63	1	6
302	3	1033.6	1	6
302	3	866.6	1	6
302	3	1098.5	1	6
302	3	1200.1	1	6
302	3	982.49	1	6
302	3	535.4	1	6
302	3	1001.4	1	6
302	3	1098.9	1	6
302	3	833.54	1	6
302	3	1188.5	1	6
302	3	680.03	1	6
302	3	1086.9	1	6
302	3	910.1	1	6
302	3	1266	1	6
302	3	674.49	1	6
302	3	815.59	1	6
302	3	733.04	1	6
302	3	827.49	1	6
302	3	1495.4	1	6
302	3	1035	1	6
302	3	862.91	1	6
302	3	807.87	1	6
302	3	729.66	1	6
302	3	911.07	1	6
302	3	1117.2	1	6
302	3	954.08	1	6
302	3	694.69	1	6
302	3	668.03	1	6
302	3	2056.2	0	6
302	3	611.64	1	6
302	3	1618.8	1	6
302	3	782.88	1	6
302	3	1085.8	1	6
302	3	766.67	1	6
302	3	692.21	1	6
302	3	931.02	1	6
302	3	897.81	1	6
302	3	922.41	1	6
302	3	799.4	1	6
302	3	898.57	1	6
302	3	1178.7	1	6
302	3	1622.5	1	6
302	3	951.81	1	6
302	3	1346.2	0	6
302	3	1557.6	1	6
302	3	925.8	1	7
302	3	895.64	1	7
302	3	1335.8	0	7
302	3	780.8	1	7
302	3	705.09	1	7
302	3	782.11	0	7
302	3	579.53	1	7
302	3	559.33	1	7
302	3	567.41	1	7
302	3	554.84	1	7
302	3	651.65	1	7
302	3	676.21	1	7
302	3	922.09	1	7
302	3	627.07	1	7
302	3	531.67	1	7
302	3	582.75	1	7
302	3	569.49	1	7
302	3	606.18	1	7
302	3	593.82	1	7
302	3	540.79	1	7
302	3	561.81	1	7
302	3	564.54	1	7
302	3	617.01	1	7
302	3	673.72	1	7
302	3	709.15	1	7
302	3	480.68	1	7
302	3	949.43	1	7
302	3	608.06	1	7
302	3	836.64	1	7
302	3	717.18	1	7
302	3	525.58	1	7
302	3	1155.9	1	7
302	3	729.64	1	7
302	3	630.11	1	7
302	3	646.33	1	7
302	3	594	1	7
302	3	737.05	1	7
302	3	688.51	1	7
302	3	837.62	1	7
302	3	541.53	1	7
302	3	529.6	1	7
302	3	947.5	1	7
302	3	910.31	1	7
302	3	710.48	1	7
302	3	1117.7	1	7
302	3	1005.7	1	7
302	3	500.06	1	7
302	3	1158.5	1	7
302	3	628.52	1	7
302	3	967.78	1	7
302	3	604.88	1	7
302	3	545.62	1	7
302	3	664.84	1	7
302	3	730.14	1	7
302	3	409.17	1	7
302	3	999.03	1	7
302	3	681.47	1	7
302	3	519.87	1	7
302	3	532.81	0	7
302	3	942	1	7
302	3	612.45	1	7
302	3	779.73	1	7
302	3	614.73	1	7
302	3	596.51	1	7
302	3	643.81	1	7
302	3	737.93	1	7
302	3	1074.3	1	7
302	3	650.05	0	7
302	3	630.97	1	7
302	3	721.47	1	7
302	3	686.22	1	7
302	3	726.24	1	7
302	3	582.7	1	7
302	3	507.01	1	7
302	3	805.03	1	7
302	3	1045.7	1	7
302	3	699.62	1	7
302	3	696.67	1	7
302	3	1125.6	1	7
302	3	629.36	1	7
302	3	840.87	1	7
302	3	699.12	1	7
302	3	538.21	1	7
302	3	786.37	1	7
302	3	618.57	1	7
302	3	1167.2	1	7
302	3	599.56	1	7
302	3	601.09	1	7
302	3	517.36	1	7
302	3	448.22	1	7
302	3	782.05	1	7
302	3	1382.6	1	7
302	3	896.18	1	7
302	3	972.36	1	7
302	3	534.05	1	7
302	3	1046.6	1	7
302	3	591.74	1	7
302	3	545.01	1	7
302	3	506.52	1	7
302	3	852.23	1	7
302	3	530.93	1	7
302	3	798.24	1	7
302	3	570.59	1	7
302	3	782.56	1	7
302	3	701.15	0	7
302	3	590.17	1	7
302	3	501.67	1	7
302	3	568.49	1	7
302	3	509.98	1	7
302	3	711.86	1	7
302	3	738.97	1	7
302	3	842.66	0	7
302	3	920.01	1	7
302	3	559.17	1	7
302	3	632.6	1	7
302	3	575.3	1	7
302	3	713.15	1	7
302	3	719.29	1	7
302	3	585.8	1	7
302	3	1007.4	1	7
302	3	449.22	1	7
302	3	707.19	1	7
302	3	648.75	1	7
302	3	1088.5	1	7
302	3	890.35	1	7
302	3	657.24	1	7
302	3	592.24	1	7
302	3	526.14	1	7
302	3	731.02	1	7
302	3	1084	1	7
302	3	583.14	1	7
302	3	906.61	1	7
302	3	641.91	1	7
302	3	543.46	1	7
302	3	816.44	1	7
302	3	1187.6	1	7
302	3	595.1	1	7
302	3	939.06	1	7
302	3	569.58	1	7
302	3	687.3	1	7
302	3	530.53	1	7
302	3	505.91	1	7
302	3	623.46	1	7
302	3	741.93	1	7
302	3	578.42	1	7
302	3	659.63	1	7
302	3	650.46	1	7
302	3	695.04	1	7
302	3	488.97	1	7
302	3	507.02	1	7
302	3	835.57	1	7
302	3	650.21	1	7
302	3	686.8	1	7
302	3	772.35	0	7
302	3	677.92	1	7
302	3	996.96	1	7
302	3	480.81	1	7
302	3	836.6	1	7
302	3	879.76	1	7
302	3	445.32	1	7
302	3	623.35	1	7
302	3	968.55	1	7
302	3	508.52	1	7
302	3	658.73	1	7
302	3	857.98	1	7
302	3	925.59	1	7
302	3	734.61	1	7
302	3	1205.8	1	7
302	3	741.14	1	7
302	3	1051.1	1	7
302	3	421.75	1	7
302	3	848.77	1	7
302	3	596.16	1	7
302	3	510.94	1	7
302	3	938.71	1	7
302	3	565.26	1	7
302	3	488.89	1	7
302	3	778.38	1	7
302	3	988.54	1	7
302	3	610.16	1	7
302	3	835.72	0	7
302	3	633.25	0	7
302	3	576.02	1	7
302	3	503.99	1	7
302	3	607.07	0	7
302	3	417.07	1	7
302	3	660.59	1	7
302	3	628.54	1	7
302	3	525.16	1	7
302	3	734.19	1	7
302	3	625.86	1	7
302	3	491.59	1	7
302	3	890.3	1	7
302	3	739.28	1	7
302	3	772.56	1	7
302	3	526.58	1	7
302	3	546.64	1	7
302	3	1054.7	1	7
302	3	636.46	1	7
302	3	764.01	1	7
302	3	1166.7	1	7
302	3	1117.1	1	7
302	3	614.74	0	7
302	3	702.21	1	7
302	3	598.86	1	7
302	3	589.59	1	7
302	3	1005.5	1	7
302	3	667.44	1	7
302	3	481.96	1	7
302	3	1040.4	1	7
302	3	727.55	1	7
302	3	526.25	1	7
302	3	557.2	1	7
302	3	546.1	1	7
302	3	589.08	1	7
302	3	998.22	1	7
302	3	1198.6	1	7
302	3	883.02	1	7
302	3	717.19	1	7
302	3	654.09	1	7
302	3	660.73	1	7
302	3	1175.9	1	7
302	3	925.59	1	7
302	3	721.73	1	7
302	3	694.69	1	7
302	3	949.47	1	7
302	3	694.54	1	7
302	3	646.82	1	7
302	3	680.57	1	7
302	3	658.21	1	7
302	3	803.48	1	7
302	3	800.2	1	7
302	3	622.76	1	7
302	3	779.65	1	7
302	3	812.78	1	7
302	3	603.5	1	7
302	3	809.52	1	7
302	3	967.79	1	7
302	3	560.54	1	7
302	3	656.77	1	7
302	3	985.14	1	7
302	3	663.17	1	7
302	3	1243.9	1	7
302	3	697.18	1	7
302	3	714.62	1	7
302	3	524.22	1	7
302	3	799.46	1	7
302	3	739.77	1	7
302	3	1056.3	1	7
302	3	536	1	7
302	3	636.7	1	7
302	3	1029.9	1	7
302	3	672.71	1	7
302	3	635.6	1	7
302	3	912.73	1	7
302	3	552.06	1	7
302	3	693.45	1	7
302	3	774.05	1	7
302	3	1146.8	1	7
302	3	1011.2	1	7
302	3	990.26	1	7
302	3	1010.3	1	7
302	3	882.18	1	7
302	3	1055.2	1	7
302	3	974.65	1	7
302	3	704.94	1	7
302	3	943.33	1	7
302	3	1138.4	1	7
302	3	1005.7	1	7
302	3	581.03	1	7
302	3	973.82	1	7
302	3	735.86	1	7
302	3	1894.9	1	7
302	3	1915.9	1	7
302	3	1206.4	1	7
302	3	826.47	1	7
302	3	1202.9	1	7
302	3	708.91	0	7
302	3	1125.5	1	7
302	3	656.2	1	7
302	3	1704.2	1	7
302	3	666.24	1	7
302	3	633.54	1	7
302	3	625.3	1	7
302	3	510.62	1	7
302	3	1030.3	1	7
302	3	612	1	7
302	3	578.81	1	7
302	3	914.99	1	7
302	3	1289.9	1	7
302	3	1006.9	1	7
302	3	1474.6	1	7
302	3	1045.3	1	7
302	3	814.87	1	7
302	3	719.47	0	7
302	3	1044.8	1	7
302	3	1599.6	1	7
302	3	979.9	1	7
302	3	617.04	1	7
302	3	886.23	1	7
302	3	846.76	1	7
302	3	972.1	1	7
302	3	852.21	1	7
302	3	560.75	1	7
302	3	869.14	1	7
302	3	692.1	1	7
302	3	736.11	1	7
302	3	628.4	1	7
302	3	813.46	1	7
302	3	805.61	1	7
302	3	670.1	0	7
302	3	588.23	1	7
302	3	466.35	1	7
302	3	563.96	1	7
302	3	597.19	1	7
302	3	554.44	1	7
302	3	1086.7	1	7
302	3	689.58	1	7
302	3	508.81	1	7
302	3	924.76	1	7
302	3	871.91	1	7
302	3	1072.3	1	7
302	3	853.74	1	7
302	3	842.38	1	7
302	3	1071.4	1	7
302	3	905.13	1	7
302	3	919.59	1	7
302	3	666.59	1	7
302	3	889.4	1	7
302	3	817.73	1	7
302	3	567.59	0	7
302	3	760.65	1	7
302	3	563.12	1	7
302	3	788.36	1	7
302	3	559.17	1	7
302	3	850.68	1	7
302	3	939.73	1	7
302	3	935.9	1	7
302	3	616.13	1	7
302	3	1021.6	1	7
302	3	682.06	1	7
302	3	1598.1	1	7
302	3	1108.7	1	7
302	3	932.02	1	7
302	3	973.86	1	7
302	3	671.45	1	7
302	3	1220.6	1	7
302	3	709.6	1	7
302	3	794.91	0	7
302	3	1089	1	8
302	3	781.8	1	8
302	3	999.36	1	8
302	3	1049	1	8
302	3	581.05	1	8
302	3	709.92	1	8
302	3	493.33	1	8
302	3	619.44	1	8
302	3	766.58	1	8
302	3	789.75	1	8
302	3	1068.1	1	8
302	3	510.6	1	8
302	3	671.26	1	8
302	3	839.38	1	8
302	3	686.95	1	8
302	3	762.6	1	8
302	3	529.9	1	8
302	3	433	1	8
302	3	763.54	1	8
302	3	833.33	1	8
302	3	569.82	1	8
302	3	570.03	1	8
302	3	681.11	1	8
302	3	1254	1	8
302	3	595.31	1	8
302	3	689.76	1	8
302	3	653.92	1	8
302	3	571.5	1	8
302	3	830.15	1	8
302	3	525.56	1	8
302	3	763.79	1	8
302	3	623.15	1	8
302	3	805.38	1	8
302	3	725.76	1	8
302	3	633.35	1	8
302	3	681.63	1	8
302	3	818.88	1	8
302	3	758.05	1	8
302	3	555.89	1	8
302	3	549.83	1	8
302	3	1666	1	8
302	3	581.04	1	8
302	3	468.15	1	8
302	3	542.85	1	8
302	3	647.28	1	8
302	3	649.51	1	8
302	3	661.25	1	8
302	3	512.39	1	8
302	3	768.85	1	8
302	3	691.86	1	8
302	3	588.47	1	8
302	3	663.77	1	8
302	3	760	1	8
302	3	515.67	1	8
302	3	692.99	0	8
302	3	1071.6	1	8
302	3	606.12	1	8
302	3	830.2	1	8
302	3	609.43	1	8
302	3	748.43	1	8
302	3	874	1	8
302	3	605.19	1	8
302	3	735.49	1	8
302	3	637.38	1	8
302	3	474.64	1	8
302	3	596.49	1	8
302	3	547.36	1	8
302	3	556.55	1	8
302	3	489.94	1	8
302	3	553.17	1	8
302	3	637.1	1	8
302	3	700.77	1	8
302	3	678.57	1	8
302	3	656.75	1	8
302	3	683.68	1	8
302	3	771.91	1	8
302	3	711.21	1	8
302	3	691.69	1	8
302	3	663.92	1	8
302	3	864.88	1	8
302	3	571.75	1	8
302	3	558.38	1	8
302	3	534.75	1	8
302	3	734.51	1	8
302	3	700.47	1	8
302	3	501.28	1	8
302	3	533.83	1	8
302	3	647.26	1	8
302	3	704.89	1	8
302	3	1361.4	1	8
302	3	628.1	1	8
302	3	785.94	1	8
302	3	630.71	1	8
302	3	583.53	1	8
302	3	844.57	1	8
302	3	763.31	1	8
302	3	536.54	1	8
302	3	682.75	1	8
302	3	610.25	1	8
302	3	582.21	1	8
302	3	599.79	1	8
302	3	791.5	1	8
302	3	748.84	1	8
302	3	659.43	1	8
302	3	534.62	1	8
302	3	773.48	1	8
302	3	533.4	1	8
302	3	636.94	1	8
302	3	530.23	1	8
302	3	487.66	1	8
302	3	530.32	1	8
302	3	627.47	1	8
302	3	668.07	1	8
302	3	616.89	1	8
302	3	453	1	8
302	3	702.58	1	8
302	3	466.07	1	8
302	3	588.13	1	8
302	3	621.25	1	8
302	3	607.64	1	8
302	3	526.14	1	8
302	3	556.73	1	8
302	3	519.79	1	8
302	3	557.45	1	8
302	3	587.25	1	8
302	3	796.74	1	8
302	3	952.94	1	8
302	3	559.69	1	8
302	3	565.19	1	8
302	3	578.31	1	8
302	3	527.97	1	8
302	3	623.42	1	8
302	3	902.58	1	8
302	3	580.09	1	8
302	3	551.42	1	8
302	3	536.61	1	8
302	3	602.62	1	8
302	3	989.07	1	8
302	3	605.72	1	8
302	3	624.89	1	8
302	3	915.57	1	8
302	3	836.86	1	8
302	3	866.34	1	8
302	3	794.21	1	8
302	3	675.58	1	8
302	3	595.18	1	8
302	3	648.63	1	8
302	3	675.61	1	8
302	3	817.89	1	8
302	3	924.65	1	8
302	3	767.83	1	8
302	3	639.97	1	8
302	3	802.24	1	8
302	3	594.5	1	8
302	3	852.35	1	8
302	3	883.65	1	8
302	3	995.77	1	8
302	3	668.16	1	8
302	3	840.55	1	8
302	3	589.15	1	8
302	3	1030.9	1	8
302	3	463.64	1	8
302	3	542.36	1	8
302	3	562.46	1	8
302	3	652.02	1	8
302	3	1127.5	1	8
302	3	589.28	1	8
302	3	407.35	1	8
302	3	525.72	1	8
302	3	474.91	1	8
302	3	544.58	1	8
302	3	1054.8	1	8
302	3	537.81	1	8
302	3	568.48	1	8
302	3	606.02	1	8
302	3	970.19	1	8
302	3	786.54	1	8
302	3	633.79	1	8
302	3	613.94	1	8
302	3	629.94	1	8
302	3	542.17	1	8
302	3	520.91	1	8
302	3	455.22	1	8
302	3	1304.6	1	8
302	3	484.97	1	8
302	3	492.82	1	8
302	3	526.63	1	8
302	3	481	1	8
302	3	501.91	1	8
302	3	853.27	1	8
302	3	601.96	1	8
302	3	544.34	1	8
302	3	582.47	1	8
302	3	954.3	1	8
302	3	748.48	1	8
302	3	602.55	1	8
302	3	581.5	1	8
302	3	605.07	1	8
302	3	979.39	1	8
302	3	666.2	1	8
302	3	722.32	1	8
302	3	821.54	1	8
302	3	835.96	1	8
302	3	704.22	1	8
302	3	587.7	1	8
302	3	860.04	1	8
302	3	532.15	1	8
302	3	613.23	1	8
302	3	909.98	1	8
302	3	630.53	1	8
302	3	782.5	1	8
302	3	546.58	1	8
302	3	698.73	1	8
302	3	591.12	1	8
302	3	513.07	1	8
302	3	617.51	1	8
302	3	456.06	1	8
302	3	606.26	1	8
302	3	512.56	1	8
302	3	491.43	1	8
302	3	812.87	1	8
302	3	731.72	1	8
302	3	1019	1	8
302	3	882.69	0	8
302	3	1527.7	1	8
302	3	768.07	1	8
302	3	612.44	1	8
302	3	1068.7	1	8
302	3	716.24	1	8
302	3	722.06	1	8
302	3	815.89	1	8
302	3	1297.4	1	8
302	3	816.33	1	8
302	3	601.88	1	8
302	3	785.3	1	8
302	3	470.17	1	8
302	3	524.37	1	8
302	3	621.78	1	8
302	3	717.58	1	8
302	3	554.66	1	8
302	3	784.74	1	8
302	3	754.44	1	8
302	3	551.37	1	8
302	3	867.02	1	8
302	3	636.5	1	8
302	3	624.42	1	8
302	3	533.12	1	8
302	3	519.03	1	8
302	3	1544.7	1	8
302	3	708.7	1	8
302	3	747.81	1	8
302	3	694.75	1	8
302	3	647.39	1	8
302	3	693.85	1	8
302	3	610.82	1	8
302	3	821.81	1	8
302	3	703.79	1	8
302	3	801.75	1	8
302	3	1044	1	8
302	3	699.23	1	8
302	3	947.05	1	8
302	3	573.63	1	8
302	3	1001.3	1	8
302	3	835.24	1	8
302	3	798.94	1	8
302	3	915.24	1	8
302	3	852.56	1	8
302	3	798.24	1	8
302	3	722.08	1	8
302	3	1284.3	1	8
302	3	585.78	1	8
302	3	1129.2	1	8
302	3	795.9	1	8
302	3	920.86	1	8
302	3	1176.1	1	8
302	3	696.36	1	8
302	3	744.78	1	8
302	3	849.91	1	8
302	3	1437.7	1	8
302	3	760.28	1	8
302	3	906.58	1	8
302	3	1174.2	0	8
302	3	660.05	1	8
302	3	1263.4	1	8
302	3	813.51	1	8
302	3	812.95	1	8
302	3	576.23	1	8
302	3	852.31	1	8
302	3	586.08	1	8
302	3	758	1	8
302	3	683.81	1	8
302	3	698.81	1	8
302	3	581.87	1	8
302	3	1583.1	1	8
302	3	849.1	1	8
302	3	907.44	1	8
302	3	1793.8	1	8
302	3	1648.9	1	8
302	3	617.45	1	8
302	3	527.45	1	8
302	3	748.66	1	8
302	3	639.32	1	8
302	3	1551.7	1	8
302	3	894.09	1	8
302	3	645.16	1	8
302	3	1158.7	1	8
302	3	778.6	1	8
302	3	1283.1	1	8
302	3	1153.9	1	8
302	3	712.8	1	8
302	3	484.05	1	8
302	3	791.82	1	8
302	3	602.7	1	8
302	3	882.35	1	8
302	3	505.1	1	8
302	3	1304.9	1	8
302	3	886.52	1	8
302	3	596.35	1	8
302	3	745.7	1	8
302	3	550.12	1	8
302	3	671.96	1	8
302	3	1337.4	1	8
302	3	1172.3	1	8
302	3	789.03	1	8
302	3	981.96	1	8
302	3	806.02	1	8
302	3	1471.1	1	8
302	3	971.66	1	8
302	3	898.76	1	8
302	3	706.51	1	8
302	3	959.7	1	8
302	3	991.3	1	8
302	3	1089.5	1	8
302	3	1581.4	1	8
302	3	948.02	1	8
302	3	560.79	1	8
302	3	852.3	1	8
302	3	1060	1	8
302	3	546.7	1	8
302	3	730.82	1	8
302	3	792.78	1	8
302	3	1092.5	1	8
302	3	855.04	1	8
302	3	951.57	1	8
302	3	1167.9	1	8
302	3	723.65	1	8
302	3	804.15	1	8
302	3	648.28	1	8
302	3	805.02	1	8
302	3	849.12	1	8
302	3	594.75	1	9
302	3	1221.6	1	9
302	3	701.12	1	9
302	3	577.52	1	9
302	3	541.23	1	9
302	3	754.52	1	9
302	3	562.02	1	9
302	3	495.51	1	9
302	3	746.14	0	9
302	3	667.84	1	9
302	3	549.72	1	9
302	3	567.27	1	9
302	3	535.64	1	9
302	3	1139.4	1	9
302	3	517.52	1	9
302	3	600.53	1	9
302	3	902.59	1	9
302	3	527.14	1	9
302	3	592.18	1	9
302	3	571.62	1	9
302	3	764.75	1	9
302	3	544.57	1	9
302	3	782.56	1	9
302	3	507.88	1	9
302	3	576.68	1	9
302	3	637.81	1	9
302	3	546.07	1	9
302	3	731.09	1	9
302	3	621.18	1	9
302	3	607.74	1	9
302	3	622.88	1	9
302	3	904.55	1	9
302	3	599.66	1	9
302	3	552.52	1	9
302	3	690.58	1	9
302	3	535.27	1	9
302	3	937.12	1	9
302	3	539.06	1	9
302	3	503.06	1	9
302	3	538.41	1	9
302	3	549.71	1	9
302	3	657.02	1	9
302	3	616.1	1	9
302	3	575.44	1	9
302	3	535.18	1	9
302	3	508.76	1	9
302	3	799.56	1	9
302	3	699.9	1	9
302	3	553.56	1	9
302	3	927.05	1	9
302	3	576.14	1	9
302	3	528.73	1	9
302	3	530.6	1	9
302	3	617.6	1	9
302	3	763.34	1	9
302	3	607.94	1	9
302	3	604.08	1	9
302	3	704.25	1	9
302	3	705.67	1	9
302	3	636.65	1	9
302	3	766.13	1	9
302	3	1096.5	1	9
302	3	733.45	1	9
302	3	593.47	1	9
302	3	594.33	1	9
302	3	654.13	1	9
302	3	574.88	1	9
302	3	893.89	1	9
302	3	733.55	1	9
302	3	736.9	1	9
302	3	517.87	1	9
302	3	545.08	1	9
302	3	687.23	1	9
302	3	580.17	1	9
302	3	563.88	1	9
302	3	632.27	1	9
302	3	626.05	1	9
302	3	563.03	1	9
302	3	860.77	1	9
302	3	614.74	1	9
302	3	1167.6	1	9
302	3	554.92	1	9
302	3	553.69	1	9
302	3	605.13	1	9
302	3	488.41	1	9
302	3	618.29	1	9
302	3	641.33	1	9
302	3	654.45	1	9
302	3	486.67	1	9
302	3	685.08	1	9
302	3	639.06	1	9
302	3	1069.1	1	9
302	3	479.58	1	9
302	3	604.91	1	9
302	3	730.92	1	9
302	3	553.3	1	9
302	3	642.74	1	9
302	3	473.45	1	9
302	3	515.94	1	9
302	3	566.91	1	9
302	3	514.99	1	9
302	3	556.14	1	9
302	3	540.62	1	9
302	3	522.9	1	9
302	3	882.2	1	9
302	3	600	1	9
302	3	523.67	1	9
302	3	542.06	1	9
302	3	601.06	1	9
302	3	582.03	1	9
302	3	867.49	1	9
302	3	525.91	1	9
302	3	544.7	1	9
302	3	536.83	1	9
302	3	565.57	1	9
302	3	730.4	1	9
302	3	569.61	1	9
302	3	516.57	1	9
302	3	499.84	1	9
302	3	606.63	1	9
302	3	511.93	1	9
302	3	711.35	1	9
302	3	621.85	1	9
302	3	506.28	1	9
302	3	537.15	1	9
302	3	741.72	1	9
302	3	656.2	1	9
302	3	605.07	1	9
302	3	457.41	1	9
302	3	424.33	1	9
302	3	558.93	1	9
302	3	475.05	1	9
302	3	749.25	1	9
302	3	625.01	1	9
302	3	537.67	1	9
302	3	700.74	1	9
302	3	411.4	1	9
302	3	729.95	1	9
302	3	671.3	1	9
302	3	650.07	1	9
302	3	827.7	1	9
302	3	725.68	1	9
302	3	769.71	1	9
302	3	553.69	1	9
302	3	583.81	1	9
302	3	639.25	1	9
302	3	868.85	1	9
302	3	575.75	1	9
302	3	516.42	1	9
302	3	529.14	1	9
302	3	558.05	1	9
302	3	551.17	1	9
302	3	599.05	1	9
302	3	705.68	1	9
302	3	818.02	1	9
302	3	537.48	1	9
302	3	626.77	1	9
302	3	514.6	1	9
302	3	664.75	1	9
302	3	632.93	1	9
302	3	614.58	0	9
302	3	888.31	1	9
302	3	569.84	1	9
302	3	638.51	1	9
302	3	607.9	1	9
302	3	718.75	1	9
302	3	898.62	1	9
302	3	546.76	1	9
302	3	484.82	1	9
302	3	482.52	1	9
302	3	621.74	1	9
302	3	636.66	1	9
302	3	618.39	1	9
302	3	639.55	1	9
302	3	506.58	1	9
302	3	512.32	1	9
302	3	591.27	1	9
302	3	548.08	1	9
302	3	551.19	1	9
302	3	513.8	1	9
302	3	568.11	1	9
302	3	550.98	1	9
302	3	706.32	1	9
302	3	584.68	1	9
302	3	609.1	1	9
302	3	755.66	1	9
302	3	729.8	1	9
302	3	602.6	1	9
302	3	492.32	1	9
302	3	1064.8	1	9
302	3	451.38	1	9
302	3	525.16	1	9
302	3	504.46	1	9
302	3	554.79	1	9
302	3	958.79	1	9
302	3	695.6	1	9
302	3	1286.6	1	9
302	3	552.49	1	9
302	3	400.95	1	9
302	3	515.15	1	9
302	3	563.74	1	9
302	3	584.09	1	9
302	3	836.75	1	9
302	3	784.17	1	9
302	3	527.33	1	9
302	3	559.15	1	9
302	3	540.3	1	9
302	3	483.53	1	9
302	3	769.69	1	9
302	3	889.97	1	9
302	3	1016.2	1	9
302	3	580.85	1	9
302	3	549.69	1	9
302	3	807.22	1	9
302	3	1051.3	1	9
302	3	661.1	1	9
302	3	569.54	1	9
302	3	568.22	1	9
302	3	511.21	1	9
302	3	439.09	1	9
302	3	500.9	1	9
302	3	599.24	1	9
302	3	808.39	1	9
302	3	980.94	1	9
302	3	566.54	1	9
302	3	641.91	1	9
302	3	851.84	1	9
302	3	975.77	1	9
302	3	776.17	1	9
302	3	784.77	1	9
302	3	549.74	1	9
302	3	542.26	1	9
302	3	598.53	1	9
302	3	1043.4	1	9
302	3	609.95	1	9
302	3	514.68	1	9
302	3	490.73	1	9
302	3	614.23	1	9
302	3	553.3	1	9
302	3	507.11	1	9
302	3	841.75	1	9
302	3	676.27	1	9
302	3	831.02	1	9
302	3	606.68	1	9
302	3	853.41	1	9
302	3	447.55	0	9
302	3	649.62	1	9
302	3	581.96	1	9
302	3	579.15	1	9
302	3	526.38	1	9
302	3	559.17	1	9
302	3	545.97	1	9
302	3	576.82	1	9
302	3	549.14	1	9
302	3	568.03	1	9
302	3	859.67	1	9
302	3	599.46	1	9
302	3	1037.9	1	9
302	3	858.35	1	9
302	3	695.73	1	9
302	3	1178.9	1	9
302	3	660.96	1	9
302	3	1046.2	1	9
302	3	1378.6	1	9
302	3	748.03	1	9
302	3	769.23	1	9
302	3	730.2	1	9
302	3	1307	1	9
302	3	658.02	1	9
302	3	1003.7	1	9
302	3	628.17	1	9
302	3	726.26	1	9
302	3	781.2	1	9
302	3	1133.1	1	9
302	3	1336.4	1	9
302	3	646.1	1	9
302	3	804.38	1	9
302	3	603.78	1	9
302	3	1214.4	1	9
302	3	715.31	1	9
302	3	539.04	1	9
302	3	703.75	1	9
302	3	721.45	1	9
302	3	709.62	1	9
302	3	867.34	1	9
302	3	561.55	1	9
302	3	902.96	1	9
302	3	648.87	1	9
302	3	671.48	1	9
302	3	1212.7	1	9
302	3	676.85	1	9
302	3	675.35	1	9
302	3	770.92	1	9
302	3	1186.9	1	9
302	3	944.76	1	9
302	3	776.38	1	9
302	3	1176.6	1	9
302	3	1208	1	9
302	3	764.75	1	9
302	3	739.65	1	9
302	3	671.46	1	9
302	3	956.59	1	9
302	3	1616.4	1	9
302	3	651.49	1	9
302	3	1287.5	1	9
302	3	803.94	1	9
302	3	755.52	1	9
302	3	805.03	1	9
302	3	630.33	1	9
302	3	527.62	1	9
302	3	1187.2	1	9
302	3	537.5	1	9
302	3	968.46	1	9
302	3	781.07	1	9
302	3	543.9	1	9
302	3	452.8	1	9
302	3	584.78	1	9
302	3	569.62	1	9
302	3	531.88	1	9
302	3	516.05	1	9
302	3	618.56	1	9
302	3	1488	1	9
302	3	902.07	1	9
302	3	794.1	1	9
302	3	742.91	1	9
302	3	1165.9	1	9
302	3	607.12	1	9
302	3	1126.7	1	9
302	3	876.94	1	9
302	3	836.02	1	9
302	3	1328.2	1	9
302	3	638.46	1	9
302	3	955.22	1	9
302	3	546.77	1	9
302	3	781.33	1	9
302	3	580.79	1	9
302	3	907.94	1	9
302	3	679.08	1	9
302	3	1738.2	1	9
302	3	912.79	1	9
302	3	699.71	1	9
302	3	683.67	1	9
302	3	1828.9	1	9
302	3	709.22	1	9
302	3	871.82	1	9
302	3	824.11	1	9
302	3	1218.8	0	9
302	3	908.77	1	9
302	3	690.45	1	9
302	3	962.33	1	9
