404	4	985.55	1	1
404	4	843.65	1	1
404	4	2309.1	1	1
404	4	1081	1	1
404	4	600.76	1	1
404	4	776.33	1	1
404	4	538.46	1	1
404	4	780.7	1	1
404	4	726.71	1	1
404	4	756.83	1	1
404	4	772.2	1	1
404	4	650.99	1	1
404	4	677.99	1	1
404	4	660.11	1	1
404	4	598.76	1	1
404	4	1350.6	1	1
404	4	1335.6	1	1
404	4	713.42	1	1
404	4	703.97	1	1
404	4	721.79	1	1
404	4	2254.3	1	1
404	4	682.83	1	1
404	4	963.44	1	1
404	4	921.57	1	1
404	4	657.1	1	1
404	4	1320.1	1	1
404	4	580.38	1	1
404	4	552.4	1	1
404	4	618.6	1	1
404	4	745.96	1	1
404	4	699.67	1	1
404	4	580.23	1	1
404	4	942.44	1	1
404	4	558.65	1	1
404	4	584.44	1	1
404	4	746.43	1	1
404	4	728.3	1	1
404	4	1007.9	1	1
404	4	1172.4	1	1
404	4	632.43	1	1
404	4	1614.5	1	1
404	4	823.52	1	1
404	4	1525	1	1
404	4	489.68	1	1
404	4	662.03	1	1
404	4	1013.4	1	1
404	4	565.49	1	1
404	4	498.47	1	1
404	4	615.06	1	1
404	4	628.98	1	1
404	4	935.72	1	1
404	4	776.5	1	1
404	4	600.94	1	1
404	4	644.72	1	1
404	4	904.55	1	1
404	4	1030.1	1	1
404	4	536.27	1	1
404	4	640.36	1	1
404	4	759.1	1	1
404	4	1894.5	1	1
404	4	705.29	1	1
404	4	684.01	1	1
404	4	654.33	1	1
404	4	723.4	1	1
404	4	767.47	1	1
404	4	574.34	1	1
404	4	847.86	1	1
404	4	711.25	1	1
404	4	613.19	1	1
404	4	1095.5	1	1
404	4	750.31	1	1
404	4	701.35	1	1
404	4	696.89	1	1
404	4	674.98	1	1
404	4	644.25	1	1
404	4	1099.6	1	1
404	4	608.77	1	1
404	4	1199	1	1
404	4	1160.8	1	1
404	4	706.03	1	1
404	4	561.06	1	1
404	4	843.32	1	1
404	4	758.1	1	1
404	4	542.27	1	1
404	4	650.89	1	1
404	4	638.22	1	1
404	4	661.26	1	1
404	4	620.74	1	1
404	4	2038.2	1	1
404	4	838.24	1	1
404	4	684.2	1	1
404	4	1173.6	1	1
404	4	701.7	1	1
404	4	613.82	1	1
404	4	560.26	1	1
404	4	599.8	1	1
404	4	613.4	1	1
404	4	736.66	1	1
404	4	596	1	1
404	4	736.37	1	1
404	4	658.8	1	1
404	4	631.6	1	1
404	4	523.94	1	1
404	4	1255.9	1	1
404	4	783.96	1	1
404	4	653.55	1	1
404	4	1253.5	1	1
404	4	642.05	1	1
404	4	565.84	1	1
404	4	687.11	1	1
404	4	669.66	1	1
404	4	880.93	1	1
404	4	798.09	1	1
404	4	782.56	1	1
404	4	700.37	1	1
404	4	651.43	1	1
404	4	1246.8	1	1
404	4	604.15	1	1
404	4	708.11	1	1
404	4	584.73	1	1
404	4	596.63	1	1
404	4	601.71	1	1
404	4	963.6	1	1
404	4	763.38	1	1
404	4	766.31	1	1
404	4	1348.8	1	1
404	4	563.62	1	1
404	4	557.73	1	1
404	4	665.75	1	1
404	4	645.45	1	1
404	4	557.25	1	1
404	4	699.04	1	1
404	4	677.53	1	1
404	4	593.84	1	1
404	4	628.52	1	1
404	4	706.54	1	1
404	4	543.94	1	1
404	4	531.15	1	1
404	4	667.49	1	1
404	4	564.36	1	1
404	4	859.16	1	1
404	4	992.87	1	1
404	4	1551.7	1	1
404	4	650.01	1	1
404	4	560.21	1	1
404	4	651.37	1	1
404	4	1177.3	1	1
404	4	633.1	1	1
404	4	1201.4	1	1
404	4	768.17	1	1
404	4	633.55	1	1
404	4	733	1	1
404	4	717.89	1	1
404	4	824.51	1	1
404	4	989.09	1	1
404	4	655.77	1	1
404	4	1452.5	1	1
404	4	744.66	1	1
404	4	827.88	1	1
404	4	614.83	1	1
404	4	1109	1	1
404	4	636.01	1	1
404	4	650.9	1	1
404	4	1076.9	1	1
404	4	979.49	1	1
404	4	728.44	1	1
404	4	585.28	1	1
404	4	628.87	1	1
404	4	573.54	1	1
404	4	651.74	1	1
404	4	651.06	1	1
404	4	780.88	1	1
404	4	972.55	1	1
404	4	1207.5	1	1
404	4	619.11	1	1
404	4	856.29	1	1
404	4	745.84	1	1
404	4	1142.1	1	1
404	4	541.59	1	1
404	4	616.35	1	1
404	4	637.33	1	1
404	4	496.43	1	1
404	4	1018.1	1	1
404	4	595.34	1	1
404	4	1120.6	1	1
404	4	1559.3	1	1
404	4	598.21	1	1
404	4	574.34	1	1
404	4	672.17	1	1
404	4	596.88	1	1
404	4	1173.5	1	1
404	4	860.49	1	1
404	4	709.97	1	1
404	4	867.66	1	1
404	4	659.67	1	1
404	4	654.15	1	1
404	4	719.45	1	1
404	4	541.08	1	1
404	4	644	1	1
404	4	636.35	1	1
404	4	823.82	1	1
404	4	680.53	1	1
404	4	605.13	1	1
404	4	1489.1	1	1
404	4	577.33	1	1
404	4	495.18	1	1
404	4	448.3	1	1
404	4	602.33	1	1
404	4	644.67	1	1
404	4	620.05	1	1
404	4	1233.5	1	1
404	4	1156.8	1	1
404	4	486.62	1	1
404	4	546.56	1	1
404	4	711.94	1	1
404	4	1297.6	1	1
404	4	1176.9	1	1
404	4	1222	1	1
404	4	2493.1	1	1
404	4	779.42	1	1
404	4	1000.1	1	1
404	4	590.13	1	1
404	4	627.83	1	1
404	4	844	1	1
404	4	616.86	1	1
404	4	819.59	1	1
404	4	1759.1	1	1
404	4	1015	1	1
404	4	684.18	1	1
404	4	1704.8	1	1
404	4	496.39	1	1
404	4	948.17	1	1
404	4	556.57	1	1
404	4	614.64	1	1
404	4	492.87	1	1
404	4	603.36	1	1
404	4	473.06	1	1
404	4	623.56	1	1
404	4	540.21	1	1
404	4	645.61	1	1
404	4	689.01	1	1
404	4	541.66	1	1
404	4	505.79	1	1
404	4	538.54	1	1
404	4	510.19	1	1
404	4	570.02	1	1
404	4	646.05	1	1
404	4	725.12	1	1
404	4	635.17	1	1
404	4	661.24	1	1
404	4	622.45	1	1
404	4	662.3	1	1
404	4	533.8	1	1
404	4	693.97	1	1
404	4	555.09	1	1
404	4	557.14	1	1
404	4	953.85	1	1
404	4	521.17	1	1
404	4	830.99	1	1
404	4	561.49	1	1
404	4	564.96	1	1
404	4	526.35	1	1
404	4	573	1	1
404	4	529.86	1	1
404	4	532.74	1	1
404	4	454.26	1	1
404	4	566.26	1	1
404	4	458.51	1	1
404	4	1384.5	1	1
404	4	1005.9	1	1
404	4	641.03	1	1
404	4	575.61	1	1
404	4	547.27	1	1
404	4	549.02	1	1
404	4	557.31	1	1
404	4	781.53	1	1
404	4	538.04	1	1
404	4	577.66	1	1
404	4	585.02	1	1
404	4	514.7	1	1
404	4	748.4	1	1
404	4	465.11	1	1
404	4	522.52	1	1
404	4	612.14	1	1
404	4	596.3	1	1
404	4	591.56	1	1
404	4	555.09	1	1
404	4	545.69	1	1
404	4	475.49	1	1
404	4	453.56	1	1
404	4	602.34	0	1
404	4	641.66	1	1
404	4	546.74	1	1
404	4	552.98	1	1
404	4	500.79	1	1
404	4	527.15	1	1
404	4	520.76	1	1
404	4	465.88	1	1
404	4	500.64	1	1
404	4	577.3	1	1
404	4	580.37	1	1
404	4	623.6	1	1
404	4	951.27	1	1
404	4	631.27	1	1
404	4	546.19	1	1
404	4	526.91	1	1
404	4	1222.5	1	1
404	4	1305.5	1	1
404	4	552.85	1	1
404	4	588.23	1	1
404	4	541.84	1	1
404	4	508.09	1	1
404	4	608.62	1	1
404	4	544.07	1	1
404	4	529.7	1	1
404	4	560.58	1	1
404	4	944.79	1	1
404	4	838.98	1	1
404	4	526.45	1	1
404	4	525.89	1	1
404	4	639.19	1	1
404	4	613.07	1	1
404	4	672.95	1	1
404	4	664	1	1
404	4	603.03	1	1
404	4	1083.1	1	1
404	4	519.84	1	1
404	4	625.56	1	1
404	4	558.35	1	1
404	4	558.38	1	1
404	4	579.64	1	1
404	4	630.94	1	1
404	4	1566	1	1
404	4	488	1	1
404	4	553.95	1	1
404	4	687.02	1	1
404	4	508.73	1	1
404	4	668.18	1	1
404	4	574.98	1	1
404	4	592.19	1	1
404	4	643.7	1	1
404	4	847.92	1	1
404	4	507.12	1	1
404	4	563.1	1	1
404	4	520.3	1	1
404	4	590.38	1	1
404	4	946.67	1	1
404	4	535.3	1	1
404	4	576.09	1	1
404	4	552.14	1	1
404	4	660.38	1	2
404	4	771.64	1	2
404	4	640.32	1	2
404	4	795.04	1	2
404	4	926.37	1	2
404	4	534.81	1	2
404	4	1264.2	1	2
404	4	1000.8	1	2
404	4	1168.9	1	2
404	4	813.71	1	2
404	4	659.9	1	2
404	4	1029.8	1	2
404	4	1270.1	1	2
404	4	611.06	1	2
404	4	816.78	1	2
404	4	1645.6	1	2
404	4	694.77	1	2
404	4	619.09	1	2
404	4	1003.5	1	2
404	4	714.5	1	2
404	4	1261.8	1	2
404	4	974.2	1	2
404	4	2427.7	1	2
404	4	1352.4	1	2
404	4	694.89	1	2
404	4	561.94	1	2
404	4	1347.5	1	2
404	4	817.78	1	2
404	4	770.2	1	2
404	4	616.64	1	2
404	4	670.82	1	2
404	4	620.89	0	2
404	4	1322.7	1	2
404	4	821.66	1	2
404	4	1194.5	1	2
404	4	2389.3	1	2
404	4	1599.6	1	2
404	4	727.01	1	2
404	4	661.15	1	2
404	4	1463.2	1	2
404	4	1368.9	1	2
404	4	596.64	1	2
404	4	919.16	1	2
404	4	843.33	1	2
404	4	557	1	2
404	4	650.88	1	2
404	4	666.11	1	2
404	4	582.03	1	2
404	4	644.56	1	2
404	4	583.47	1	2
404	4	664.57	1	2
404	4	632.36	1	2
404	4	869.54	1	2
404	4	979.55	1	2
404	4	588.42	1	2
404	4	743.9	1	2
404	4	2023.9	1	2
404	4	952.99	1	2
404	4	1832.7	1	2
404	4	574.85	1	2
404	4	694.97	1	2
404	4	895.67	1	2
404	4	736.44	1	2
404	4	620.21	1	2
404	4	733.01	1	2
404	4	539.95	1	2
404	4	851.67	1	2
404	4	991.13	1	2
404	4	817.62	1	2
404	4	1162.5	1	2
404	4	803.98	1	2
404	4	650.77	1	2
404	4	718.23	1	2
404	4	1035.4	1	2
404	4	622.96	0	2
404	4	612.97	1	2
404	4	975	1	2
404	4	929.81	0	2
404	4	731.55	1	2
404	4	699.84	1	2
404	4	672.58	1	2
404	4	1249.6	1	2
404	4	957.23	1	2
404	4	1181.1	1	2
404	4	768.42	1	2
404	4	1192.8	1	2
404	4	1025.9	1	2
404	4	1684.6	1	2
404	4	576.56	1	2
404	4	978.48	1	2
404	4	683.76	1	2
404	4	551.69	1	2
404	4	526.29	1	2
404	4	569.94	1	2
404	4	526.11	1	2
404	4	626.34	1	2
404	4	749.93	1	2
404	4	804.3	1	2
404	4	667.14	1	2
404	4	924.37	1	2
404	4	1120.9	1	2
404	4	651.39	1	2
404	4	700.18	1	2
404	4	570.19	1	2
404	4	521.66	1	2
404	4	569.01	1	2
404	4	825.86	1	2
404	4	782.74	1	2
404	4	1036.6	1	2
404	4	998.64	1	2
404	4	1122.5	1	2
404	4	1539.9	1	2
404	4	896.89	1	2
404	4	1048.8	1	2
404	4	914.34	1	2
404	4	926.09	1	2
404	4	1009.1	1	2
404	4	710.84	1	2
404	4	1380.9	1	2
404	4	706.83	1	2
404	4	732.87	1	2
404	4	718.87	1	2
404	4	903.78	1	2
404	4	619.23	1	2
404	4	802.39	1	2
404	4	583.13	1	2
404	4	932.53	1	2
404	4	1025.8	1	2
404	4	574.59	1	2
404	4	554.71	1	2
404	4	624.77	1	2
404	4	794.4	1	2
404	4	656.3	1	2
404	4	884.34	1	2
404	4	608.87	1	2
404	4	1325.8	1	2
404	4	715.74	1	2
404	4	604.58	1	2
404	4	676.06	1	2
404	4	614.58	1	2
404	4	1055.5	1	2
404	4	1085.9	1	2
404	4	573.22	1	2
404	4	901.05	1	2
404	4	1251.4	1	2
404	4	1238.8	1	2
404	4	1170.6	1	2
404	4	773.39	1	2
404	4	681.38	1	2
404	4	944.82	1	2
404	4	781.44	1	2
404	4	1214.4	1	2
404	4	830.66	1	2
404	4	776.73	1	2
404	4	781.52	1	2
404	4	593.36	1	2
404	4	757.14	1	2
404	4	772.38	1	2
404	4	583.08	1	2
404	4	686.11	1	2
404	4	694.89	1	2
404	4	1541.3	1	2
404	4	1484.7	1	2
404	4	677.98	1	2
404	4	1528.1	1	2
404	4	749.79	1	2
404	4	634.58	1	2
404	4	2437	1	2
404	4	1256.2	0	2
404	4	597.87	1	2
404	4	625.5	1	2
404	4	1426.2	1	2
404	4	590.26	1	2
404	4	706.25	1	2
404	4	971.91	1	2
404	4	674.69	1	2
404	4	1072.9	1	2
404	4	606.8	1	2
404	4	536.19	1	2
404	4	533.38	1	2
404	4	1161.2	1	2
404	4	682.3	1	2
404	4	640.2	1	2
404	4	684.09	1	2
404	4	526.85	1	2
404	4	760.53	1	2
404	4	578.94	1	2
404	4	751.41	1	2
404	4	941.88	1	2
404	4	1154	1	2
404	4	981.42	1	2
404	4	989.06	1	2
404	4	926.47	1	2
404	4	718.9	1	2
404	4	1106.8	1	2
404	4	765.58	1	2
404	4	1123.2	1	2
404	4	715.52	1	2
404	4	702.72	1	2
404	4	595.62	1	2
404	4	621.57	1	2
404	4	641.12	1	2
404	4	554.06	1	2
404	4	715.1	1	2
404	4	660.57	1	2
404	4	569.08	1	2
404	4	641.02	1	2
404	4	592.46	1	2
404	4	515.29	1	2
404	4	522.22	1	2
404	4	1462	1	2
404	4	584.27	1	2
404	4	607.77	1	2
404	4	1005.6	1	2
404	4	1389.1	1	2
404	4	1170.2	1	2
404	4	1320.6	1	2
404	4	685.82	1	2
404	4	554.42	1	2
404	4	722.73	1	2
404	4	851.76	1	2
404	4	2091	1	2
404	4	852.63	1	2
404	4	1486.3	1	2
404	4	712.02	1	2
404	4	1410	1	2
404	4	634.45	1	2
404	4	1306.3	1	2
404	4	3506.9	1	2
404	4	946.36	1	2
404	4	778.16	1	2
404	4	610.07	1	2
404	4	1264.5	1	2
404	4	1204.9	1	2
404	4	624.55	1	2
404	4	1613.8	1	2
404	4	679.26	1	2
404	4	660.17	1	2
404	4	576.46	1	2
404	4	453.08	1	2
404	4	917.99	1	2
404	4	663.92	1	2
404	4	594.37	1	2
404	4	452.9	1	2
404	4	571.51	1	2
404	4	572.06	1	2
404	4	612.08	1	2
404	4	695.21	1	2
404	4	664.35	1	2
404	4	525.7	1	2
404	4	799.52	1	2
404	4	478.62	1	2
404	4	1164.5	1	2
404	4	512.15	1	2
404	4	527.93	1	2
404	4	551.8	1	2
404	4	818.29	1	2
404	4	471.88	0	2
404	4	642.82	1	2
404	4	561.51	1	2
404	4	534.75	1	2
404	4	673.85	1	2
404	4	579.76	1	2
404	4	574.48	1	2
404	4	574.51	1	2
404	4	505.81	1	2
404	4	682.92	1	2
404	4	663.09	1	2
404	4	588	1	2
404	4	981.82	0	2
404	4	597.76	1	2
404	4	1111.6	1	2
404	4	565.22	1	2
404	4	582.18	1	2
404	4	691.46	1	2
404	4	629.15	1	2
404	4	551.9	1	2
404	4	473.43	1	2
404	4	677	1	2
404	4	685.46	1	2
404	4	615.44	1	2
404	4	542.16	1	2
404	4	636.78	1	2
404	4	594.89	1	2
404	4	1289.6	1	2
404	4	800.36	1	2
404	4	725.06	1	2
404	4	578.77	1	2
404	4	1063.7	1	2
404	4	529.79	1	2
404	4	1071.2	1	2
404	4	561.39	1	2
404	4	979.84	1	2
404	4	643.62	1	2
404	4	509.64	1	2
404	4	622.02	1	2
404	4	552.46	1	2
404	4	1869.9	1	2
404	4	460.52	1	2
404	4	530.18	1	2
404	4	568.83	1	2
404	4	577.18	1	2
404	4	663.82	1	2
404	4	714.94	0	2
404	4	880.36	1	2
404	4	699.82	1	2
404	4	1199.4	0	2
404	4	1359.4	1	2
404	4	804.73	1	2
404	4	595.23	1	2
404	4	519.33	1	2
404	4	550.07	1	2
404	4	543.19	1	2
404	4	1216.7	1	2
404	4	755.05	1	2
404	4	517.64	1	2
404	4	552.21	1	2
404	4	632.7	1	2
404	4	990.64	1	2
404	4	2224.1	1	2
404	4	669.21	1	2
404	4	553	1	2
404	4	634.6	1	2
404	4	806.02	1	2
404	4	629.75	1	2
404	4	504.93	1	2
404	4	498.43	1	2
404	4	644	1	2
404	4	598.93	0	2
404	4	883.31	1	2
404	4	449.76	1	2
404	4	1492.3	1	2
404	4	1666.7	1	2
404	4	535.21	1	2
404	4	567.38	1	2
404	4	986.37	1	2
404	4	1297.8	1	2
404	4	998.81	1	2
404	4	534.43	1	2
404	4	584.74	1	2
404	4	621.29	1	2
404	4	659.68	1	2
404	4	504.02	1	2
404	4	545.72	1	2
404	4	585.14	1	2
404	4	730.89	1	2
404	4	1065	1	2
404	4	624.11	1	2
404	4	1295.4	1	2
404	4	583.06	1	2
404	4	838.77	1	3
404	4	1499.8	1	3
404	4	1049.7	1	3
404	4	986.39	1	3
404	4	719	1	3
404	4	744.63	1	3
404	4	785.64	1	3
404	4	637.95	1	3
404	4	869.78	1	3
404	4	1435.7	1	3
404	4	1020.9	1	3
404	4	711.33	1	3
404	4	707.32	1	3
404	4	577.96	1	3
404	4	780.61	1	3
404	4	2290.5	1	3
404	4	983.52	1	3
404	4	629.15	1	3
404	4	664.1	1	3
404	4	894.18	1	3
404	4	1070.7	1	3
404	4	710.06	1	3
404	4	963.94	1	3
404	4	936.25	1	3
404	4	905.17	1	3
404	4	788.21	1	3
404	4	1141.7	1	3
404	4	802.71	1	3
404	4	594.01	1	3
404	4	662.36	1	3
404	4	1510.8	1	3
404	4	687	1	3
404	4	700.88	1	3
404	4	629.61	1	3
404	4	497.99	1	3
404	4	1286.8	1	3
404	4	730.65	0	3
404	4	2161.7	1	3
404	4	1511.5	1	3
404	4	2002.2	1	3
404	4	1591.4	1	3
404	4	2472.1	1	3
404	4	653.43	1	3
404	4	652.8	1	3
404	4	773.68	1	3
404	4	1262.1	1	3
404	4	603.89	1	3
404	4	539.62	1	3
404	4	598.85	1	3
404	4	674.45	1	3
404	4	585.22	1	3
404	4	744.7	1	3
404	4	938.36	1	3
404	4	621.75	1	3
404	4	989.87	1	3
404	4	1161.7	1	3
404	4	721.61	1	3
404	4	1106.8	1	3
404	4	707.19	1	3
404	4	1173.1	1	3
404	4	575.94	1	3
404	4	565.11	1	3
404	4	1048.4	1	3
404	4	613.17	1	3
404	4	950.34	1	3
404	4	813.52	1	3
404	4	598.46	1	3
404	4	1338.2	1	3
404	4	1467.2	1	3
404	4	855.21	1	3
404	4	789.09	1	3
404	4	681.59	1	3
404	4	723.73	1	3
404	4	751.02	1	3
404	4	1248.5	1	3
404	4	650.43	1	3
404	4	842.92	1	3
404	4	1855.4	1	3
404	4	1195.1	1	3
404	4	772.77	1	3
404	4	912.65	1	3
404	4	1125.7	1	3
404	4	653.48	1	3
404	4	946.56	1	3
404	4	747.53	1	3
404	4	636.08	1	3
404	4	860.72	1	3
404	4	1308.6	1	3
404	4	2633.1	0	3
404	4	1051.7	1	3
404	4	709.37	1	3
404	4	602.94	1	3
404	4	700.72	1	3
404	4	619.31	1	3
404	4	520.72	1	3
404	4	811.21	1	3
404	4	790.31	1	3
404	4	636.36	1	3
404	4	1219.3	1	3
404	4	704.34	1	3
404	4	679.49	1	3
404	4	726.37	1	3
404	4	646.83	1	3
404	4	678.32	1	3
404	4	657.44	1	3
404	4	1225.9	1	3
404	4	666.31	1	3
404	4	2067.7	1	3
404	4	556.84	1	3
404	4	622.75	1	3
404	4	1040.7	1	3
404	4	864.1	1	3
404	4	751.25	1	3
404	4	703.23	1	3
404	4	899.59	1	3
404	4	3221.3	1	3
404	4	711.32	1	3
404	4	980.06	1	3
404	4	722.83	1	3
404	4	700.29	1	3
404	4	826.68	1	3
404	4	750.51	1	3
404	4	575.62	1	3
404	4	669.26	1	3
404	4	693.72	1	3
404	4	653.82	1	3
404	4	825	1	3
404	4	561.2	1	3
404	4	674.74	1	3
404	4	731.74	1	3
404	4	710.3	1	3
404	4	815.04	1	3
404	4	558.87	1	3
404	4	593.41	1	3
404	4	750.01	1	3
404	4	772.36	1	3
404	4	631.45	1	3
404	4	1005.4	1	3
404	4	757.95	1	3
404	4	1771.4	1	3
404	4	544.18	1	3
404	4	678.34	1	3
404	4	542.4	1	3
404	4	814.62	1	3
404	4	751.74	1	3
404	4	1516.9	1	3
404	4	710.58	1	3
404	4	1324	1	3
404	4	794.44	1	3
404	4	696.59	1	3
404	4	561.13	1	3
404	4	678.62	1	3
404	4	665.88	1	3
404	4	906.75	1	3
404	4	960.49	1	3
404	4	652.08	1	3
404	4	739.09	1	3
404	4	708.58	1	3
404	4	907.21	1	3
404	4	1083.4	1	3
404	4	1993.2	1	3
404	4	1305.6	1	3
404	4	711.99	1	3
404	4	671.5	1	3
404	4	1256.7	1	3
404	4	1715.1	1	3
404	4	533.82	1	3
404	4	1769.2	1	3
404	4	1329.4	1	3
404	4	590.18	1	3
404	4	1077.5	1	3
404	4	990.26	1	3
404	4	1230.1	1	3
404	4	1182.7	1	3
404	4	674.13	1	3
404	4	563.1	1	3
404	4	608.66	1	3
404	4	562.77	1	3
404	4	862.5	1	3
404	4	723.16	0	3
404	4	882.37	1	3
404	4	814.99	1	3
404	4	641.7	1	3
404	4	688.55	1	3
404	4	1058	1	3
404	4	1821	1	3
404	4	696	1	3
404	4	793.19	1	3
404	4	954.36	1	3
404	4	584.82	1	3
404	4	1796	1	3
404	4	724.08	1	3
404	4	635.56	1	3
404	4	991.52	1	3
404	4	739.74	1	3
404	4	768.31	1	3
404	4	811.55	1	3
404	4	559.68	1	3
404	4	898.47	1	3
404	4	542.84	1	3
404	4	704.44	1	3
404	4	599.43	0	3
404	4	582.1	1	3
404	4	643.57	1	3
404	4	699.22	1	3
404	4	1242.3	1	3
404	4	1155.3	1	3
404	4	706.05	1	3
404	4	637.48	1	3
404	4	651.45	1	3
404	4	1023.7	1	3
404	4	655.97	1	3
404	4	650.58	1	3
404	4	666.88	1	3
404	4	667.12	1	3
404	4	1045	1	3
404	4	1689	1	3
404	4	658.31	1	3
404	4	1129.9	1	3
404	4	632.88	1	3
404	4	693.57	1	3
404	4	620.62	1	3
404	4	617.92	1	3
404	4	627.7	1	3
404	4	1289.6	1	3
404	4	733.9	1	3
404	4	1202.5	1	3
404	4	551.02	1	3
404	4	1443.6	1	3
404	4	1365.8	1	3
404	4	629.86	1	3
404	4	588.96	1	3
404	4	1042.7	1	3
404	4	992.65	1	3
404	4	840.72	1	3
404	4	567.37	1	3
404	4	1030.9	1	3
404	4	1347.8	1	3
404	4	595.61	1	3
404	4	626.48	1	3
404	4	651.28	1	3
404	4	669.37	1	3
404	4	672.82	1	3
404	4	586.89	1	3
404	4	1075.8	1	3
404	4	862.75	1	3
404	4	666.55	1	3
404	4	1327.5	0	3
404	4	584.71	1	3
404	4	574.84	1	3
404	4	576.78	1	3
404	4	509.84	1	3
404	4	544.81	1	3
404	4	606.23	1	3
404	4	708.95	1	3
404	4	522.77	1	3
404	4	574.97	1	3
404	4	1241.5	1	3
404	4	585.48	1	3
404	4	593.45	1	3
404	4	691.62	1	3
404	4	543.33	1	3
404	4	470.33	1	3
404	4	526.35	1	3
404	4	731.02	1	3
404	4	561.5	1	3
404	4	558.78	1	3
404	4	495.96	1	3
404	4	530.02	1	3
404	4	537.74	1	3
404	4	931.57	1	3
404	4	591.98	1	3
404	4	604.07	1	3
404	4	785.23	1	3
404	4	984.94	0	3
404	4	467.82	1	3
404	4	668.78	1	3
404	4	538.22	1	3
404	4	752.79	1	3
404	4	777.18	1	3
404	4	626.03	1	3
404	4	666.53	1	3
404	4	774.25	1	3
404	4	436.8	1	3
404	4	674.91	1	3
404	4	594.17	1	3
404	4	546.33	1	3
404	4	1149.1	1	3
404	4	657.57	1	3
404	4	523.15	1	3
404	4	509.3	1	3
404	4	561.14	1	3
404	4	621.38	1	3
404	4	543.89	1	3
404	4	490.1	1	3
404	4	861.13	1	3
404	4	587.3	1	3
404	4	542.02	1	3
404	4	487.67	1	3
404	4	472.7	1	3
404	4	638.05	1	3
404	4	596.41	1	3
404	4	823.91	1	3
404	4	654.55	1	3
404	4	842.94	1	3
404	4	822.69	1	3
404	4	1671.6	1	3
404	4	673.92	1	3
404	4	569.91	1	3
404	4	658.68	1	3
404	4	627.37	1	3
404	4	654.18	1	3
404	4	953.25	1	3
404	4	504.4	1	3
404	4	690.78	1	3
404	4	553.25	1	3
404	4	481.53	1	3
404	4	566.51	1	3
404	4	605.15	1	3
404	4	890.82	1	3
404	4	587.87	1	3
404	4	521.75	1	3
404	4	660.27	1	3
404	4	522.49	1	3
404	4	585.47	0	3
404	4	458.97	1	3
404	4	582.92	1	3
404	4	669.23	1	3
404	4	1048.1	1	3
404	4	514.23	1	3
404	4	490.76	1	3
404	4	620.14	1	3
404	4	665.53	1	3
404	4	482.2	1	3
404	4	636.52	1	3
404	4	565.31	1	3
404	4	620.29	1	3
404	4	1084.7	1	3
404	4	564.22	1	3
404	4	500.03	1	3
404	4	606.18	1	3
404	4	502.26	1	3
404	4	537.97	1	3
404	4	631.09	1	3
404	4	666.46	1	3
404	4	1065.9	1	3
404	4	673.3	1	3
404	4	649.16	1	3
404	4	571.13	1	3
404	4	959.53	1	3
404	4	1212.7	1	4
404	4	952.85	1	4
404	4	953.81	1	4
404	4	1207.7	1	4
404	4	1784	1	4
404	4	598.45	1	4
404	4	651.43	1	4
404	4	835.76	1	4
404	4	1660.4	1	4
404	4	1120.8	1	4
404	4	1051	1	4
404	4	1632.7	1	4
404	4	587.87	1	4
404	4	905.06	1	4
404	4	810.71	1	4
404	4	590.72	1	4
404	4	1297.8	1	4
404	4	1164.1	1	4
404	4	595.03	1	4
404	4	776.49	1	4
404	4	1017.2	1	4
404	4	1359.1	1	4
404	4	730	1	4
404	4	1333.9	1	4
404	4	820.33	1	4
404	4	649.5	1	4
404	4	772.64	1	4
404	4	794.89	1	4
404	4	632.7	1	4
404	4	737.17	1	4
404	4	2368.7	1	4
404	4	977.92	1	4
404	4	765.62	1	4
404	4	732.64	1	4
404	4	1067.1	1	4
404	4	468.94	0	4
404	4	714.45	1	4
404	4	1899.6	1	4
404	4	750.7	1	4
404	4	632.85	1	4
404	4	1215.1	1	4
404	4	691.09	1	4
404	4	710.04	1	4
404	4	926.11	1	4
404	4	499.89	1	4
404	4	884.07	1	4
404	4	604.74	1	4
404	4	570.64	1	4
404	4	786.63	1	4
404	4	949.96	1	4
404	4	1167.5	1	4
404	4	661.24	1	4
404	4	676.69	1	4
404	4	853.83	1	4
404	4	1451.8	1	4
404	4	668.33	0	4
404	4	1151.2	1	4
404	4	1237	1	4
404	4	1487.9	1	4
404	4	1343.1	1	4
404	4	647.6	1	4
404	4	620.62	1	4
404	4	1086.9	1	4
404	4	803.94	1	4
404	4	1058	1	4
404	4	648.48	1	4
404	4	705.23	1	4
404	4	580.62	1	4
404	4	1271.8	0	4
404	4	606.36	1	4
404	4	791.07	1	4
404	4	612.27	1	4
404	4	725.12	1	4
404	4	841.36	1	4
404	4	944.73	1	4
404	4	1009	1	4
404	4	765.94	1	4
404	4	1353.9	1	4
404	4	1324.3	1	4
404	4	1175.1	1	4
404	4	1484.5	1	4
404	4	1682	1	4
404	4	1066	1	4
404	4	596.3	1	4
404	4	1114.6	1	4
404	4	555.81	1	4
404	4	1818	1	4
404	4	648.13	1	4
404	4	628.02	1	4
404	4	658.65	1	4
404	4	867.49	1	4
404	4	774.35	1	4
404	4	591.55	1	4
404	4	652.63	1	4
404	4	1168.7	1	4
404	4	1027.1	1	4
404	4	805.59	1	4
404	4	1103.7	1	4
404	4	860.67	1	4
404	4	1295.2	1	4
404	4	774.33	1	4
404	4	1962.7	1	4
404	4	1221.3	1	4
404	4	643.56	1	4
404	4	492.91	1	4
404	4	698.66	1	4
404	4	619.69	1	4
404	4	805.95	1	4
404	4	663.49	1	4
404	4	920.35	1	4
404	4	658.1	1	4
404	4	2079.3	1	4
404	4	1105.2	1	4
404	4	1821	1	4
404	4	1264.1	1	4
404	4	1736.4	1	4
404	4	3008.8	1	4
404	4	603.76	1	4
404	4	1393.7	1	4
404	4	628	1	4
404	4	749.45	1	4
404	4	1119.6	1	4
404	4	879.11	1	4
404	4	2096.2	1	4
404	4	1764.4	1	4
404	4	674.4	1	4
404	4	623.39	1	4
404	4	1086.2	1	4
404	4	587.35	1	4
404	4	1971.2	1	4
404	4	1708.3	1	4
404	4	1116	1	4
404	4	977.81	1	4
404	4	1278.8	1	4
404	4	605.3	1	4
404	4	1143.1	1	4
404	4	1519.5	1	4
404	4	1021.4	1	4
404	4	772.87	1	4
404	4	752.86	1	4
404	4	548.92	1	4
404	4	2614.8	1	4
404	4	666.67	1	4
404	4	595.27	1	4
404	4	576.76	1	4
404	4	748.49	1	4
404	4	699.74	1	4
404	4	1682.3	1	4
404	4	2783.1	0	4
404	4	710.6	1	4
404	4	771.51	1	4
404	4	1559.9	1	4
404	4	766.4	1	4
404	4	1212.3	1	4
404	4	754.49	1	4
404	4	1060.6	1	4
404	4	663.49	1	4
404	4	719.1	1	4
404	4	859.5	1	4
404	4	849.43	1	4
404	4	922.52	1	4
404	4	766.24	1	4
404	4	575.9	1	4
404	4	1500.6	1	4
404	4	613.91	1	4
404	4	645.93	1	4
404	4	1787	1	4
404	4	1227.9	1	4
404	4	687.65	1	4
404	4	678.22	1	4
404	4	1001.3	1	4
404	4	612.15	1	4
404	4	1234.1	1	4
404	4	646.05	1	4
404	4	873.89	1	4
404	4	508.15	1	4
404	4	710.02	1	4
404	4	771.68	1	4
404	4	997.36	1	4
404	4	694.75	1	4
404	4	2173.3	0	4
404	4	1028.4	1	4
404	4	940.44	1	4
404	4	829.5	1	4
404	4	1584.7	1	4
404	4	749.89	0	4
404	4	1078.3	1	4
404	4	1051.6	1	4
404	4	771.84	1	4
404	4	663.39	1	4
404	4	1691.6	1	4
404	4	875.54	1	4
404	4	828.14	1	4
404	4	648.61	1	4
404	4	660.36	1	4
404	4	701.51	1	4
404	4	1151.8	1	4
404	4	738.29	1	4
404	4	730.74	1	4
404	4	798.38	1	4
404	4	522.23	1	4
404	4	939.56	1	4
404	4	751.34	1	4
404	4	820.19	1	4
404	4	1054.9	1	4
404	4	812.37	1	4
404	4	668.82	1	4
404	4	591.14	1	4
404	4	532.02	1	4
404	4	550.1	1	4
404	4	731.98	1	4
404	4	682.22	1	4
404	4	728.33	1	4
404	4	1555.2	1	4
404	4	1416.5	1	4
404	4	2173	1	4
404	4	1758	1	4
404	4	2694.9	1	4
404	4	1812.5	1	4
404	4	1543.2	1	4
404	4	1319.5	1	4
404	4	508.39	1	4
404	4	1200.3	1	4
404	4	845	1	4
404	4	914.71	1	4
404	4	673.96	1	4
404	4	733.02	1	4
404	4	1871.7	1	4
404	4	1995.1	1	4
404	4	1545	1	4
404	4	916.46	1	4
404	4	629.43	1	4
404	4	743.57	1	4
404	4	791.18	1	4
404	4	2842.4	1	4
404	4	641.07	1	4
404	4	555.72	1	4
404	4	638.3	1	4
404	4	751.05	1	4
404	4	546.89	1	4
404	4	1269.1	1	4
404	4	916.44	1	4
404	4	1775.4	1	4
404	4	538.34	1	4
404	4	632.15	1	4
404	4	749.21	1	4
404	4	596.89	1	4
404	4	958.89	1	4
404	4	537.49	1	4
404	4	548.13	1	4
404	4	576.8	1	4
404	4	602.26	1	4
404	4	641.15	1	4
404	4	709.89	1	4
404	4	502.62	1	4
404	4	551.41	1	4
404	4	702.9	1	4
404	4	802.48	1	4
404	4	626.87	1	4
404	4	896.67	1	4
404	4	539.95	1	4
404	4	552.14	1	4
404	4	591.3	1	4
404	4	709.04	1	4
404	4	938.63	1	4
404	4	586.5	1	4
404	4	491	1	4
404	4	660.6	1	4
404	4	491.69	1	4
404	4	945.15	1	4
404	4	592.97	1	4
404	4	801.74	1	4
404	4	935.27	1	4
404	4	629.26	1	4
404	4	1125.9	1	4
404	4	464.81	1	4
404	4	721.13	1	4
404	4	636.23	1	4
404	4	891.72	1	4
404	4	1622.1	1	4
404	4	617.61	1	4
404	4	924.27	1	4
404	4	576.42	1	4
404	4	537.66	1	4
404	4	517.29	1	4
404	4	550.67	1	4
404	4	497.68	1	4
404	4	1825.3	1	4
404	4	681.19	1	4
404	4	831.04	1	4
404	4	1018.5	1	4
404	4	495.32	1	4
404	4	723.43	1	4
404	4	578	1	4
404	4	912.77	1	4
404	4	451.11	1	4
404	4	705.58	1	4
404	4	588.66	1	4
404	4	491.97	1	4
404	4	544.64	1	4
404	4	555.54	1	4
404	4	802.28	1	4
404	4	1084.8	1	4
404	4	1698.9	1	4
404	4	916.86	1	4
404	4	1979.9	0	4
404	4	946.25	1	4
404	4	2682.2	1	4
404	4	1750.1	1	4
404	4	1221.4	1	4
404	4	705.35	1	4
404	4	505.15	1	4
404	4	439.6	1	4
404	4	1089.3	1	4
404	4	571.04	1	4
404	4	538.64	1	4
404	4	449.15	1	4
404	4	509.94	1	4
404	4	1282.9	1	4
404	4	560.8	1	4
404	4	1427.9	1	4
404	4	843.14	1	4
404	4	805.47	1	4
404	4	570.66	1	4
404	4	842.5	1	4
404	4	476.76	1	4
404	4	527.15	1	4
404	4	543.88	1	4
404	4	1116.9	1	4
404	4	537.44	1	4
404	4	681.7	1	4
404	4	1538.7	1	4
404	4	700.96	1	4
404	4	460.16	1	4
404	4	887.72	1	4
404	4	718.52	1	4
404	4	590.47	1	4
404	4	651.58	1	4
404	4	581.38	1	4
404	4	625.9	1	4
404	4	2068.8	1	4
404	4	581.55	1	4
404	4	625.69	0	4
404	4	490.64	1	4
404	4	558.01	1	4
404	4	869.99	1	4
404	4	792	1	4
404	4	520.54	1	4
404	4	1179.8	1	4
404	4	576.5	1	4
404	4	1599.6	1	5
404	4	563.12	1	5
404	4	800.88	1	5
404	4	763.13	1	5
404	4	633.43	1	5
404	4	1355.4	1	5
404	4	721.67	1	5
404	4	656.95	1	5
404	4	604.88	1	5
404	4	564.3	1	5
404	4	668.72	1	5
404	4	1241.5	1	5
404	4	599.79	1	5
404	4	2108.2	1	5
404	4	689.98	1	5
404	4	657.06	1	5
404	4	670.13	1	5
404	4	777.54	1	5
404	4	715.31	1	5
404	4	686.76	1	5
404	4	846.62	1	5
404	4	533.8	1	5
404	4	987.69	1	5
404	4	618.97	1	5
404	4	663.81	1	5
404	4	587.14	1	5
404	4	595.57	1	5
404	4	586.1	1	5
404	4	565.68	1	5
404	4	543.29	1	5
404	4	716.2	1	5
404	4	590.19	1	5
404	4	594.55	1	5
404	4	1573.8	1	5
404	4	1702.7	1	5
404	4	663.13	1	5
404	4	551.46	1	5
404	4	1021.5	1	5
404	4	1265.9	1	5
404	4	601.57	1	5
404	4	1087.9	1	5
404	4	782.3	1	5
404	4	588.31	1	5
404	4	1002	1	5
404	4	777.29	1	5
404	4	583.06	1	5
404	4	671.09	1	5
404	4	768.38	1	5
404	4	733.31	1	5
404	4	699.11	1	5
404	4	636.04	1	5
404	4	599.85	1	5
404	4	2051	0	5
404	4	1618.8	0	5
404	4	868.17	1	5
404	4	1086.3	1	5
404	4	775.97	1	5
404	4	892.12	1	5
404	4	792.2	1	5
404	4	638.64	1	5
404	4	1715	1	5
404	4	736.5	1	5
404	4	698.8	1	5
404	4	618.83	1	5
404	4	662.03	1	5
404	4	559.43	1	5
404	4	749.41	1	5
404	4	659.43	1	5
404	4	562.35	1	5
404	4	635.67	1	5
404	4	979.46	1	5
404	4	505.93	1	5
404	4	678.71	1	5
404	4	631.56	1	5
404	4	687.99	1	5
404	4	614.13	1	5
404	4	643.25	1	5
404	4	619.46	1	5
404	4	1143.3	1	5
404	4	865.07	1	5
404	4	526	1	5
404	4	810.51	1	5
404	4	860.24	1	5
404	4	1461.7	1	5
404	4	706.06	1	5
404	4	1070.7	1	5
404	4	679.54	1	5
404	4	685.7	1	5
404	4	603.38	1	5
404	4	611.69	0	5
404	4	904.33	1	5
404	4	856.33	1	5
404	4	564.36	1	5
404	4	625.66	1	5
404	4	621.43	1	5
404	4	556.45	0	5
404	4	935.24	1	5
404	4	807.23	1	5
404	4	613.27	1	5
404	4	949.65	1	5
404	4	644.92	1	5
404	4	769.88	1	5
404	4	1353.3	1	5
404	4	611.51	1	5
404	4	808.83	1	5
404	4	617.4	1	5
404	4	958.65	1	5
404	4	863.6	1	5
404	4	1209.2	1	5
404	4	529.82	1	5
404	4	724.21	1	5
404	4	1385.4	1	5
404	4	875.76	1	5
404	4	856.62	1	5
404	4	868.89	1	5
404	4	922.92	1	5
404	4	652.07	1	5
404	4	875.22	1	5
404	4	805.84	1	5
404	4	1126.9	1	5
404	4	852.74	0	5
404	4	702.39	1	5
404	4	988.17	1	5
404	4	527.24	1	5
404	4	1063.2	1	5
404	4	645.44	1	5
404	4	998.09	1	5
404	4	966.12	1	5
404	4	788.22	1	5
404	4	627.95	1	5
404	4	653.47	1	5
404	4	926.01	1	5
404	4	1091.4	1	5
404	4	609.58	1	5
404	4	591.83	1	5
404	4	672.35	1	5
404	4	996.66	1	5
404	4	739.37	1	5
404	4	648.76	1	5
404	4	962.99	1	5
404	4	714.34	1	5
404	4	608.01	1	5
404	4	1018.8	1	5
404	4	2073.2	0	5
404	4	933.48	1	5
404	4	726.8	1	5
404	4	677.44	1	5
404	4	681.03	1	5
404	4	745.59	1	5
404	4	1254.7	1	5
404	4	900.13	1	5
404	4	638.29	1	5
404	4	695.12	1	5
404	4	638.35	1	5
404	4	1164.5	1	5
404	4	633.65	1	5
404	4	996.2	1	5
404	4	1053	1	5
404	4	765.57	1	5
404	4	572.09	1	5
404	4	1376.2	1	5
404	4	765.65	1	5
404	4	614.35	1	5
404	4	775.89	1	5
404	4	709.1	1	5
404	4	917.53	1	5
404	4	592.53	1	5
404	4	716.45	1	5
404	4	665.09	1	5
404	4	715.72	1	5
404	4	1130	1	5
404	4	1354.2	1	5
404	4	660.36	1	5
404	4	531.87	1	5
404	4	538.12	1	5
404	4	850	1	5
404	4	691.43	1	5
404	4	549.84	1	5
404	4	696.82	1	5
404	4	680.62	1	5
404	4	938.93	1	5
404	4	648.04	1	5
404	4	1846.5	1	5
404	4	615.62	0	5
404	4	812.8	1	5
404	4	1026	1	5
404	4	645.47	1	5
404	4	725.59	1	5
404	4	800.31	1	5
404	4	583.12	1	5
404	4	1572.3	1	5
404	4	682.66	1	5
404	4	844.14	1	5
404	4	588.05	1	5
404	4	593.61	1	5
404	4	1025.9	1	5
404	4	554.05	1	5
404	4	1892.7	1	5
404	4	755.42	1	5
404	4	1237.5	1	5
404	4	1689.4	1	5
404	4	1920.3	0	5
404	4	736.33	1	5
404	4	846.43	1	5
404	4	1241.9	1	5
404	4	961.65	1	5
404	4	700.07	1	5
404	4	1177	1	5
404	4	852.04	1	5
404	4	556.1	1	5
404	4	729.09	1	5
404	4	960	1	5
404	4	676.27	1	5
404	4	1220.3	1	5
404	4	1369.7	1	5
404	4	576.74	1	5
404	4	1092.1	1	5
404	4	1427.7	1	5
404	4	767.43	1	5
404	4	649.67	1	5
404	4	787.91	1	5
404	4	755.06	1	5
404	4	565.06	1	5
404	4	682.2	1	5
404	4	865.79	1	5
404	4	1348.9	1	5
404	4	608.77	1	5
404	4	813.41	1	5
404	4	933.46	1	5
404	4	1682.3	1	5
404	4	708.58	1	5
404	4	616.42	1	5
404	4	750.33	1	5
404	4	1793.3	0	5
404	4	1549.4	0	5
404	4	1802.4	1	5
404	4	802.78	1	5
404	4	715.39	1	5
404	4	518.05	1	5
404	4	967.94	1	5
404	4	1026.7	1	5
404	4	1328.9	1	5
404	4	1648.8	1	5
404	4	601.77	1	5
404	4	567.16	1	5
404	4	574.11	0	5
404	4	604.99	1	5
404	4	600.78	1	5
404	4	972.04	1	5
404	4	597.31	1	5
404	4	500.41	1	5
404	4	857.64	1	5
404	4	916.27	1	5
404	4	478.29	1	5
404	4	634	1	5
404	4	750.64	1	5
404	4	563.14	1	5
404	4	1747.4	1	5
404	4	663.36	1	5
404	4	603.68	1	5
404	4	527.49	1	5
404	4	609.38	1	5
404	4	800.11	1	5
404	4	847.04	1	5
404	4	736.87	1	5
404	4	598.03	1	5
404	4	708.24	1	5
404	4	623.51	1	5
404	4	902.19	1	5
404	4	1648	0	5
404	4	507	0	5
404	4	641.94	1	5
404	4	606.67	1	5
404	4	541.66	1	5
404	4	636.6	1	5
404	4	690.59	1	5
404	4	986.23	1	5
404	4	648.9	1	5
404	4	727.37	1	5
404	4	503.55	1	5
404	4	592.47	1	5
404	4	640.9	1	5
404	4	1004.6	1	5
404	4	751.38	1	5
404	4	663.22	1	5
404	4	557.16	1	5
404	4	600.78	1	5
404	4	800.4	1	5
404	4	549.93	1	5
404	4	689.63	1	5
404	4	725.79	1	5
404	4	850.92	1	5
404	4	539.03	1	5
404	4	724.33	1	5
404	4	506.31	1	5
404	4	596.05	1	5
404	4	545.9	1	5
404	4	589.36	1	5
404	4	717.3	1	5
404	4	626.32	1	5
404	4	557.86	1	5
404	4	559.07	1	5
404	4	1189	1	5
404	4	1501.2	0	5
404	4	840.04	1	5
404	4	651.15	1	5
404	4	519.23	1	5
404	4	915.12	1	5
404	4	2413	1	5
404	4	1210.6	1	5
404	4	537.32	1	5
404	4	809.96	1	5
404	4	534.54	1	5
404	4	536.19	1	5
404	4	538.27	1	5
404	4	547.97	1	5
404	4	789.66	1	5
404	4	2012.5	1	5
404	4	1111.1	1	5
404	4	650.84	1	5
404	4	962.59	1	5
404	4	575.35	1	5
404	4	813.31	1	5
404	4	680.77	1	5
404	4	572.23	1	5
404	4	814.39	1	5
404	4	518.43	1	5
404	4	1062.6	1	5
404	4	856.73	1	5
404	4	552.32	1	5
404	4	567.31	1	5
404	4	1052.4	1	5
404	4	709.17	1	5
404	4	811.8	1	5
404	4	724.51	1	5
404	4	717.74	1	5
404	4	1426.7	1	5
404	4	882.65	1	5
404	4	611.49	1	5
404	4	557.78	1	5
404	4	638.94	1	5
404	4	596.54	1	5
404	4	618.67	1	5
404	4	528.82	1	5
404	4	622.42	1	5
404	4	712.81	1	5
404	4	844.92	1	5
404	4	534.33	1	5
404	4	931.52	1	5
404	4	1028.3	1	5
404	4	833.12	1	6
404	4	927.49	1	6
404	4	658.02	1	6
404	4	744.64	1	6
404	4	887.69	1	6
404	4	801.73	1	6
404	4	1049.2	1	6
404	4	584.98	1	6
404	4	689.88	1	6
404	4	703.49	1	6
404	4	571.66	1	6
404	4	1442.7	1	6
404	4	735.77	1	6
404	4	601.82	1	6
404	4	926.42	1	6
404	4	1865.7	1	6
404	4	617.89	1	6
404	4	815.75	1	6
404	4	991.96	1	6
404	4	638.8	1	6
404	4	654.76	1	6
404	4	759.09	1	6
404	4	626.66	1	6
404	4	570.68	1	6
404	4	627.33	1	6
404	4	750.09	1	6
404	4	687.92	1	6
404	4	735.78	1	6
404	4	486.03	1	6
404	4	735.19	1	6
404	4	767.09	1	6
404	4	660.77	1	6
404	4	694.59	1	6
404	4	935.19	1	6
404	4	859.52	1	6
404	4	1141.5	1	6
404	4	865.29	1	6
404	4	828.69	1	6
404	4	1077.5	1	6
404	4	871.85	1	6
404	4	846.52	1	6
404	4	691.19	1	6
404	4	884.47	1	6
404	4	626.54	1	6
404	4	675.78	1	6
404	4	532.59	1	6
404	4	508.46	1	6
404	4	587.97	1	6
404	4	809.67	1	6
404	4	627.74	1	6
404	4	657.95	1	6
404	4	869.22	1	6
404	4	606.17	1	6
404	4	652.84	1	6
404	4	1059.1	1	6
404	4	646.51	1	6
404	4	597.76	1	6
404	4	619.8	1	6
404	4	1074	1	6
404	4	669	1	6
404	4	689.2	1	6
404	4	675.93	1	6
404	4	965.37	1	6
404	4	649.01	1	6
404	4	742.72	1	6
404	4	570.97	1	6
404	4	986.01	1	6
404	4	641.11	1	6
404	4	630.02	1	6
404	4	1061.4	1	6
404	4	681.9	1	6
404	4	1229.8	1	6
404	4	960.24	1	6
404	4	678.4	1	6
404	4	573.84	1	6
404	4	621.37	1	6
404	4	921.53	1	6
404	4	1187.9	1	6
404	4	960.82	1	6
404	4	763.13	1	6
404	4	667.71	1	6
404	4	1742.2	1	6
404	4	1055.8	1	6
404	4	594.91	1	6
404	4	1188.5	1	6
404	4	1393.5	1	6
404	4	916	1	6
404	4	1136.8	1	6
404	4	692.88	1	6
404	4	652.17	1	6
404	4	662.67	1	6
404	4	619.77	1	6
404	4	610.82	1	6
404	4	602.78	1	6
404	4	1124.8	1	6
404	4	621.57	1	6
404	4	553.38	1	6
404	4	611.76	1	6
404	4	665.92	1	6
404	4	613.2	1	6
404	4	760.77	1	6
404	4	1354.4	1	6
404	4	1101.8	1	6
404	4	940.71	1	6
404	4	1107.5	1	6
404	4	2505.4	0	6
404	4	583.73	1	6
404	4	668	1	6
404	4	822.13	1	6
404	4	575.86	1	6
404	4	646.01	1	6
404	4	862.91	1	6
404	4	753.49	1	6
404	4	806.01	1	6
404	4	1110.1	1	6
404	4	967.41	1	6
404	4	1183.9	1	6
404	4	635.22	1	6
404	4	1094.3	1	6
404	4	854.07	1	6
404	4	905.25	1	6
404	4	1016	1	6
404	4	579.8	1	6
404	4	702.1	1	6
404	4	540.14	1	6
404	4	914.46	1	6
404	4	832	1	6
404	4	672	1	6
404	4	871.1	1	6
404	4	687.85	1	6
404	4	766.27	1	6
404	4	669.7	1	6
404	4	926.37	1	6
404	4	1049.2	1	6
404	4	1163.3	0	6
404	4	1458.8	1	6
404	4	1068.1	1	6
404	4	787.38	1	6
404	4	947.2	1	6
404	4	583.48	0	6
404	4	1104	1	6
404	4	1726	1	6
404	4	725.09	1	6
404	4	847.57	1	6
404	4	1015.2	1	6
404	4	631.3	1	6
404	4	1106	1	6
404	4	1363.3	1	6
404	4	965.44	1	6
404	4	739.19	1	6
404	4	701.83	1	6
404	4	692.29	1	6
404	4	593.11	1	6
404	4	995.05	1	6
404	4	679.79	1	6
404	4	779.92	1	6
404	4	853.76	1	6
404	4	700.44	1	6
404	4	581.45	1	6
404	4	951.01	1	6
404	4	723.61	1	6
404	4	1303.7	1	6
404	4	548.94	1	6
404	4	943.03	1	6
404	4	652.11	1	6
404	4	988.7	1	6
404	4	804.33	1	6
404	4	1760.7	1	6
404	4	747.57	1	6
404	4	564.07	1	6
404	4	535.64	1	6
404	4	844.1	1	6
404	4	624.36	1	6
404	4	602.42	1	6
404	4	576.86	1	6
404	4	713.06	1	6
404	4	1507.9	1	6
404	4	601.12	1	6
404	4	939.31	1	6
404	4	724.59	1	6
404	4	515.24	1	6
404	4	716.78	1	6
404	4	745.85	1	6
404	4	862.74	1	6
404	4	564.58	1	6
404	4	956.02	1	6
404	4	815.93	1	6
404	4	531.08	1	6
404	4	562.16	1	6
404	4	1021.8	1	6
404	4	1327.3	1	6
404	4	791.55	1	6
404	4	678.62	1	6
404	4	874.45	1	6
404	4	1184.8	1	6
404	4	512.33	1	6
404	4	679.37	1	6
404	4	1019.9	1	6
404	4	625.9	1	6
404	4	2836	0	6
404	4	591.94	1	6
404	4	3387.8	1	6
404	4	886.23	1	6
404	4	2232.9	0	6
404	4	881.46	1	6
404	4	647.4	1	6
404	4	1431.6	1	6
404	4	944.34	1	6
404	4	614.75	1	6
404	4	829.01	1	6
404	4	530.38	1	6
404	4	1306.8	1	6
404	4	718.82	1	6
404	4	1201	1	6
404	4	1656.1	1	6
404	4	1602	1	6
404	4	1717.7	1	6
404	4	799.13	1	6
404	4	606.18	1	6
404	4	847.89	1	6
404	4	3598.1	0	6
404	4	936.62	1	6
404	4	1171.6	1	6
404	4	765.26	1	6
404	4	1166	1	6
404	4	1889.8	1	6
404	4	754.55	1	6
404	4	2030.8	1	6
404	4	870.52	1	6
404	4	569.85	1	6
404	4	744.99	1	6
404	4	643.59	1	6
404	4	1525.9	1	6
404	4	2307.4	1	6
404	4	952.01	1	6
404	4	705.42	1	6
404	4	713.94	1	6
404	4	949.05	1	6
404	4	1696.3	1	6
404	4	1112.5	1	6
404	4	2258.5	1	6
404	4	1590.9	1	6
404	4	936.9	1	6
404	4	1467.2	1	6
404	4	729.96	1	6
404	4	653.39	1	6
404	4	814.29	1	6
404	4	648.58	1	6
404	4	500.02	1	6
404	4	475.34	1	6
404	4	838.91	1	6
404	4	499.33	1	6
404	4	466.29	1	6
404	4	537.02	1	6
404	4	560.03	1	6
404	4	651.96	1	6
404	4	576.43	1	6
404	4	611.59	1	6
404	4	591.72	1	6
404	4	678.63	1	6
404	4	509.26	1	6
404	4	1417.1	1	6
404	4	561.56	1	6
404	4	598.35	1	6
404	4	502.1	1	6
404	4	504.96	1	6
404	4	1056.7	1	6
404	4	512.33	1	6
404	4	624.9	1	6
404	4	496.12	1	6
404	4	524.02	1	6
404	4	606.45	1	6
404	4	781.54	0	6
404	4	492.13	1	6
404	4	865.98	1	6
404	4	562.94	1	6
404	4	571.75	1	6
404	4	623.35	1	6
404	4	538.17	1	6
404	4	2024.1	0	6
404	4	592.93	1	6
404	4	562.63	1	6
404	4	704.46	1	6
404	4	508.26	1	6
404	4	895.4	1	6
404	4	537.42	1	6
404	4	514.59	1	6
404	4	739.08	1	6
404	4	1055.7	1	6
404	4	1347.6	1	6
404	4	540.51	1	6
404	4	554.4	1	6
404	4	521.01	1	6
404	4	537.84	1	6
404	4	725.82	1	6
404	4	551.3	1	6
404	4	609.26	1	6
404	4	566.06	1	6
404	4	633.9	1	6
404	4	705.32	1	6
404	4	602.03	1	6
404	4	1866.2	0	6
404	4	615.71	1	6
404	4	632.23	1	6
404	4	678.95	1	6
404	4	635.03	1	6
404	4	559.02	1	6
404	4	723.54	1	6
404	4	513.24	1	6
404	4	490.2	1	6
404	4	1125.6	1	6
404	4	761.35	0	6
404	4	855.64	1	6
404	4	857.57	1	6
404	4	614.63	1	6
404	4	508.04	1	6
404	4	552.97	1	6
404	4	1376	1	6
404	4	1065.1	1	6
404	4	532.82	1	6
404	4	762.41	1	6
404	4	580.2	1	6
404	4	574.56	1	6
404	4	554.15	1	6
404	4	540.4	1	6
404	4	640.8	1	6
404	4	570.6	1	6
404	4	669.55	1	6
404	4	567.81	1	6
404	4	693.49	1	6
404	4	599.59	1	6
404	4	1030.4	1	6
404	4	720.42	1	6
404	4	759.88	1	6
404	4	584.33	1	6
404	4	570.23	1	6
404	4	695.79	1	6
404	4	606.43	1	6
404	4	981.13	1	6
404	4	622.42	1	6
404	4	598.9	1	6
404	4	1939	1	6
404	4	702.74	1	6
404	4	523.99	1	6
404	4	504.3	1	6
404	4	538.02	1	6
404	4	734.13	1	6
404	4	755.95	1	6
404	4	871.51	1	7
404	4	975.94	1	7
404	4	755.46	1	7
404	4	1166.4	1	7
404	4	665.74	1	7
404	4	1450.5	1	7
404	4	1040.2	1	7
404	4	745.74	1	7
404	4	693.85	1	7
404	4	863.97	1	7
404	4	637.73	1	7
404	4	618.99	1	7
404	4	716.24	1	7
404	4	791.89	1	7
404	4	873.56	1	7
404	4	1176.6	1	7
404	4	764.55	1	7
404	4	904.1	1	7
404	4	972.86	1	7
404	4	1253.8	1	7
404	4	1925	1	7
404	4	1394	1	7
404	4	1714	1	7
404	4	1085.6	1	7
404	4	699.7	1	7
404	4	1029	1	7
404	4	844.8	1	7
404	4	803.03	1	7
404	4	2042.9	1	7
404	4	937.78	1	7
404	4	1013	1	7
404	4	693.38	1	7
404	4	723.72	1	7
404	4	875.83	1	7
404	4	852.87	1	7
404	4	762.09	1	7
404	4	748.65	1	7
404	4	1325.2	1	7
404	4	942.92	1	7
404	4	769.82	1	7
404	4	1416.2	1	7
404	4	1467.3	1	7
404	4	730.72	1	7
404	4	909.73	1	7
404	4	667.42	1	7
404	4	773.42	1	7
404	4	713.67	1	7
404	4	679.74	1	7
404	4	911.08	1	7
404	4	630.61	1	7
404	4	802.83	1	7
404	4	833.71	1	7
404	4	605.98	1	7
404	4	1056.3	1	7
404	4	1043.4	1	7
404	4	743.9	1	7
404	4	909.13	1	7
404	4	879.28	1	7
404	4	1176.9	1	7
404	4	833.4	1	7
404	4	762.08	1	7
404	4	609.88	1	7
404	4	653.33	1	7
404	4	1031.3	1	7
404	4	924.87	1	7
404	4	651.9	1	7
404	4	1053.6	1	7
404	4	1008.2	1	7
404	4	648.37	1	7
404	4	1767.7	1	7
404	4	594.17	1	7
404	4	750.64	1	7
404	4	805.26	1	7
404	4	639.02	1	7
404	4	766.73	1	7
404	4	1005.2	1	7
404	4	802.65	1	7
404	4	648.78	1	7
404	4	739	1	7
404	4	778.65	1	7
404	4	789.21	1	7
404	4	891.32	1	7
404	4	698.66	1	7
404	4	696.26	1	7
404	4	715.48	1	7
404	4	511.39	1	7
404	4	607.89	1	7
404	4	681.85	1	7
404	4	665.13	1	7
404	4	603.99	1	7
404	4	656.62	1	7
404	4	1381	1	7
404	4	643.66	1	7
404	4	706.99	1	7
404	4	645.14	1	7
404	4	545	1	7
404	4	1038.8	1	7
404	4	1201	1	7
404	4	665.57	1	7
404	4	602.42	1	7
404	4	484.79	1	7
404	4	663.46	1	7
404	4	995.86	1	7
404	4	739.51	1	7
404	4	967.84	1	7
404	4	738.64	1	7
404	4	864.71	1	7
404	4	731.81	1	7
404	4	865.02	1	7
404	4	1070.2	1	7
404	4	669.76	1	7
404	4	683.66	1	7
404	4	637.91	1	7
404	4	825.58	1	7
404	4	877	1	7
404	4	644.53	1	7
404	4	693.67	1	7
404	4	682.92	1	7
404	4	610.9	1	7
404	4	1110.1	1	7
404	4	599.98	1	7
404	4	652.14	1	7
404	4	663.18	1	7
404	4	881.01	1	7
404	4	662.91	1	7
404	4	685.51	1	7
404	4	565.48	1	7
404	4	576.88	1	7
404	4	609.67	1	7
404	4	642.75	1	7
404	4	536.4	1	7
404	4	665.83	1	7
404	4	629.76	1	7
404	4	620.46	1	7
404	4	833.98	1	7
404	4	564.65	1	7
404	4	783.08	1	7
404	4	2245.9	0	7
404	4	534.23	1	7
404	4	851.36	1	7
404	4	621.8	1	7
404	4	692.23	1	7
404	4	610.82	1	7
404	4	608.74	1	7
404	4	672.31	1	7
404	4	677.71	1	7
404	4	811.49	1	7
404	4	757.6	1	7
404	4	908.8	1	7
404	4	646.22	1	7
404	4	499.16	1	7
404	4	703.05	1	7
404	4	990.85	1	7
404	4	829.74	1	7
404	4	743.32	1	7
404	4	649.7	1	7
404	4	672.83	1	7
404	4	558.59	1	7
404	4	609.89	1	7
404	4	599.26	1	7
404	4	582.43	1	7
404	4	710.44	1	7
404	4	608.71	1	7
404	4	1698.7	1	7
404	4	642.46	1	7
404	4	663.43	1	7
404	4	695.71	1	7
404	4	783.21	1	7
404	4	793.9	1	7
404	4	605.68	1	7
404	4	637.87	1	7
404	4	598.05	1	7
404	4	705.59	1	7
404	4	630.81	1	7
404	4	959.36	1	7
404	4	569.8	1	7
404	4	757.08	1	7
404	4	704.62	1	7
404	4	813.55	1	7
404	4	538.15	1	7
404	4	538.54	1	7
404	4	1229.7	1	7
404	4	694.77	1	7
404	4	661.95	1	7
404	4	578.74	1	7
404	4	557.3	1	7
404	4	692.35	1	7
404	4	713.94	1	7
404	4	762.65	1	7
404	4	651.11	1	7
404	4	584.94	1	7
404	4	657.9	1	7
404	4	758.87	1	7
404	4	735.86	1	7
404	4	920.38	1	7
404	4	637.29	1	7
404	4	642.65	1	7
404	4	560.52	1	7
404	4	710.85	1	7
404	4	713.56	1	7
404	4	1518.7	1	7
404	4	803.04	1	7
404	4	961.29	1	7
404	4	717.46	1	7
404	4	565.21	1	7
404	4	1291.8	1	7
404	4	666.03	1	7
404	4	694.65	1	7
404	4	547.39	1	7
404	4	886.16	1	7
404	4	550.08	1	7
404	4	514.57	1	7
404	4	629.94	1	7
404	4	491.54	1	7
404	4	1686.9	1	7
404	4	1284.9	1	7
404	4	1376.8	1	7
404	4	692.95	1	7
404	4	1045.3	1	7
404	4	599.89	1	7
404	4	587.09	1	7
404	4	1418.1	1	7
404	4	569.2	1	7
404	4	1233.4	1	7
404	4	507.26	1	7
404	4	559.21	1	7
404	4	1895.8	1	7
404	4	617.36	1	7
404	4	1836.7	1	7
404	4	1292.4	1	7
404	4	578.76	1	7
404	4	617.39	1	7
404	4	852.88	1	7
404	4	538.13	1	7
404	4	840.35	1	7
404	4	508.9	1	7
404	4	538.74	1	7
404	4	546.31	1	7
404	4	652.48	1	7
404	4	559.86	1	7
404	4	792.7	1	7
404	4	959.5	1	7
404	4	528.6	1	7
404	4	617.81	1	7
404	4	588.82	1	7
404	4	534.28	1	7
404	4	509.92	1	7
404	4	596.78	1	7
404	4	562.67	1	7
404	4	647.03	1	7
404	4	556.04	1	7
404	4	542.54	1	7
404	4	503.85	1	7
404	4	557.63	1	7
404	4	631.95	1	7
404	4	526.09	1	7
404	4	1011.2	1	7
404	4	465.33	0	7
404	4	657.65	1	7
404	4	532.94	1	7
404	4	541.39	1	7
404	4	474.24	1	7
404	4	544.68	1	7
404	4	521.45	1	7
404	4	500.31	1	7
404	4	578.15	1	7
404	4	531.16	1	7
404	4	554.32	1	7
404	4	476.99	1	7
404	4	555.89	1	7
404	4	523.67	1	7
404	4	544.2	1	7
404	4	500.54	1	7
404	4	532.52	1	7
404	4	497.84	1	7
404	4	502.87	1	7
404	4	676.63	1	7
404	4	522.77	1	7
404	4	484.34	1	7
404	4	556.66	1	7
404	4	582.2	1	7
404	4	552.57	1	7
404	4	592.95	1	7
404	4	521.73	1	7
404	4	550.77	1	7
404	4	533.68	1	7
404	4	676.45	1	7
404	4	623.54	1	7
404	4	499.44	1	7
404	4	639.78	1	7
404	4	643.57	1	7
404	4	512.24	1	7
404	4	621.62	1	7
404	4	592.56	1	7
404	4	600.63	1	7
404	4	510.46	1	7
404	4	490.56	1	7
404	4	539.09	1	7
404	4	555.44	1	7
404	4	603.41	1	7
404	4	513.39	1	7
404	4	739.67	1	7
404	4	552.79	1	7
404	4	990.94	1	7
404	4	717.58	1	7
404	4	669.41	1	7
404	4	735.07	1	7
404	4	585.75	1	7
404	4	576.96	1	7
404	4	480.23	1	7
404	4	619.44	1	7
404	4	535.86	1	7
404	4	535.6	1	7
404	4	637.18	1	7
404	4	489.92	1	7
404	4	539.67	1	7
404	4	550.37	1	7
404	4	628.69	1	7
404	4	611.73	1	7
404	4	554.93	1	7
404	4	536.97	1	7
404	4	531.12	1	7
404	4	495.49	1	7
404	4	594.89	1	7
404	4	480.99	1	7
404	4	655.17	1	7
404	4	481.7	1	7
404	4	664.28	1	7
404	4	582.31	1	7
404	4	716.97	1	7
404	4	680.06	1	7
404	4	549.61	1	7
404	4	505.84	1	7
404	4	606.42	1	7
404	4	680.17	1	7
404	4	579.43	1	7
404	4	529.13	1	7
404	4	524.82	1	7
404	4	1166.8	1	7
404	4	599.82	1	7
404	4	621.84	1	7
404	4	552.59	1	7
404	4	507.36	1	7
404	4	544.55	1	7
404	4	625	1	7
404	4	569	1	7
404	4	523.29	1	7
404	4	568.13	1	7
404	4	525.76	1	7
404	4	832.42	1	8
404	4	852.4	1	8
404	4	725.77	1	8
404	4	2134	1	8
404	4	724.15	1	8
404	4	786.4	1	8
404	4	1121.7	1	8
404	4	795.72	1	8
404	4	755.16	1	8
404	4	581.81	1	8
404	4	796.6	1	8
404	4	611.77	1	8
404	4	752.64	1	8
404	4	704.65	1	8
404	4	895.49	1	8
404	4	1063.1	1	8
404	4	983.74	1	8
404	4	788.66	1	8
404	4	1305.3	1	8
404	4	876.36	1	8
404	4	1033.4	1	8
404	4	854.24	1	8
404	4	1185.8	1	8
404	4	781.29	1	8
404	4	745.32	1	8
404	4	707.55	1	8
404	4	727.7	1	8
404	4	830.99	0	8
404	4	609.58	1	8
404	4	504.48	1	8
404	4	1174.4	1	8
404	4	732.37	1	8
404	4	828.47	1	8
404	4	751.62	1	8
404	4	638.94	1	8
404	4	442.87	1	8
404	4	602.84	1	8
404	4	1566.2	1	8
404	4	627.51	1	8
404	4	982.7	1	8
404	4	929.39	1	8
404	4	983.45	1	8
404	4	639.79	1	8
404	4	841.28	1	8
404	4	730.92	1	8
404	4	586.58	1	8
404	4	655.96	1	8
404	4	574.59	1	8
404	4	687.16	1	8
404	4	666.73	1	8
404	4	1053.1	0	8
404	4	1005.9	1	8
404	4	900.36	1	8
404	4	661.25	1	8
404	4	1720.7	1	8
404	4	676.39	1	8
404	4	920.77	1	8
404	4	1136.8	1	8
404	4	838.91	1	8
404	4	1130.3	1	8
404	4	715.42	1	8
404	4	1124.6	1	8
404	4	636.07	1	8
404	4	649.07	1	8
404	4	745.49	1	8
404	4	873.63	1	8
404	4	517.52	1	8
404	4	703.68	1	8
404	4	466.62	1	8
404	4	605.66	1	8
404	4	1350.7	1	8
404	4	595.53	1	8
404	4	1230.4	1	8
404	4	672.09	1	8
404	4	701.57	1	8
404	4	648.13	1	8
404	4	672.78	1	8
404	4	1269.7	1	8
404	4	984.63	1	8
404	4	809.83	1	8
404	4	958.54	1	8
404	4	766.42	1	8
404	4	753.93	1	8
404	4	677.29	1	8
404	4	1480.4	1	8
404	4	466.76	1	8
404	4	615.97	1	8
404	4	850.64	1	8
404	4	646.91	1	8
404	4	600.56	1	8
404	4	651.49	1	8
404	4	587.26	1	8
404	4	540.71	1	8
404	4	819.94	1	8
404	4	652.12	1	8
404	4	701.67	1	8
404	4	689.1	1	8
404	4	661.23	1	8
404	4	588.42	1	8
404	4	747.62	1	8
404	4	555.22	1	8
404	4	1723.9	1	8
404	4	616.85	1	8
404	4	806.89	1	8
404	4	1195.1	0	8
404	4	862.9	1	8
404	4	577.32	1	8
404	4	826.16	1	8
404	4	683.75	1	8
404	4	598.39	1	8
404	4	634.39	1	8
404	4	678.67	1	8
404	4	558.4	1	8
404	4	932.27	1	8
404	4	673.92	1	8
404	4	849.22	1	8
404	4	918.74	1	8
404	4	907.31	1	8
404	4	771.3	1	8
404	4	626.25	1	8
404	4	684.37	1	8
404	4	684.91	1	8
404	4	604.05	1	8
404	4	1331.3	1	8
404	4	553.01	1	8
404	4	582.03	1	8
404	4	660.64	1	8
404	4	636.22	1	8
404	4	702.95	1	8
404	4	585.53	1	8
404	4	824.36	1	8
404	4	560.71	1	8
404	4	2080.3	1	8
404	4	605.29	1	8
404	4	663.18	1	8
404	4	551.48	1	8
404	4	631.29	1	8
404	4	804.15	1	8
404	4	827.56	1	8
404	4	812.39	1	8
404	4	704.65	1	8
404	4	623.39	1	8
404	4	1005.4	1	8
404	4	850.84	1	8
404	4	1100.3	1	8
404	4	2562.1	1	8
404	4	614.39	1	8
404	4	1887.6	0	8
404	4	753.82	1	8
404	4	581.8	1	8
404	4	627.19	1	8
404	4	693.31	1	8
404	4	538.39	1	8
404	4	1026.6	1	8
404	4	662.86	1	8
404	4	655.26	1	8
404	4	834.59	1	8
404	4	642.82	1	8
404	4	562.45	1	8
404	4	758.41	1	8
404	4	1039.4	1	8
404	4	565.62	1	8
404	4	594.65	1	8
404	4	587.04	1	8
404	4	1846.8	1	8
404	4	532.49	1	8
404	4	1182.6	1	8
404	4	584.26	1	8
404	4	656.75	1	8
404	4	683.78	1	8
404	4	552.93	1	8
404	4	730.82	1	8
404	4	565.74	1	8
404	4	547.65	1	8
404	4	523.28	1	8
404	4	689.25	1	8
404	4	831.79	1	8
404	4	690.61	1	8
404	4	796.95	1	8
404	4	677.9	1	8
404	4	713.65	1	8
404	4	1492.4	1	8
404	4	661.64	1	8
404	4	515.93	1	8
404	4	538.64	1	8
404	4	484.69	1	8
404	4	613.99	1	8
404	4	546.98	1	8
404	4	1066.8	1	8
404	4	617.04	1	8
404	4	828.98	1	8
404	4	877.25	1	8
404	4	564.1	1	8
404	4	868.07	1	8
404	4	640.87	1	8
404	4	584.25	1	8
404	4	1133.8	1	8
404	4	642.55	1	8
404	4	581.7	1	8
404	4	1110.4	1	8
404	4	1812.4	1	8
404	4	609.92	1	8
404	4	676.29	1	8
404	4	746.53	1	8
404	4	660.56	1	8
404	4	770.27	1	8
404	4	819.69	1	8
404	4	734.5	1	8
404	4	551.49	1	8
404	4	543.66	1	8
404	4	553.26	1	8
404	4	667.99	1	8
404	4	1015.6	1	8
404	4	1525.9	1	8
404	4	874.67	1	8
404	4	904.23	1	8
404	4	710.67	1	8
404	4	2621.7	1	8
404	4	572.61	1	8
404	4	784.12	1	8
404	4	626.73	1	8
404	4	545.79	1	8
404	4	1473.7	1	8
404	4	634.52	1	8
404	4	635.27	1	8
404	4	1218.4	1	8
404	4	840.98	1	8
404	4	556.25	1	8
404	4	1088.7	1	8
404	4	532.53	1	8
404	4	690.46	1	8
404	4	515.96	1	8
404	4	581.58	1	8
404	4	1377.5	1	8
404	4	629.82	1	8
404	4	610.92	1	8
404	4	601.7	1	8
404	4	580.76	1	8
404	4	767.17	1	8
404	4	595.15	1	8
404	4	573.16	1	8
404	4	685.08	1	8
404	4	498.86	1	8
404	4	551.18	1	8
404	4	536.72	1	8
404	4	457.44	1	8
404	4	504.46	1	8
404	4	693.92	1	8
404	4	556.91	1	8
404	4	514.67	1	8
404	4	458.19	1	8
404	4	664.85	1	8
404	4	557.42	1	8
404	4	629.06	1	8
404	4	488.16	1	8
404	4	521.35	1	8
404	4	1067.1	1	8
404	4	567.54	1	8
404	4	530	1	8
404	4	509.89	1	8
404	4	477.78	1	8
404	4	526.02	1	8
404	4	510.58	1	8
404	4	726.17	1	8
404	4	544.84	1	8
404	4	479.53	1	8
404	4	517.44	1	8
404	4	575.23	1	8
404	4	812.81	1	8
404	4	668.23	1	8
404	4	516.76	1	8
404	4	515.3	1	8
404	4	490.84	1	8
404	4	539.64	1	8
404	4	515.2	1	8
404	4	538.25	1	8
404	4	568.34	1	8
404	4	541.76	1	8
404	4	460.7	1	8
404	4	1013.4	1	8
404	4	1001.9	1	8
404	4	505.14	1	8
404	4	479.86	1	8
404	4	526.73	1	8
404	4	492.18	1	8
404	4	489.53	1	8
404	4	851.62	1	8
404	4	520.89	1	8
404	4	823.38	1	8
404	4	541.4	1	8
404	4	527.11	1	8
404	4	621.11	1	8
404	4	597.24	1	8
404	4	495.87	1	8
404	4	565.15	1	8
404	4	516.73	1	8
404	4	963.39	1	8
404	4	476.86	1	8
404	4	618.03	1	8
404	4	613.18	1	8
404	4	518.04	1	8
404	4	601.8	1	8
404	4	1122	1	8
404	4	729.13	1	8
404	4	887.34	1	8
404	4	717.91	1	8
404	4	704.91	1	8
404	4	1026.9	1	8
404	4	589.83	1	8
404	4	655.04	1	8
404	4	512.67	1	8
404	4	474.1	1	8
404	4	517.55	1	8
404	4	512.45	1	8
404	4	460.83	1	8
404	4	511.58	1	8
404	4	510.77	1	8
404	4	1364.5	1	8
404	4	556.68	1	8
404	4	1137.1	1	8
404	4	530.11	1	8
404	4	555.21	1	8
404	4	536.55	1	8
404	4	567.96	1	8
404	4	518.87	1	8
404	4	499.96	1	8
404	4	512.11	1	8
404	4	582.89	1	8
404	4	480.2	1	8
404	4	495.44	1	8
404	4	433.01	1	8
404	4	531.93	1	8
404	4	486.38	1	8
404	4	753.56	1	8
404	4	589.21	1	8
404	4	520.61	1	8
404	4	618.04	1	8
404	4	539.8	1	8
404	4	478.09	1	8
404	4	551.48	1	8
404	4	502.17	1	8
404	4	615.92	1	8
404	4	533.57	1	8
404	4	483.38	1	8
404	4	1027.5	1	8
404	4	513.18	1	8
404	4	521.22	1	8
404	4	550.13	1	8
404	4	522.25	1	8
404	4	1165.3	1	8
404	4	157.03	0	9
404	4	801.24	1	9
404	4	664.81	1	9
404	4	620.97	1	9
404	4	657.59	1	9
404	4	1801.7	1	9
404	4	1155.6	1	9
404	4	742.46	1	9
404	4	579.74	1	9
404	4	707.35	1	9
404	4	624.35	1	9
404	4	648.57	1	9
404	4	594.38	1	9
404	4	648.4	1	9
404	4	572.67	1	9
404	4	670.13	1	9
404	4	602.79	1	9
404	4	561.81	1	9
404	4	575.58	1	9
404	4	582.02	1	9
404	4	602.29	1	9
404	4	597.2	1	9
404	4	563.03	1	9
404	4	965.13	1	9
404	4	632.3	1	9
404	4	698.08	1	9
404	4	753.62	1	9
404	4	773.02	1	9
404	4	825.05	1	9
404	4	478.6	1	9
404	4	666.97	1	9
404	4	640.58	1	9
404	4	637.81	1	9
404	4	602.75	1	9
404	4	633.34	1	9
404	4	1274.3	1	9
404	4	962.8	1	9
404	4	678.12	1	9
404	4	992.63	1	9
404	4	630.32	1	9
404	4	627.38	1	9
404	4	878.32	1	9
404	4	613.57	1	9
404	4	691.97	1	9
404	4	663.46	1	9
404	4	439.17	1	9
404	4	564.74	1	9
404	4	647.49	1	9
404	4	561.49	1	9
404	4	676.05	1	9
404	4	780.34	1	9
404	4	590.52	1	9
404	4	642.23	1	9
404	4	540.25	1	9
404	4	554.48	1	9
404	4	712.71	1	9
404	4	1262.9	1	9
404	4	586.66	1	9
404	4	551.85	1	9
404	4	704.17	1	9
404	4	730.5	1	9
404	4	669.78	1	9
404	4	716.03	1	9
404	4	882.96	1	9
404	4	721.27	1	9
404	4	569.12	1	9
404	4	607.18	1	9
404	4	573.6	1	9
404	4	462.15	1	9
404	4	588.18	1	9
404	4	647.21	1	9
404	4	587.73	1	9
404	4	712.46	1	9
404	4	599.77	1	9
404	4	844.34	1	9
404	4	866	1	9
404	4	677.52	1	9
404	4	603.67	1	9
404	4	612.54	1	9
404	4	673.56	1	9
404	4	683.01	1	9
404	4	525.34	1	9
404	4	676.21	1	9
404	4	606.73	1	9
404	4	517.12	1	9
404	4	631.81	1	9
404	4	854.96	1	9
404	4	932.66	1	9
404	4	1165.1	1	9
404	4	624.78	1	9
404	4	774.23	1	9
404	4	484.67	1	9
404	4	505.65	1	9
404	4	546.12	1	9
404	4	476.54	1	9
404	4	525.88	1	9
404	4	662.23	1	9
404	4	690.97	1	9
404	4	626.76	1	9
404	4	686.76	1	9
404	4	599.38	1	9
404	4	568.31	1	9
404	4	635.29	1	9
404	4	1012.5	1	9
404	4	1069.8	1	9
404	4	602.5	1	9
404	4	951.06	1	9
404	4	647.83	1	9
404	4	806.14	1	9
404	4	566.6	1	9
404	4	1246	1	9
404	4	982.82	1	9
404	4	657.22	1	9
404	4	633.44	1	9
404	4	647.54	1	9
404	4	660.42	1	9
404	4	924.8	1	9
404	4	629.51	1	9
404	4	512.9	1	9
404	4	684.76	1	9
404	4	528.66	1	9
404	4	577.05	1	9
404	4	672.13	1	9
404	4	628.72	1	9
404	4	532.85	1	9
404	4	665.66	1	9
404	4	683.1	1	9
404	4	761.08	1	9
404	4	744.93	1	9
404	4	568.93	1	9
404	4	757.87	1	9
404	4	909.57	1	9
404	4	597.34	1	9
404	4	579.11	1	9
404	4	716.78	1	9
404	4	564.12	1	9
404	4	1047.1	1	9
404	4	776.05	1	9
404	4	661.84	1	9
404	4	704.65	1	9
404	4	717.4	1	9
404	4	548.43	1	9
404	4	674.13	1	9
404	4	508.69	1	9
404	4	640.87	1	9
404	4	1605.5	1	9
404	4	573.13	1	9
404	4	653.29	1	9
404	4	711.13	1	9
404	4	665.95	1	9
404	4	576.94	1	9
404	4	765.62	1	9
404	4	685.84	1	9
404	4	600.58	1	9
404	4	555.91	1	9
404	4	657.16	1	9
404	4	599.88	1	9
404	4	772.54	1	9
404	4	641.65	1	9
404	4	522.78	1	9
404	4	654.6	1	9
404	4	1025.3	1	9
404	4	601.8	1	9
404	4	622.5	1	9
404	4	671.16	1	9
404	4	750.89	1	9
404	4	670.98	1	9
404	4	1406.5	1	9
404	4	1168.8	1	9
404	4	1300.9	1	9
404	4	530.11	1	9
404	4	889.92	1	9
404	4	1434.7	1	9
404	4	829.83	1	9
404	4	515.7	1	9
404	4	686.12	1	9
404	4	589.78	1	9
404	4	663.05	1	9
404	4	549.3	1	9
404	4	678.44	1	9
404	4	924.87	1	9
404	4	610.95	1	9
404	4	592.91	1	9
404	4	696.81	1	9
404	4	582.85	1	9
404	4	606.95	1	9
404	4	596	1	9
404	4	601.24	1	9
404	4	519.74	1	9
404	4	642.19	1	9
404	4	629.42	1	9
404	4	726.14	1	9
404	4	623.45	1	9
404	4	646.99	1	9
404	4	561.66	1	9
404	4	618.8	1	9
404	4	636.78	1	9
404	4	613.96	1	9
404	4	945.66	1	9
404	4	641.89	1	9
404	4	1164.1	1	9
404	4	690.81	1	9
404	4	656.01	1	9
404	4	742.18	1	9
404	4	572.24	1	9
404	4	3063.2	1	9
404	4	583.67	1	9
404	4	572.26	1	9
404	4	847.87	1	9
404	4	594.97	1	9
404	4	639.43	1	9
404	4	571.47	1	9
404	4	561.19	1	9
404	4	621.28	1	9
404	4	594.91	1	9
404	4	593.53	1	9
404	4	1040.6	1	9
404	4	562.93	1	9
404	4	601.8	1	9
404	4	544.08	1	9
404	4	862.95	1	9
404	4	1045.7	1	9
404	4	2555.1	1	9
404	4	702.73	1	9
404	4	1912.5	1	9
404	4	1250.4	1	9
404	4	568.56	1	9
404	4	1097.7	1	9
404	4	742.03	1	9
404	4	1136.2	1	9
404	4	669.37	1	9
404	4	731.99	1	9
404	4	616.33	1	9
404	4	577.45	1	9
404	4	1001	1	9
404	4	562.4	1	9
404	4	858.81	1	9
404	4	622.13	1	9
404	4	551.28	1	9
404	4	668.29	1	9
404	4	639.24	1	9
404	4	528.6	1	9
404	4	1288.2	1	9
404	4	591.51	1	9
404	4	538.41	1	9
404	4	528.65	1	9
404	4	617.01	1	9
404	4	531.94	1	9
404	4	575.48	1	9
404	4	1044.7	1	9
404	4	496.3	1	9
404	4	541.88	1	9
404	4	475.62	1	9
404	4	536.35	1	9
404	4	493.86	1	9
404	4	521.13	1	9
404	4	550.09	1	9
404	4	551.11	1	9
404	4	584.18	1	9
404	4	532.17	1	9
404	4	497.49	1	9
404	4	497.8	1	9
404	4	576.58	1	9
404	4	503.9	1	9
404	4	527.34	1	9
404	4	575.95	1	9
404	4	550.6	1	9
404	4	1018.3	1	9
404	4	462.13	1	9
404	4	474.19	1	9
404	4	516.16	1	9
404	4	535.19	1	9
404	4	591.23	1	9
404	4	505.17	1	9
404	4	515.73	1	9
404	4	561.33	1	9
404	4	506.25	1	9
404	4	478.76	1	9
404	4	515.93	1	9
404	4	507.27	1	9
404	4	546.33	1	9
404	4	569.82	1	9
404	4	551.33	1	9
404	4	524.55	1	9
404	4	499.66	1	9
404	4	491.19	1	9
404	4	555.36	1	9
404	4	505.87	1	9
404	4	496.69	1	9
404	4	644.08	1	9
404	4	589.45	1	9
404	4	445.44	1	9
404	4	646.52	1	9
404	4	516	1	9
404	4	503.62	1	9
404	4	551.45	1	9
404	4	548.78	1	9
404	4	591	1	9
404	4	546.24	1	9
404	4	591.63	1	9
404	4	533.14	1	9
404	4	597.91	1	9
404	4	659.17	1	9
404	4	551.65	1	9
404	4	531.27	1	9
404	4	757.05	1	9
404	4	659.01	1	9
404	4	529.45	1	9
404	4	570.32	1	9
404	4	525.42	1	9
404	4	526.06	1	9
404	4	595.2	1	9
404	4	503.78	1	9
404	4	497.7	1	9
404	4	479.92	1	9
404	4	485.19	1	9
404	4	928.99	1	9
404	4	930.96	1	9
404	4	562.02	1	9
404	4	476.41	1	9
404	4	541.33	1	9
404	4	524.31	1	9
404	4	534.23	1	9
404	4	512.42	1	9
404	4	682.44	1	9
404	4	579.66	1	9
404	4	579.88	1	9
404	4	571.05	1	9
404	4	550.58	1	9
404	4	734.53	1	9
404	4	513.52	1	9
404	4	1193.2	1	9
404	4	497.74	1	9
404	4	513.64	1	9
404	4	617.36	1	9
404	4	609.08	1	9
404	4	517.95	1	9
404	4	574.29	1	9
404	4	547.87	1	9
404	4	514.37	1	9
404	4	553.63	1	9
404	4	468.91	1	9
404	4	478.91	1	9
404	4	497.31	1	9
404	4	528.54	1	9
404	4	648.63	1	9
404	4	545.34	1	9
404	4	765.66	1	9
404	4	564.66	1	9
