403	4	884.26	1	1
403	4	1415.3	1	1
403	4	1292.1	1	1
403	4	1707.7	1	1
403	4	1285.1	1	1
403	4	961.67	1	1
403	4	1159	1	1
403	4	888.8	1	1
403	4	849.83	1	1
403	4	1209.6	1	1
403	4	799.65	1	1
403	4	800.9	1	1
403	4	824.03	1	1
403	4	975.26	1	1
403	4	943.4	1	1
403	4	1421.2	1	1
403	4	1025.7	1	1
403	4	727.88	1	1
403	4	560.26	1	1
403	4	1188	1	1
403	4	1554.4	1	1
403	4	984.74	1	1
403	4	907.45	1	1
403	4	763.74	1	1
403	4	1120.8	1	1
403	4	1094.8	1	1
403	4	1752	1	1
403	4	837.21	1	1
403	4	1001.9	1	1
403	4	1285.5	1	1
403	4	1281.3	1	1
403	4	1329.1	1	1
403	4	801.03	1	1
403	4	1480.8	1	1
403	4	1666.1	1	1
403	4	858.51	1	1
403	4	939.27	1	1
403	4	1119.2	1	1
403	4	2041.5	1	1
403	4	1150.9	1	1
403	4	1146.4	1	1
403	4	685.82	1	1
403	4	823.68	1	1
403	4	971	1	1
403	4	1305.4	1	1
403	4	702.94	1	1
403	4	1283.2	1	1
403	4	1292.4	1	1
403	4	982.55	1	1
403	4	859.01	1	1
403	4	2116.1	1	1
403	4	972.58	1	1
403	4	1126.9	1	1
403	4	890.25	1	1
403	4	776.05	1	1
403	4	1366.6	1	1
403	4	1091.5	1	1
403	4	1540.2	1	1
403	4	890.81	1	1
403	4	1158.7	1	1
403	4	1161	1	1
403	4	1033.5	1	1
403	4	1149.6	1	1
403	4	1155.8	1	1
403	4	1103.1	1	1
403	4	960.83	1	1
403	4	1412.8	1	1
403	4	1411.6	1	1
403	4	1142.2	1	1
403	4	1462.1	1	1
403	4	1163.9	1	1
403	4	850.8	1	1
403	4	1333.6	1	1
403	4	1053.8	1	1
403	4	1076.4	1	1
403	4	914.58	1	1
403	4	965.75	1	1
403	4	1059.1	1	1
403	4	896.44	1	1
403	4	1715.8	1	1
403	4	665.25	1	1
403	4	682.79	1	1
403	4	850.33	1	1
403	4	919.71	1	1
403	4	669.67	1	1
403	4	770.24	1	1
403	4	1171.7	1	1
403	4	855.91	1	1
403	4	850.45	1	1
403	4	1369.2	1	1
403	4	644.5	1	1
403	4	820.04	1	1
403	4	983.37	1	1
403	4	620.78	1	1
403	4	932.16	1	1
403	4	592.69	1	1
403	4	744.33	1	1
403	4	1024.6	1	1
403	4	661.91	1	1
403	4	710.32	1	1
403	4	752.77	1	1
403	4	707.44	1	1
403	4	1080.1	1	1
403	4	903.67	1	1
403	4	648.7	1	1
403	4	953.61	1	1
403	4	1018.6	1	1
403	4	1395.4	1	1
403	4	1099.1	1	1
403	4	925.12	1	1
403	4	1013.3	1	1
403	4	749.54	1	1
403	4	1007.7	1	1
403	4	950.94	1	1
403	4	810.6	1	1
403	4	1001	1	1
403	4	1245.7	1	1
403	4	917.27	1	1
403	4	743.39	1	1
403	4	981.97	1	1
403	4	952.59	1	1
403	4	962.96	1	1
403	4	1041.6	1	1
403	4	903.12	1	1
403	4	907.79	1	1
403	4	809.21	1	1
403	4	1034.2	1	1
403	4	1017.7	1	1
403	4	1155.4	1	1
403	4	1111	1	1
403	4	925.12	1	1
403	4	823.54	1	1
403	4	945.67	1	1
403	4	873.31	1	1
403	4	795.26	1	1
403	4	894.42	1	1
403	4	612.77	1	1
403	4	1222.2	1	1
403	4	1460.7	1	1
403	4	1023.4	1	1
403	4	800.56	1	1
403	4	946.79	1	1
403	4	1107.9	1	1
403	4	1321.9	1	1
403	4	985.46	1	1
403	4	1881.7	1	1
403	4	1183.5	1	1
403	4	933.42	1	1
403	4	1160.7	1	1
403	4	990.07	1	1
403	4	1075.1	1	1
403	4	1118	1	1
403	4	785.16	1	1
403	4	839.26	1	1
403	4	1361.4	1	1
403	4	809.5	1	1
403	4	855.86	1	1
403	4	818.9	1	1
403	4	894.13	1	1
403	4	669.07	1	1
403	4	533.71	1	1
403	4	746.44	1	1
403	4	836.22	1	1
403	4	838.2	1	1
403	4	1105.6	1	1
403	4	790.53	1	1
403	4	1824.6	1	1
403	4	1088.5	1	1
403	4	1907.8	1	1
403	4	682.95	1	1
403	4	916.18	1	1
403	4	545.74	1	1
403	4	595.91	1	1
403	4	775.02	1	1
403	4	705.78	1	1
403	4	798.6	1	1
403	4	1301.5	1	1
403	4	639.39	1	1
403	4	781.65	1	1
403	4	767.76	1	1
403	4	704.54	1	1
403	4	778.39	1	1
403	4	592.07	1	1
403	4	949.67	1	1
403	4	656.3	1	1
403	4	752.54	1	1
403	4	609.05	1	1
403	4	864.06	1	1
403	4	822.44	1	1
403	4	657.78	1	1
403	4	592.77	1	1
403	4	615.06	1	1
403	4	728.24	1	1
403	4	752.85	1	1
403	4	737.22	1	1
403	4	718.16	1	1
403	4	989.65	1	1
403	4	975.8	1	1
403	4	661.19	1	1
403	4	798.63	1	1
403	4	1515.4	1	1
403	4	759.44	1	1
403	4	699.82	1	1
403	4	733.37	1	1
403	4	781.77	1	1
403	4	678.53	1	1
403	4	875.16	1	1
403	4	814.55	1	1
403	4	1205.1	1	1
403	4	811.07	1	1
403	4	712.68	1	1
403	4	830.67	1	1
403	4	830.4	1	1
403	4	1054.4	1	1
403	4	770.02	1	1
403	4	538.79	1	1
403	4	604.73	1	1
403	4	692.39	1	1
403	4	597.19	1	1
403	4	746.46	1	1
403	4	601.6	1	1
403	4	751.71	1	1
403	4	750.58	1	1
403	4	725.42	1	1
403	4	593.04	1	1
403	4	651.3	1	1
403	4	705.55	1	1
403	4	708.25	1	1
403	4	558.13	1	1
403	4	662.69	1	1
403	4	743.35	1	1
403	4	535.72	1	1
403	4	555.43	1	1
403	4	552.21	1	1
403	4	550.09	1	1
403	4	558.44	1	1
403	4	659.06	1	1
403	4	652.51	1	1
403	4	684.6	1	1
403	4	823.69	1	1
403	4	872.61	1	1
403	4	1176	1	1
403	4	716.81	1	1
403	4	665.42	1	1
403	4	630.4	1	1
403	4	611.76	1	1
403	4	668.19	1	1
403	4	580.28	1	1
403	4	747.55	1	1
403	4	538.93	1	1
403	4	995.73	1	1
403	4	714.32	1	1
403	4	676.06	1	1
403	4	583.11	1	1
403	4	560.57	1	1
403	4	579.42	1	1
403	4	846.2	1	1
403	4	852.15	1	1
403	4	1070.6	1	1
403	4	713.84	1	1
403	4	526.78	1	1
403	4	620.6	1	1
403	4	645.52	1	1
403	4	1026.6	1	1
403	4	667.24	1	1
403	4	712.43	1	1
403	4	793.96	1	1
403	4	737.45	1	1
403	4	725.65	1	1
403	4	751.85	1	1
403	4	676.18	1	1
403	4	793.88	1	1
403	4	692.55	1	1
403	4	600.29	1	1
403	4	945.19	1	1
403	4	691.56	1	1
403	4	733.88	1	1
403	4	969.97	1	1
403	4	744.6	1	1
403	4	882.93	1	1
403	4	802.44	1	1
403	4	1158.9	1	1
403	4	1146	1	1
403	4	635.27	1	1
403	4	560.26	1	1
403	4	639.27	1	1
403	4	648.44	1	1
403	4	702.25	1	1
403	4	647.29	1	1
403	4	1039.3	1	1
403	4	656.09	1	1
403	4	504.43	1	1
403	4	590.17	1	1
403	4	769.22	1	1
403	4	767.95	1	1
403	4	1113.4	1	1
403	4	570.04	1	1
403	4	694.31	1	1
403	4	1045.4	1	1
403	4	815.79	1	1
403	4	939.17	1	1
403	4	805.34	1	1
403	4	859.79	1	1
403	4	870.55	1	1
403	4	732.75	1	1
403	4	635.07	1	1
403	4	616.51	1	1
403	4	558.71	1	1
403	4	712.57	1	1
403	4	683.77	1	1
403	4	1209.2	1	1
403	4	973.08	1	1
403	4	1602.6	1	1
403	4	949.08	1	1
403	4	767.82	1	1
403	4	761.61	1	1
403	4	718.5	1	1
403	4	913.12	1	1
403	4	1058	1	1
403	4	799.65	1	1
403	4	735.23	1	1
403	4	568.96	1	1
403	4	645.94	1	1
403	4	752.75	1	1
403	4	948.86	1	1
403	4	648.12	1	1
403	4	602.76	1	1
403	4	914.83	1	1
403	4	847.59	1	1
403	4	886.06	1	1
403	4	907.45	1	1
403	4	642.68	1	1
403	4	705.98	1	1
403	4	819.62	1	1
403	4	700.97	1	1
403	4	615.35	1	1
403	4	659.81	1	1
403	4	1316	1	1
403	4	1004.9	1	1
403	4	896.05	1	1
403	4	832.53	1	1
403	4	755.32	1	1
403	4	971.23	1	1
403	4	1192.4	1	1
403	4	940.12	1	1
403	4	1103.8	1	1
403	4	815.37	1	1
403	4	726.08	1	1
403	4	792.36	1	1
403	4	682.31	1	1
403	4	1308.2	1	2
403	4	1009.4	1	2
403	4	1360.5	1	2
403	4	3053.8	0	2
403	4	709.51	1	2
403	4	1496.7	1	2
403	4	1278.7	1	2
403	4	1023.1	1	2
403	4	817.99	1	2
403	4	1186.5	1	2
403	4	1526.6	1	2
403	4	1431.2	1	2
403	4	1189.4	1	2
403	4	1050.6	1	2
403	4	1649.1	1	2
403	4	1246.3	1	2
403	4	1605.7	1	2
403	4	1202.9	1	2
403	4	801.7	1	2
403	4	1204.7	1	2
403	4	951.9	1	2
403	4	1304.7	1	2
403	4	1482.5	1	2
403	4	1043.1	1	2
403	4	2537.9	1	2
403	4	1774.8	1	2
403	4	1149.7	1	2
403	4	2040.5	1	2
403	4	1084.6	1	2
403	4	2479.8	1	2
403	4	3537.2	1	2
403	4	2539.4	1	2
403	4	1610.1	1	2
403	4	1341.6	1	2
403	4	949.56	1	2
403	4	2723.1	1	2
403	4	1121.5	1	2
403	4	1090.7	1	2
403	4	807.05	1	2
403	4	2392.7	0	2
403	4	953.85	1	2
403	4	1374.2	1	2
403	4	776.7	1	2
403	4	1368.8	1	2
403	4	3488.3	1	2
403	4	1234.6	1	2
403	4	1067.8	1	2
403	4	1344.4	1	2
403	4	959.24	1	2
403	4	2524.2	1	2
403	4	1070.8	1	2
403	4	1116.2	1	2
403	4	967.16	1	2
403	4	1497.7	1	2
403	4	1166	1	2
403	4	1032.9	1	2
403	4	1829.7	1	2
403	4	1423.4	1	2
403	4	1005.7	1	2
403	4	828.66	1	2
403	4	1456.1	1	2
403	4	1497.1	1	2
403	4	1061.5	1	2
403	4	1022.2	1	2
403	4	1583	1	2
403	4	1105	1	2
403	4	1260.6	1	2
403	4	344.52	0	2
403	4	1404.5	1	2
403	4	1886.8	1	2
403	4	1091.4	1	2
403	4	1277.8	1	2
403	4	977.83	1	2
403	4	957.36	1	2
403	4	2884.5	1	2
403	4	904.42	1	2
403	4	902.63	1	2
403	4	940.87	1	2
403	4	993.35	1	2
403	4	1077.6	1	2
403	4	807.17	1	2
403	4	1297.1	1	2
403	4	840.13	1	2
403	4	678.59	1	2
403	4	704.15	1	2
403	4	1063.9	1	2
403	4	903.39	1	2
403	4	840.06	1	2
403	4	677.4	1	2
403	4	1326.4	1	2
403	4	657.89	1	2
403	4	752.89	1	2
403	4	877.4	1	2
403	4	927.51	1	2
403	4	917.22	1	2
403	4	1022.2	1	2
403	4	623.37	1	2
403	4	1014.1	1	2
403	4	733.76	1	2
403	4	724.06	1	2
403	4	729.88	1	2
403	4	797.35	1	2
403	4	1005.6	1	2
403	4	717.42	1	2
403	4	832.56	1	2
403	4	1210.8	1	2
403	4	730.13	1	2
403	4	1163.3	1	2
403	4	1118.3	1	2
403	4	1010.3	1	2
403	4	1405.3	1	2
403	4	1003.4	1	2
403	4	1001.5	1	2
403	4	857.37	1	2
403	4	1090.6	1	2
403	4	1345.8	1	2
403	4	1119.9	1	2
403	4	828.44	1	2
403	4	1069.7	1	2
403	4	1307.6	1	2
403	4	1551.9	1	2
403	4	1355	1	2
403	4	1292.7	1	2
403	4	1069.2	1	2
403	4	1074.9	1	2
403	4	682.16	1	2
403	4	1090.2	1	2
403	4	1078.7	1	2
403	4	896.38	1	2
403	4	882.86	1	2
403	4	748.44	1	2
403	4	3054.3	0	2
403	4	828.55	1	2
403	4	653.53	1	2
403	4	993.58	1	2
403	4	1177.1	1	2
403	4	855.39	1	2
403	4	872.2	1	2
403	4	710.96	1	2
403	4	785.1	1	2
403	4	831.67	1	2
403	4	623.38	1	2
403	4	1046.9	1	2
403	4	1488.7	1	2
403	4	1059.2	1	2
403	4	1306.5	1	2
403	4	1003.1	1	2
403	4	2976.8	0	2
403	4	1293.2	1	2
403	4	811.72	1	2
403	4	1141.7	1	2
403	4	1232.7	1	2
403	4	729.3	1	2
403	4	961.02	1	2
403	4	800.45	1	2
403	4	943.22	1	2
403	4	1142.5	1	2
403	4	630.83	1	2
403	4	627.69	1	2
403	4	783.35	1	2
403	4	587.08	1	2
403	4	484.16	1	2
403	4	1174.6	1	2
403	4	1273.7	1	2
403	4	1108.1	1	2
403	4	1040.2	1	2
403	4	1133.4	1	2
403	4	714.06	1	2
403	4	1723.7	1	2
403	4	1134.5	1	2
403	4	632.43	1	2
403	4	781.39	1	2
403	4	895.79	1	2
403	4	762.57	1	2
403	4	1684.5	1	2
403	4	605.85	1	2
403	4	837.23	1	2
403	4	658.28	1	2
403	4	813.94	1	2
403	4	661.16	1	2
403	4	716.5	1	2
403	4	654.5	1	2
403	4	911.03	1	2
403	4	795.01	1	2
403	4	803.69	1	2
403	4	1377.9	1	2
403	4	1107.1	1	2
403	4	1190.4	1	2
403	4	981.2	1	2
403	4	1509	1	2
403	4	805.92	1	2
403	4	1137.1	1	2
403	4	709.79	1	2
403	4	685.6	1	2
403	4	780.14	1	2
403	4	917.32	1	2
403	4	1013.7	1	2
403	4	909.71	1	2
403	4	759.7	1	2
403	4	739.49	1	2
403	4	1037.1	1	2
403	4	1443.4	1	2
403	4	2576.2	1	2
403	4	1329.3	1	2
403	4	853.38	1	2
403	4	764.45	1	2
403	4	769.36	1	2
403	4	1093.2	1	2
403	4	1878.9	1	2
403	4	1311.2	1	2
403	4	1061.4	1	2
403	4	915.77	1	2
403	4	970.48	1	2
403	4	973.78	1	2
403	4	1140.7	1	2
403	4	1071.4	1	2
403	4	1258.8	1	2
403	4	757.46	1	2
403	4	522.03	1	2
403	4	772.58	1	2
403	4	1195.4	1	2
403	4	797.89	1	2
403	4	769.7	1	2
403	4	1357.5	1	2
403	4	1089.2	1	2
403	4	853.37	1	2
403	4	522.51	1	2
403	4	629.97	1	2
403	4	588.1	1	2
403	4	656.49	1	2
403	4	559.47	1	2
403	4	840.66	1	2
403	4	644.7	1	2
403	4	614.19	1	2
403	4	557.25	1	2
403	4	985.81	1	2
403	4	562.02	1	2
403	4	529.45	1	2
403	4	658.9	1	2
403	4	689.17	1	2
403	4	658.79	1	2
403	4	743.7	1	2
403	4	642.71	1	2
403	4	765.63	1	2
403	4	801.26	1	2
403	4	665.65	1	2
403	4	926.14	1	2
403	4	648.24	1	2
403	4	963.27	1	2
403	4	956.27	1	2
403	4	1163.4	1	2
403	4	978.37	1	2
403	4	985.28	1	2
403	4	1008.4	1	2
403	4	968.42	1	2
403	4	1205.5	1	2
403	4	841.21	1	2
403	4	990.34	1	2
403	4	1114.2	1	2
403	4	772.2	1	2
403	4	667.66	1	2
403	4	622.22	1	2
403	4	728.91	1	2
403	4	718.28	1	2
403	4	1095.4	1	2
403	4	870.95	1	2
403	4	845.56	1	2
403	4	659.73	1	2
403	4	1229.4	1	2
403	4	579.84	1	2
403	4	769.34	1	2
403	4	578.3	1	2
403	4	1250.2	1	2
403	4	1207.8	1	2
403	4	867.3	1	2
403	4	1140.7	1	2
403	4	613.65	1	2
403	4	648.72	1	2
403	4	726.33	1	2
403	4	775.78	1	2
403	4	1910.7	1	2
403	4	714.36	1	2
403	4	760.84	1	2
403	4	689.21	1	2
403	4	604.22	1	2
403	4	778.65	1	2
403	4	632.96	1	2
403	4	606.06	1	2
403	4	545.18	1	2
403	4	1063.7	1	2
403	4	622.41	1	2
403	4	655.09	1	2
403	4	800.52	1	2
403	4	714.32	1	2
403	4	733.67	1	2
403	4	619.27	1	2
403	4	1074.5	1	2
403	4	902.47	1	2
403	4	1181	1	2
403	4	1017.9	1	2
403	4	1380.2	1	2
403	4	1215.5	1	2
403	4	1145.2	1	2
403	4	858.14	1	2
403	4	1260.7	1	2
403	4	635.55	1	2
403	4	784.92	1	2
403	4	645.65	1	2
403	4	1376.9	1	2
403	4	982.11	1	2
403	4	980.54	1	2
403	4	1752.3	1	2
403	4	756.32	1	2
403	4	1043.3	1	2
403	4	809.92	1	2
403	4	1128.7	1	2
403	4	796.55	1	2
403	4	829.77	1	2
403	4	1017.4	1	2
403	4	929.35	1	2
403	4	563.75	1	2
403	4	716.23	1	2
403	4	1616.2	1	2
403	4	1085.7	1	2
403	4	973.4	1	2
403	4	996.67	1	2
403	4	798.62	1	2
403	4	807.28	1	2
403	4	716.29	1	2
403	4	953.61	1	2
403	4	1398.3	1	2
403	4	1526.2	1	2
403	4	909.1	1	2
403	4	984.93	1	2
403	4	631.51	1	2
403	4	855.69	1	2
403	4	846.32	1	2
403	4	1075.8	1	2
403	4	930.18	1	2
403	4	769.53	1	2
403	4	1064.5	1	2
403	4	1943.3	1	2
403	4	1007.6	1	2
403	4	739.41	1	2
403	4	855.2	1	2
403	4	896.35	1	2
403	4	915.21	1	2
403	4	1138.4	1	2
403	4	744.35	1	2
403	4	1539	1	2
403	4	1062.3	1	3
403	4	1151.4	1	3
403	4	2315.6	1	3
403	4	1318.9	1	3
403	4	1288.7	1	3
403	4	1835.4	0	3
403	4	1813.8	1	3
403	4	1509.2	1	3
403	4	2078.2	1	3
403	4	1997.4	1	3
403	4	1543.9	1	3
403	4	968.85	1	3
403	4	863.73	1	3
403	4	931.9	1	3
403	4	1134.7	1	3
403	4	553.17	1	3
403	4	960.66	1	3
403	4	1244.1	1	3
403	4	1708.4	1	3
403	4	1517.2	0	3
403	4	1841.6	1	3
403	4	3238.7	1	3
403	4	1089.7	1	3
403	4	2276	0	3
403	4	1159.1	1	3
403	4	2277.7	1	3
403	4	1699.5	1	3
403	4	1572	1	3
403	4	1863.4	1	3
403	4	2528.6	1	3
403	4	1305.1	1	3
403	4	804.98	0	3
403	4	3208.3	1	3
403	4	3795.4	1	3
403	4	2937.7	1	3
403	4	1193.9	1	3
403	4	843.76	1	3
403	4	1250.2	1	3
403	4	2521.8	0	3
403	4	2208.8	1	3
403	4	1231.3	1	3
403	4	1496.5	1	3
403	4	907.02	1	3
403	4	1688.5	0	3
403	4	1259.1	0	3
403	4	1334.1	1	3
403	4	2046.4	1	3
403	4	2460.6	1	3
403	4	1086.5	1	3
403	4	3218.6	1	3
403	4	811.17	1	3
403	4	2036.8	1	3
403	4	1099.6	1	3
403	4	1078.9	1	3
403	4	916.63	1	3
403	4	1674.9	1	3
403	4	1131.1	1	3
403	4	1115.5	1	3
403	4	964.7	1	3
403	4	1548.5	1	3
403	4	1284.8	1	3
403	4	1710.9	1	3
403	4	1178.8	1	3
403	4	1072.4	1	3
403	4	1248.1	1	3
403	4	1032.6	1	3
403	4	837.81	1	3
403	4	764.76	1	3
403	4	1076.4	1	3
403	4	854.75	1	3
403	4	930.48	1	3
403	4	1086.1	1	3
403	4	1143.6	1	3
403	4	1099.7	1	3
403	4	796.09	1	3
403	4	1203.8	1	3
403	4	1062.8	1	3
403	4	1082.5	1	3
403	4	933.75	1	3
403	4	1939.5	1	3
403	4	1359.3	1	3
403	4	940.76	1	3
403	4	1070.3	1	3
403	4	893.85	1	3
403	4	904.83	1	3
403	4	927.97	1	3
403	4	862.61	1	3
403	4	937.47	1	3
403	4	1245.5	1	3
403	4	1073.6	1	3
403	4	872.23	1	3
403	4	892.58	1	3
403	4	766.72	1	3
403	4	1150.1	1	3
403	4	842.54	1	3
403	4	857.74	1	3
403	4	881.96	1	3
403	4	969.26	1	3
403	4	1341.6	1	3
403	4	881.58	1	3
403	4	986.46	1	3
403	4	681.26	1	3
403	4	710.06	1	3
403	4	722.89	1	3
403	4	724.45	1	3
403	4	1137	1	3
403	4	996.05	1	3
403	4	919.17	1	3
403	4	1062.9	1	3
403	4	953.65	1	3
403	4	1353.2	1	3
403	4	983.54	1	3
403	4	852.56	1	3
403	4	877.68	1	3
403	4	864.94	1	3
403	4	896.76	1	3
403	4	1001.5	1	3
403	4	757.08	1	3
403	4	868.51	1	3
403	4	1292.7	1	3
403	4	1001.8	1	3
403	4	1044.6	1	3
403	4	1068.8	1	3
403	4	1018	1	3
403	4	803.31	1	3
403	4	1156.4	1	3
403	4	826.02	1	3
403	4	956.94	1	3
403	4	892.58	1	3
403	4	1777.2	1	3
403	4	1329.9	1	3
403	4	1508.3	1	3
403	4	773.25	1	3
403	4	1468.6	1	3
403	4	1095.8	1	3
403	4	958.28	1	3
403	4	923.84	1	3
403	4	885.26	1	3
403	4	1019.6	1	3
403	4	896.62	1	3
403	4	736.75	1	3
403	4	938.19	1	3
403	4	1367	1	3
403	4	990.76	1	3
403	4	1086.1	0	3
403	4	1158.1	1	3
403	4	1378.6	1	3
403	4	3166.1	1	3
403	4	1266.5	1	3
403	4	1179.7	1	3
403	4	1208.4	1	3
403	4	752.56	1	3
403	4	830.6	1	3
403	4	718.64	1	3
403	4	692.65	1	3
403	4	1126.9	1	3
403	4	700.3	1	3
403	4	618.24	1	3
403	4	554.89	1	3
403	4	515.82	1	3
403	4	858.55	1	3
403	4	1046.4	1	3
403	4	1231.8	1	3
403	4	1772.9	1	3
403	4	1975.3	1	3
403	4	1109.6	1	3
403	4	859.53	1	3
403	4	555.89	1	3
403	4	780.5	1	3
403	4	695.13	1	3
403	4	725.71	1	3
403	4	748.42	1	3
403	4	1051	1	3
403	4	846.35	1	3
403	4	725.26	1	3
403	4	966.6	1	3
403	4	577.92	1	3
403	4	1792.7	1	3
403	4	747.96	1	3
403	4	639.36	1	3
403	4	562.97	1	3
403	4	710.78	1	3
403	4	563.65	1	3
403	4	684.33	1	3
403	4	609.95	1	3
403	4	828.88	1	3
403	4	1278.3	1	3
403	4	1300.4	1	3
403	4	942.48	1	3
403	4	647.08	1	3
403	4	693.62	1	3
403	4	835.45	1	3
403	4	790.46	1	3
403	4	1072	1	3
403	4	549.3	1	3
403	4	653.23	1	3
403	4	911.24	1	3
403	4	1208.3	1	3
403	4	1138.3	1	3
403	4	848.65	1	3
403	4	1044.7	1	3
403	4	847.17	1	3
403	4	823.68	1	3
403	4	785.71	1	3
403	4	755.79	1	3
403	4	896.36	1	3
403	4	663.6	1	3
403	4	792.9	1	3
403	4	804.7	1	3
403	4	1425.3	1	3
403	4	1018.2	1	3
403	4	698.96	1	3
403	4	692.63	1	3
403	4	804.58	1	3
403	4	617.33	1	3
403	4	602.21	1	3
403	4	543.11	1	3
403	4	696.8	1	3
403	4	725.04	1	3
403	4	1286.1	1	3
403	4	674.32	1	3
403	4	593.76	1	3
403	4	1223.8	1	3
403	4	675.56	1	3
403	4	934.26	1	3
403	4	872.44	1	3
403	4	590.46	1	3
403	4	802.82	1	3
403	4	645.09	1	3
403	4	930.04	1	3
403	4	920.37	1	3
403	4	676.57	1	3
403	4	598.79	1	3
403	4	504.43	1	3
403	4	655.65	1	3
403	4	850.49	1	3
403	4	641.33	1	3
403	4	538.22	1	3
403	4	584.84	1	3
403	4	799.71	1	3
403	4	1026.5	0	3
403	4	760.54	1	3
403	4	563.63	1	3
403	4	691.53	1	3
403	4	547.76	1	3
403	4	644.14	1	3
403	4	827.5	1	3
403	4	730.59	1	3
403	4	680.6	1	3
403	4	705.9	1	3
403	4	1191.6	1	3
403	4	1052.3	1	3
403	4	1020.1	1	3
403	4	759.36	1	3
403	4	659.47	1	3
403	4	1047.8	1	3
403	4	640.08	1	3
403	4	758.21	1	3
403	4	860.5	1	3
403	4	1127.3	1	3
403	4	1016.6	1	3
403	4	848.92	1	3
403	4	831.73	1	3
403	4	1175	1	3
403	4	788.35	1	3
403	4	883.96	1	3
403	4	1289.9	1	3
403	4	755.38	1	3
403	4	688.92	1	3
403	4	798.81	1	3
403	4	749.77	1	3
403	4	696.35	1	3
403	4	718.31	1	3
403	4	799.21	1	3
403	4	856.45	1	3
403	4	945.61	1	3
403	4	608.09	1	3
403	4	1178.1	1	3
403	4	967.23	1	3
403	4	772.92	1	3
403	4	1022.6	1	3
403	4	920.11	1	3
403	4	2145.7	1	3
403	4	773	1	3
403	4	714.26	1	3
403	4	905.1	1	3
403	4	591.36	1	3
403	4	587.67	1	3
403	4	1029.7	1	3
403	4	918.36	1	3
403	4	889.41	1	3
403	4	616.23	1	3
403	4	628.62	1	3
403	4	695.42	1	3
403	4	1074.3	1	3
403	4	729.24	1	3
403	4	1364.7	1	3
403	4	795.74	1	3
403	4	601.28	1	3
403	4	537.4	1	3
403	4	1455	1	3
403	4	1355	1	3
403	4	942.7	1	3
403	4	1575.1	1	3
403	4	952.31	1	3
403	4	1007.6	1	3
403	4	862.5	1	3
403	4	735.51	1	3
403	4	1173.5	1	3
403	4	668.87	1	3
403	4	662.93	1	3
403	4	909.09	1	3
403	4	724.86	1	3
403	4	1323.5	1	3
403	4	1145.3	1	3
403	4	568.25	1	3
403	4	623.86	1	3
403	4	605.29	1	3
403	4	804.98	1	3
403	4	1961.9	1	3
403	4	1289.4	1	3
403	4	596.09	1	3
403	4	940.26	1	3
403	4	684.93	1	3
403	4	827.82	1	3
403	4	1388.9	1	3
403	4	918.13	1	3
403	4	1167.5	1	3
403	4	718.7	1	3
403	4	1280.8	1	3
403	4	694.01	1	3
403	4	1192.2	1	3
403	4	662.44	1	3
403	4	1314.8	1	3
403	4	866.97	1	3
403	4	1098.1	1	3
403	4	789.03	1	3
403	4	1081.1	1	3
403	4	986.22	1	3
403	4	788.68	1	3
403	4	824.41	1	3
403	4	1180.7	1	3
403	4	670.76	1	3
403	4	1278.1	1	3
403	4	1417.5	1	3
403	4	1139.8	1	3
403	4	1261.5	1	3
403	4	924.57	1	3
403	4	1176.6	1	3
403	4	669.42	1	3
403	4	1054.7	0	4
403	4	2918.8	1	4
403	4	960.94	1	4
403	4	2402.7	0	4
403	4	3333.3	0	4
403	4	737.33	0	4
403	4	1602.7	1	4
403	4	1099.8	1	4
403	4	2589.4	1	4
403	4	3146.2	1	4
403	4	1254.5	1	4
403	4	1546.2	0	4
403	4	2354	1	4
403	4	834.81	1	4
403	4	2185.3	1	4
403	4	1629.4	1	4
403	4	834.17	1	4
403	4	2801.4	1	4
403	4	1314.3	1	4
403	4	1347.1	0	4
403	4	2341.7	1	4
403	4	1223.9	1	4
403	4	3268.4	1	4
403	4	2018.4	1	4
403	4	1006.8	1	4
403	4	3321.5	0	4
403	4	3912.3	1	4
403	4	1080.3	1	4
403	4	1892.4	0	4
403	4	3719	0	4
403	4	2401.2	0	4
403	4	2430.5	0	4
403	4	3594.2	0	4
403	4	1261.6	0	4
403	4	2283.6	1	4
403	4	3474.3	1	4
403	4	1306.8	1	4
403	4	1647.1	0	4
403	4	1154.7	1	4
403	4	1261.6	1	4
403	4	1411.6	1	4
403	4	3352.4	1	4
403	4	2011.4	1	4
403	4	830	0	4
403	4	3327.3	1	4
403	4	3113.8	1	4
403	4	2665.6	0	4
403	4	2055.6	0	4
403	4	3133.4	0	4
403	4	1842.7	1	4
403	4	946.27	1	4
403	4	1624.3	1	4
403	4	1256.8	1	4
403	4	1440.4	1	4
403	4	1601.1	1	4
403	4	1405.5	1	4
403	4	916.52	1	4
403	4	1954.5	1	4
403	4	2354	1	4
403	4	1704.9	1	4
403	4	1125.7	1	4
403	4	1422.7	1	4
403	4	1571.6	1	4
403	4	991.08	1	4
403	4	1042.9	1	4
403	4	990.1	1	4
403	4	1453.3	1	4
403	4	1312.1	1	4
403	4	1536.5	1	4
403	4	1261	1	4
403	4	945.8	1	4
403	4	2398.3	1	4
403	4	2207.6	1	4
403	4	1352.7	1	4
403	4	1239.5	1	4
403	4	1305.9	1	4
403	4	841.91	1	4
403	4	1049.5	1	4
403	4	1452.9	1	4
403	4	901.97	1	4
403	4	991.98	1	4
403	4	904.93	1	4
403	4	1320.6	1	4
403	4	787.32	1	4
403	4	570.65	1	4
403	4	1386.6	1	4
403	4	1093.3	1	4
403	4	1613.4	1	4
403	4	1172.6	1	4
403	4	1390.7	1	4
403	4	1045.8	1	4
403	4	619.78	1	4
403	4	1445.1	1	4
403	4	1727.6	1	4
403	4	1706.5	1	4
403	4	735.3	1	4
403	4	1079.2	1	4
403	4	1366.9	1	4
403	4	702.01	1	4
403	4	1986.5	1	4
403	4	1208.4	1	4
403	4	848.67	1	4
403	4	787.99	1	4
403	4	688.69	1	4
403	4	1021.2	1	4
403	4	833.07	1	4
403	4	945.06	1	4
403	4	918.71	1	4
403	4	1164	1	4
403	4	1038.4	1	4
403	4	774.75	1	4
403	4	872.45	1	4
403	4	935.68	1	4
403	4	808.35	1	4
403	4	760.85	1	4
403	4	1367.1	1	4
403	4	978.71	1	4
403	4	2604.6	1	4
403	4	887.19	1	4
403	4	1339.4	1	4
403	4	1116.1	1	4
403	4	1775.8	1	4
403	4	1251.1	1	4
403	4	2105.2	1	4
403	4	1009.5	1	4
403	4	1198.9	1	4
403	4	1735.6	1	4
403	4	927.6	1	4
403	4	1317.8	1	4
403	4	1083.5	1	4
403	4	1370.7	1	4
403	4	1013.4	1	4
403	4	1117.7	1	4
403	4	1648.5	1	4
403	4	824.49	1	4
403	4	2325	1	4
403	4	1189.4	1	4
403	4	1589.6	1	4
403	4	925.76	1	4
403	4	756.16	1	4
403	4	669	1	4
403	4	2491.1	1	4
403	4	1365	1	4
403	4	1395	1	4
403	4	1279.2	1	4
403	4	1333.3	1	4
403	4	1174.2	1	4
403	4	1295.8	1	4
403	4	1561.2	1	4
403	4	1615.3	1	4
403	4	1001.8	1	4
403	4	726.59	0	4
403	4	1008.6	1	4
403	4	1626.1	1	4
403	4	1084.7	1	4
403	4	1705.5	1	4
403	4	1556.6	1	4
403	4	891.1	1	4
403	4	1262	1	4
403	4	890.4	1	4
403	4	1000.2	1	4
403	4	1167.1	1	4
403	4	844.86	1	4
403	4	980.11	1	4
403	4	773.79	1	4
403	4	763.1	1	4
403	4	1744.3	1	4
403	4	612.86	1	4
403	4	2621.9	0	4
403	4	844.2	1	4
403	4	1071.1	1	4
403	4	1448.6	1	4
403	4	614.19	1	4
403	4	1250	1	4
403	4	965.83	1	4
403	4	1275.7	1	4
403	4	681.19	1	4
403	4	1107.6	1	4
403	4	2354.1	1	4
403	4	869.85	1	4
403	4	1453.4	1	4
403	4	1225.1	1	4
403	4	617.48	1	4
403	4	597.71	1	4
403	4	675.54	1	4
403	4	771.42	1	4
403	4	1025	1	4
403	4	942.49	1	4
403	4	804.58	1	4
403	4	821.72	1	4
403	4	718.71	1	4
403	4	966.08	1	4
403	4	822.45	1	4
403	4	1334.7	1	4
403	4	695.39	1	4
403	4	949.08	1	4
403	4	1124.2	1	4
403	4	1039.4	1	4
403	4	762.22	1	4
403	4	944.82	1	4
403	4	1579.1	1	4
403	4	1005.7	1	4
403	4	961.99	1	4
403	4	641.8	1	4
403	4	927.46	1	4
403	4	1287.9	1	4
403	4	2490.8	1	4
403	4	875.13	1	4
403	4	1385.8	1	4
403	4	617.72	1	4
403	4	1008.6	1	4
403	4	1158.7	1	4
403	4	842.56	1	4
403	4	1051.7	1	4
403	4	775.03	1	4
403	4	602.86	1	4
403	4	640.9	1	4
403	4	663.17	1	4
403	4	1365	1	4
403	4	1181.1	1	4
403	4	737.51	1	4
403	4	664.2	1	4
403	4	828.72	1	4
403	4	789.76	1	4
403	4	1120.4	1	4
403	4	844.97	1	4
403	4	1250.4	1	4
403	4	1631.5	1	4
403	4	1021.2	1	4
403	4	1055.7	1	4
403	4	1241.1	1	4
403	4	626.54	1	4
403	4	925.27	1	4
403	4	521.23	1	4
403	4	1029.4	1	4
403	4	540.84	1	4
403	4	1652.9	1	4
403	4	515.34	1	4
403	4	685.77	1	4
403	4	643.29	1	4
403	4	1030.7	1	4
403	4	581.42	1	4
403	4	667.87	1	4
403	4	664.8	1	4
403	4	686.47	1	4
403	4	763.45	1	4
403	4	1167.3	1	4
403	4	673.28	1	4
403	4	1149	1	4
403	4	1124.4	1	4
403	4	3039.3	0	4
403	4	1645.4	1	4
403	4	1480.8	1	4
403	4	1376.8	1	4
403	4	1088.3	1	4
403	4	743.75	1	4
403	4	856.21	1	4
403	4	718.49	1	4
403	4	1461.4	1	4
403	4	900.45	1	4
403	4	975.81	1	4
403	4	773.16	1	4
403	4	1110.4	1	4
403	4	861.64	1	4
403	4	1332.3	1	4
403	4	1039.4	1	4
403	4	878.49	1	4
403	4	794.76	1	4
403	4	550.61	1	4
403	4	1660.6	1	4
403	4	747.98	1	4
403	4	623.72	1	4
403	4	1050.1	1	4
403	4	1219.3	1	4
403	4	928.01	1	4
403	4	1422	1	4
403	4	870.55	1	4
403	4	955.71	1	4
403	4	899.32	1	4
403	4	1155.1	1	4
403	4	808.96	1	4
403	4	1440.3	1	4
403	4	648.84	1	4
403	4	618.49	1	4
403	4	669.42	1	4
403	4	618.94	1	4
403	4	643.1	1	4
403	4	1057.3	1	4
403	4	768.79	1	4
403	4	597.43	1	4
403	4	1471.4	1	4
403	4	543.26	1	4
403	4	796.75	1	4
403	4	1295.3	1	4
403	4	683.73	1	4
403	4	1058.9	1	4
403	4	758.27	1	4
403	4	837.83	1	4
403	4	676.76	1	4
403	4	578.41	1	4
403	4	1815.9	1	4
403	4	1356.2	1	4
403	4	1806.7	1	4
403	4	997.13	1	4
403	4	1063	1	4
403	4	613.11	1	4
403	4	806.73	1	4
403	4	658.84	1	4
403	4	705.23	1	4
403	4	791.23	1	4
403	4	1227.9	1	4
403	4	1264	1	4
403	4	805.76	1	4
403	4	968.81	1	4
403	4	916.18	1	4
403	4	1001.1	1	4
403	4	890.27	1	4
403	4	1523.1	1	4
403	4	949.69	1	4
403	4	938.39	1	4
403	4	1215.6	1	4
403	4	1131.3	1	4
403	4	836.79	1	4
403	4	1049.7	1	4
403	4	867.09	1	4
403	4	808.45	1	4
403	4	655.87	1	4
403	4	997.18	1	4
403	4	1805.3	1	4
403	4	1132.5	1	4
403	4	753.71	1	4
403	4	1276.9	1	4
403	4	1067.2	1	4
403	4	787.36	1	4
403	4	1544.6	1	4
403	4	1170.5	1	4
403	4	745.96	1	4
403	4	968.74	1	4
403	4	1063.2	1	4
403	4	2192.8	1	4
403	4	944.83	1	4
403	4	1040.4	1	4
403	4	905.05	1	4
403	4	1117.7	1	4
403	4	845.54	1	4
403	4	1301.5	1	4
403	4	664.53	1	4
403	4	932.33	1	4
403	4	1018.4	1	4
403	4	695.27	1	4
403	4	1101	1	5
403	4	1883.5	0	5
403	4	1099.9	0	5
403	4	1199.2	1	5
403	4	990.37	1	5
403	4	1565.2	0	5
403	4	1179.7	1	5
403	4	1726.5	1	5
403	4	3050.2	1	5
403	4	1606.5	1	5
403	4	2218.5	1	5
403	4	1317	1	5
403	4	2173.9	0	5
403	4	1143.4	1	5
403	4	1789.5	1	5
403	4	1299.4	0	5
403	4	1028.2	0	5
403	4	1098.7	0	5
403	4	1016.6	0	5
403	4	1163.5	0	5
403	4	3732.5	0	5
403	4	1023.7	0	5
403	4	1161.4	0	5
403	4	2287.4	0	5
403	4	2750.2	1	5
403	4	1260.9	1	5
403	4	1886.4	1	5
403	4	1487.7	1	5
403	4	1379.7	1	5
403	4	2518.6	1	5
403	4	1927.1	1	5
403	4	3356.5	1	5
403	4	2090.7	1	5
403	4	1224.7	1	5
403	4	1799.5	0	5
403	4	1356.3	0	5
403	4	2161.8	1	5
403	4	1524.7	1	5
403	4	1690	1	5
403	4	1977.9	1	5
403	4	1637.3	1	5
403	4	1150.8	1	5
403	4	3179.7	1	5
403	4	2472.2	1	5
403	4	1308	1	5
403	4	2383.6	1	5
403	4	1073.4	1	5
403	4	1554.7	1	5
403	4	1150.3	1	5
403	4	785.42	1	5
403	4	1166.5	1	5
403	4	1296.4	1	5
403	4	1343.6	1	5
403	4	2375.5	1	5
403	4	1140.5	1	5
403	4	1397.2	1	5
403	4	1175.7	1	5
403	4	1454	1	5
403	4	1101.1	1	5
403	4	1213.7	1	5
403	4	895.25	1	5
403	4	1016.2	1	5
403	4	2051.9	1	5
403	4	1204.7	1	5
403	4	1367.4	1	5
403	4	1480.5	1	5
403	4	894.13	1	5
403	4	1539.9	1	5
403	4	1011.6	1	5
403	4	1059.3	1	5
403	4	1184.8	1	5
403	4	803.09	1	5
403	4	1253.6	1	5
403	4	1037.4	1	5
403	4	710	1	5
403	4	794.07	1	5
403	4	1149.4	1	5
403	4	1060.4	1	5
403	4	1046.9	1	5
403	4	950.9	1	5
403	4	827.48	1	5
403	4	630.14	1	5
403	4	1593.6	1	5
403	4	957.23	1	5
403	4	2002.3	1	5
403	4	1330.6	1	5
403	4	972.74	1	5
403	4	838.37	1	5
403	4	931.01	0	5
403	4	1312.3	1	5
403	4	995.63	1	5
403	4	978.21	1	5
403	4	979.56	1	5
403	4	1216.2	1	5
403	4	918.33	1	5
403	4	820.91	1	5
403	4	797.16	1	5
403	4	753.68	1	5
403	4	769.73	1	5
403	4	1132.7	1	5
403	4	905.45	1	5
403	4	1085.8	1	5
403	4	1085.7	1	5
403	4	1108.6	1	5
403	4	1128.7	1	5
403	4	1402.7	1	5
403	4	937.78	1	5
403	4	1801.8	1	5
403	4	965.14	1	5
403	4	1049.4	1	5
403	4	1041.4	1	5
403	4	1056.1	1	5
403	4	1098.4	1	5
403	4	1634.3	1	5
403	4	987.69	1	5
403	4	1188.8	1	5
403	4	1239.7	1	5
403	4	1160.6	1	5
403	4	637.36	0	5
403	4	969.21	1	5
403	4	1069.3	1	5
403	4	945.83	1	5
403	4	1011.5	1	5
403	4	1264.4	1	5
403	4	1197	1	5
403	4	2559.5	1	5
403	4	1352.6	1	5
403	4	1569	1	5
403	4	1108.5	1	5
403	4	2311.1	1	5
403	4	1239.4	1	5
403	4	972.04	1	5
403	4	1443.8	1	5
403	4	1134.3	1	5
403	4	1900.6	1	5
403	4	987.55	1	5
403	4	1947.3	1	5
403	4	1181.3	1	5
403	4	961.49	1	5
403	4	1207.1	1	5
403	4	1185.5	1	5
403	4	2731.6	1	5
403	4	1312.6	1	5
403	4	1295.4	1	5
403	4	1210.7	1	5
403	4	1102.1	1	5
403	4	1551.2	1	5
403	4	946.29	1	5
403	4	2636.9	1	5
403	4	974.8	1	5
403	4	1185.2	1	5
403	4	965.88	1	5
403	4	1047.1	1	5
403	4	941.69	1	5
403	4	986.57	1	5
403	4	865.15	1	5
403	4	1523.9	1	5
403	4	965.82	1	5
403	4	811.69	1	5
403	4	980.36	1	5
403	4	1176	1	5
403	4	1294.5	1	5
403	4	1213.6	1	5
403	4	915.32	1	5
403	4	1334.4	1	5
403	4	944.63	1	5
403	4	800.99	1	5
403	4	1405.6	1	5
403	4	1113.3	0	5
403	4	869.59	1	5
403	4	1157.2	1	5
403	4	1109.1	1	5
403	4	823.54	1	5
403	4	1415.3	1	5
403	4	898.48	1	5
403	4	872.37	1	5
403	4	982.59	1	5
403	4	770.79	1	5
403	4	1602.8	1	5
403	4	898.36	1	5
403	4	798.85	1	5
403	4	867.03	1	5
403	4	746.26	1	5
403	4	753.3	1	5
403	4	1161.8	1	5
403	4	951.65	1	5
403	4	918.01	1	5
403	4	1261.5	1	5
403	4	957.2	1	5
403	4	840.99	1	5
403	4	854.85	1	5
403	4	1285.7	1	5
403	4	842.9	1	5
403	4	1371.7	1	5
403	4	2397.9	1	5
403	4	1237.8	1	5
403	4	850.59	1	5
403	4	725.27	1	5
403	4	935.65	1	5
403	4	908.33	1	5
403	4	1165	1	5
403	4	840.19	1	5
403	4	718.65	1	5
403	4	1123.4	1	5
403	4	1115.2	1	5
403	4	923.95	1	5
403	4	1614.4	1	5
403	4	1537	1	5
403	4	1077.5	1	5
403	4	1020.4	1	5
403	4	872.32	1	5
403	4	1088.4	1	5
403	4	1324	1	5
403	4	2916.7	1	5
403	4	957.93	1	5
403	4	930.61	1	5
403	4	984.14	1	5
403	4	723.22	1	5
403	4	825.81	1	5
403	4	896.62	1	5
403	4	1104.2	1	5
403	4	899.76	1	5
403	4	795.89	1	5
403	4	865.46	1	5
403	4	773.91	1	5
403	4	799.08	1	5
403	4	787.41	1	5
403	4	769.58	1	5
403	4	1014.2	1	5
403	4	794.28	1	5
403	4	1256.9	1	5
403	4	2647.9	1	5
403	4	1458.5	1	5
403	4	690.81	1	5
403	4	881.86	1	5
403	4	854.06	1	5
403	4	907.66	1	5
403	4	774.11	1	5
403	4	789.45	1	5
403	4	793.43	1	5
403	4	771.76	1	5
403	4	745.94	1	5
403	4	861.93	1	5
403	4	938.4	1	5
403	4	862.35	1	5
403	4	2569.6	1	5
403	4	856.99	1	5
403	4	718.61	1	5
403	4	1160	1	5
403	4	976.38	1	5
403	4	1037.5	1	5
403	4	2322	1	5
403	4	1058	1	5
403	4	1152.5	1	5
403	4	817.09	1	5
403	4	1194.1	1	5
403	4	1306.6	1	5
403	4	759.7	1	5
403	4	917.87	1	5
403	4	723.27	1	5
403	4	1238.1	1	5
403	4	891.78	1	5
403	4	793.71	1	5
403	4	856.42	1	5
403	4	799.28	1	5
403	4	911.77	1	5
403	4	859.25	1	5
403	4	1175.7	1	5
403	4	921.51	1	5
403	4	786.43	1	5
403	4	791.72	1	5
403	4	754.59	1	5
403	4	815.03	1	5
403	4	1139.7	1	5
403	4	927.17	1	5
403	4	1327.9	1	5
403	4	857.82	1	5
403	4	775.56	1	5
403	4	753.4	1	5
403	4	662.9	1	5
403	4	1054.4	1	5
403	4	1159.5	1	5
403	4	2116.7	1	5
403	4	1031	1	5
403	4	974.33	1	5
403	4	1113.2	1	5
403	4	985.06	1	5
403	4	831.11	1	5
403	4	682.37	1	5
403	4	1105.5	1	5
403	4	793.83	1	5
403	4	777.06	1	5
403	4	1038.1	1	5
403	4	898.74	1	5
403	4	724.57	1	5
403	4	3018.6	1	5
403	4	1202	1	5
403	4	849.56	1	5
403	4	979.29	1	5
403	4	1655	1	5
403	4	1202.9	1	5
403	4	2365.3	1	5
403	4	924.32	1	5
403	4	1155.4	1	5
403	4	1087	1	5
403	4	889.8	1	5
403	4	896.4	1	5
403	4	807.44	1	5
403	4	916.7	1	5
403	4	1062	1	5
403	4	1372	1	5
403	4	918.22	1	5
403	4	779.08	1	5
403	4	940.65	1	5
403	4	950.48	1	5
403	4	967.14	1	5
403	4	1043	1	5
403	4	1824.3	1	5
403	4	989.26	1	5
403	4	958.35	1	5
403	4	723.57	1	5
403	4	897.85	1	5
403	4	1075.7	1	5
403	4	1919.6	1	5
403	4	842.28	1	5
403	4	908.72	1	5
403	4	1032.7	1	5
403	4	1019.9	1	5
403	4	1434.9	1	5
403	4	1312.8	1	5
403	4	887.71	1	5
403	4	1410.5	1	5
403	4	1335	1	5
403	4	954.05	1	5
403	4	1033.9	1	5
403	4	817.73	1	5
403	4	1059.5	1	5
403	4	908.94	1	5
403	4	1497.3	1	5
403	4	894.96	1	5
403	4	859.96	1	5
403	4	925.77	1	5
403	4	962.92	1	5
403	4	1396	1	5
403	4	1036.6	1	5
403	4	1494.9	1	5
403	4	1334.8	1	5
403	4	1572.1	1	5
403	4	888.58	1	6
403	4	2229.1	0	6
403	4	1655.8	1	6
403	4	3078.7	0	6
403	4	1303.9	1	6
403	4	2992.1	0	6
403	4	2432.7	0	6
403	4	3201.8	1	6
403	4	1632.3	1	6
403	4	1129.9	1	6
403	4	1093.5	0	6
403	4	1712.7	1	6
403	4	1401.1	1	6
403	4	3700.2	1	6
403	4	3130.9	1	6
403	4	3058.5	1	6
403	4	1267.5	0	6
403	4	2585.3	1	6
403	4	2206.4	1	6
403	4	2321.8	1	6
403	4	1603.3	0	6
403	4	1729.4	1	6
403	4	2048	1	6
403	4	1382.5	1	6
403	4	2060.7	1	6
403	4	1114.4	1	6
403	4	2670.7	1	6
403	4	2503.3	1	6
403	4	2617	1	6
403	4	1626.8	1	6
403	4	2287.4	0	6
403	4	2626	1	6
403	4	2531.3	0	6
403	4	2177.6	0	6
403	4	2327.2	1	6
403	4	1449.5	1	6
403	4	3027	1	6
403	4	2582.2	1	6
403	4	2584.4	1	6
403	4	784.02	1	6
403	4	590.85	1	6
403	4	2915	1	6
403	4	776.22	1	6
403	4	1060.6	1	6
403	4	637.17	1	6
403	4	3647.1	1	6
403	4	1963.7	1	6
403	4	2265.3	1	6
403	4	1087.3	1	6
403	4	1042.1	1	6
403	4	1447.5	1	6
403	4	1560.4	1	6
403	4	1625.2	1	6
403	4	991.77	1	6
403	4	1096.1	1	6
403	4	1128.7	1	6
403	4	3617.7	1	6
403	4	2263	1	6
403	4	829.47	1	6
403	4	1506.5	1	6
403	4	1055.9	1	6
403	4	975.17	1	6
403	4	1523	1	6
403	4	2408.2	1	6
403	4	2136.5	1	6
403	4	1993.3	1	6
403	4	1415.2	1	6
403	4	1245.2	1	6
403	4	814.52	1	6
403	4	1956.9	1	6
403	4	905.98	1	6
403	4	918.83	1	6
403	4	878.42	1	6
403	4	1028.9	1	6
403	4	1803.1	1	6
403	4	1028.2	1	6
403	4	1775.7	1	6
403	4	739.32	1	6
403	4	851.4	1	6
403	4	890.23	1	6
403	4	994.98	1	6
403	4	954.18	1	6
403	4	1734.9	1	6
403	4	819.36	1	6
403	4	886.21	1	6
403	4	731.74	1	6
403	4	879.24	1	6
403	4	2356.3	1	6
403	4	923.35	1	6
403	4	1455.3	1	6
403	4	847.04	1	6
403	4	1093.3	1	6
403	4	1355.7	1	6
403	4	1284.4	1	6
403	4	870.89	1	6
403	4	772.27	1	6
403	4	1346.6	1	6
403	4	839.01	1	6
403	4	1330.7	1	6
403	4	1043	1	6
403	4	1070.7	1	6
403	4	2347.2	1	6
403	4	1112.6	1	6
403	4	1078.3	1	6
403	4	1397.6	1	6
403	4	1460.1	1	6
403	4	1524.3	1	6
403	4	1857.6	1	6
403	4	1004.3	1	6
403	4	1228.8	1	6
403	4	935.32	1	6
403	4	926.04	1	6
403	4	944.44	1	6
403	4	1483.5	1	6
403	4	2094.9	1	6
403	4	1878.9	1	6
403	4	1076.8	1	6
403	4	2326.9	1	6
403	4	1309.3	1	6
403	4	951.79	1	6
403	4	1744.6	1	6
403	4	1550.1	1	6
403	4	1508.9	1	6
403	4	3247.1	1	6
403	4	1409	1	6
403	4	1134.4	1	6
403	4	1240.9	1	6
403	4	1045.9	1	6
403	4	1198.4	1	6
403	4	1021.2	1	6
403	4	1051.3	1	6
403	4	2049.4	1	6
403	4	1218.5	1	6
403	4	891.52	1	6
403	4	883.38	1	6
403	4	1821.2	1	6
403	4	904.54	1	6
403	4	1516.3	1	6
403	4	997.29	1	6
403	4	915.54	1	6
403	4	1417.6	1	6
403	4	1662.5	1	6
403	4	2365.4	1	6
403	4	1358.5	1	6
403	4	1323.7	1	6
403	4	1154.1	1	6
403	4	2528.8	1	6
403	4	2568.7	0	6
403	4	984.76	0	6
403	4	959.64	1	6
403	4	1181.9	1	6
403	4	2295	1	6
403	4	2020.9	1	6
403	4	830.27	1	6
403	4	1246.7	1	6
403	4	1310	1	6
403	4	1595	1	6
403	4	1172.4	1	6
403	4	1138.1	1	6
403	4	1267.2	1	6
403	4	1000.7	1	6
403	4	982.06	1	6
403	4	1162.7	1	6
403	4	1950.7	1	6
403	4	1303.1	1	6
403	4	3274.4	1	6
403	4	962.13	1	6
403	4	971.43	1	6
403	4	1045.8	1	6
403	4	873.45	1	6
403	4	977.73	1	6
403	4	1719.4	1	6
403	4	916.14	1	6
403	4	1576.2	1	6
403	4	1478.4	1	6
403	4	1077.9	1	6
403	4	1459.6	1	6
403	4	1260.7	1	6
403	4	906.38	1	6
403	4	851.75	1	6
403	4	817.41	1	6
403	4	837.21	1	6
403	4	841.11	1	6
403	4	749.05	1	6
403	4	1011.6	1	6
403	4	802.02	1	6
403	4	890.23	1	6
403	4	804.77	1	6
403	4	1179.9	1	6
403	4	1529.6	1	6
403	4	1595.1	1	6
403	4	979.9	1	6
403	4	2137	1	6
403	4	1731.3	1	6
403	4	799.84	1	6
403	4	1194.2	1	6
403	4	989.24	1	6
403	4	1004.7	1	6
403	4	2163.9	1	6
403	4	1072.9	1	6
403	4	964.08	1	6
403	4	825.86	1	6
403	4	1195.6	1	6
403	4	1948.8	1	6
403	4	935.34	1	6
403	4	1111.3	1	6
403	4	1309.2	1	6
403	4	1724.3	1	6
403	4	1479	1	6
403	4	989.15	1	6
403	4	868.91	1	6
403	4	1067.9	1	6
403	4	1109.8	1	6
403	4	896.32	1	6
403	4	1372.1	1	6
403	4	1308	1	6
403	4	1149.4	1	6
403	4	797.17	1	6
403	4	1168.5	1	6
403	4	1444.1	1	6
403	4	800.02	1	6
403	4	744.86	1	6
403	4	744.12	1	6
403	4	1029.9	1	6
403	4	1302.9	1	6
403	4	1658.8	1	6
403	4	1428.2	1	6
403	4	971.51	1	6
403	4	1276.3	1	6
403	4	692.8	1	6
403	4	864.94	1	6
403	4	982.32	1	6
403	4	784.85	1	6
403	4	848.04	1	6
403	4	1074.7	1	6
403	4	895.64	1	6
403	4	745.46	1	6
403	4	2239.8	1	6
403	4	1096.7	1	6
403	4	1020.1	1	6
403	4	916.69	1	6
403	4	890.46	1	6
403	4	991.24	1	6
403	4	934.32	1	6
403	4	1766.8	1	6
403	4	1731.4	1	6
403	4	702.9	1	6
403	4	1145.1	1	6
403	4	1763.2	1	6
403	4	1531.9	1	6
403	4	1310.2	1	6
403	4	907.24	1	6
403	4	923.28	1	6
403	4	1060.7	0	6
403	4	1111.1	1	6
403	4	1269	1	6
403	4	793.08	1	6
403	4	1123.8	1	6
403	4	1469.3	1	6
403	4	767.61	1	6
403	4	767.71	1	6
403	4	774.48	1	6
403	4	1480	1	6
403	4	807.07	1	6
403	4	954.66	1	6
403	4	1113.7	1	6
403	4	714.64	1	6
403	4	1035.1	1	6
403	4	815.94	1	6
403	4	931.83	1	6
403	4	801.02	1	6
403	4	2954.4	1	6
403	4	995.18	1	6
403	4	784.11	1	6
403	4	1380.9	1	6
403	4	1050	1	6
403	4	860.3	1	6
403	4	841.37	1	6
403	4	894.68	1	6
403	4	795.61	1	6
403	4	953.66	1	6
403	4	1025.2	1	6
403	4	861.61	1	6
403	4	3025.8	0	6
403	4	834.37	1	6
403	4	982.5	1	6
403	4	888.86	1	6
403	4	739.61	1	6
403	4	861.51	1	6
403	4	1007.7	1	6
403	4	981.25	1	6
403	4	967.76	1	6
403	4	1810.2	1	6
403	4	1035.5	1	6
403	4	1342.8	1	6
403	4	877.89	1	6
403	4	1128.6	1	6
403	4	970.8	1	6
403	4	1306.1	1	6
403	4	1597.3	1	6
403	4	1460.9	0	6
403	4	1647.4	1	6
403	4	989.57	1	6
403	4	1271.1	1	6
403	4	1041.4	1	6
403	4	1075.7	1	6
403	4	814.91	1	6
403	4	733.61	1	6
403	4	998.5	1	6
403	4	1196	1	6
403	4	820.83	1	6
403	4	931.46	1	6
403	4	865.67	1	6
403	4	982.67	1	6
403	4	735.88	1	6
403	4	1245.2	1	6
403	4	808.86	1	6
403	4	957.42	1	6
403	4	1009.2	1	6
403	4	1136.6	1	6
403	4	986.61	1	6
403	4	935.94	1	6
403	4	1094.1	1	6
403	4	1398.8	1	6
403	4	840.5	1	6
403	4	796.54	1	6
403	4	2285.3	1	6
403	4	904.6	1	6
403	4	2250.4	1	6
403	4	1443.6	1	6
403	4	1046.8	1	6
403	4	865.81	1	6
403	4	1190.6	1	6
403	4	1122.7	1	6
403	4	1157.6	1	6
403	4	1101.2	1	6
403	4	1143.4	1	6
403	4	1867.9	1	6
403	4	1744.4	1	6
403	4	1061.4	1	6
403	4	881.73	1	6
403	4	988.63	1	6
403	4	1093.9	1	6
403	4	1347	1	6
403	4	1486.1	1	6
403	4	919.34	1	6
403	4	839.03	1	6
403	4	1124.7	0	7
403	4	1065.2	1	7
403	4	1123.9	1	7
403	4	1143.8	1	7
403	4	3067.4	1	7
403	4	1199.7	1	7
403	4	1645.4	0	7
403	4	699.43	1	7
403	4	1261.4	1	7
403	4	3627.5	1	7
403	4	663.84	1	7
403	4	1427.1	1	7
403	4	1186.3	1	7
403	4	938.02	1	7
403	4	1835.9	1	7
403	4	1223.5	1	7
403	4	724.16	1	7
403	4	624.86	1	7
403	4	1547	1	7
403	4	961.89	1	7
403	4	597.98	1	7
403	4	692.64	1	7
403	4	1487.2	1	7
403	4	835.31	1	7
403	4	992.17	1	7
403	4	751.44	1	7
403	4	802.93	1	7
403	4	1434.8	1	7
403	4	932.2	1	7
403	4	1481.6	1	7
403	4	1552.8	1	7
403	4	730.8	1	7
403	4	1293	0	7
403	4	797.34	1	7
403	4	753.7	1	7
403	4	721.26	1	7
403	4	1412.9	1	7
403	4	834.36	1	7
403	4	2072.9	1	7
403	4	1135.5	1	7
403	4	1302.9	0	7
403	4	1191.7	1	7
403	4	552.25	1	7
403	4	1100	1	7
403	4	821.31	1	7
403	4	715.78	1	7
403	4	530.05	1	7
403	4	1641.4	1	7
403	4	826.93	1	7
403	4	937.64	1	7
403	4	891.52	1	7
403	4	668.57	1	7
403	4	658.53	1	7
403	4	632.11	1	7
403	4	776.85	1	7
403	4	595.09	1	7
403	4	576.65	1	7
403	4	702.66	1	7
403	4	896.81	1	7
403	4	792.84	1	7
403	4	1036.3	1	7
403	4	789.98	1	7
403	4	848.6	1	7
403	4	649.11	1	7
403	4	893.32	1	7
403	4	931.07	1	7
403	4	931.51	1	7
403	4	824.65	1	7
403	4	864.19	1	7
403	4	690.46	1	7
403	4	863.06	1	7
403	4	1138.1	1	7
403	4	872.16	1	7
403	4	581.45	1	7
403	4	1246.6	1	7
403	4	1245.3	1	7
403	4	799.58	1	7
403	4	679.06	1	7
403	4	887.62	1	7
403	4	944.49	1	7
403	4	578.72	1	7
403	4	734.19	1	7
403	4	591.54	1	7
403	4	793.16	1	7
403	4	556.68	1	7
403	4	982.39	1	7
403	4	1145.6	1	7
403	4	615.92	1	7
403	4	823.58	1	7
403	4	578.5	1	7
403	4	634.18	1	7
403	4	515.75	1	7
403	4	647.71	1	7
403	4	882.36	1	7
403	4	857.14	1	7
403	4	519.84	1	7
403	4	659.78	1	7
403	4	875.92	1	7
403	4	624.35	1	7
403	4	943.67	1	7
403	4	869.79	1	7
403	4	711.09	1	7
403	4	757.07	1	7
403	4	686.29	1	7
403	4	704.24	1	7
403	4	642.38	1	7
403	4	598.34	1	7
403	4	548.74	1	7
403	4	881.48	1	7
403	4	953.47	1	7
403	4	623.88	1	7
403	4	678.58	1	7
403	4	563.87	1	7
403	4	982.69	1	7
403	4	643.43	1	7
403	4	642.56	1	7
403	4	737.36	1	7
403	4	630.54	1	7
403	4	882.31	1	7
403	4	941.19	1	7
403	4	626.19	1	7
403	4	622.84	1	7
403	4	630.79	1	7
403	4	602.31	1	7
403	4	556.48	1	7
403	4	703.03	1	7
403	4	891.43	1	7
403	4	721.36	1	7
403	4	2166.2	1	7
403	4	808.47	1	7
403	4	628.23	1	7
403	4	626.48	1	7
403	4	727.05	1	7
403	4	790.38	1	7
403	4	1018.4	1	7
403	4	629.26	1	7
403	4	567.76	1	7
403	4	892.38	1	7
403	4	879.34	1	7
403	4	680.09	1	7
403	4	539.4	1	7
403	4	555.11	1	7
403	4	588.82	1	7
403	4	1177.3	1	7
403	4	1029.6	1	7
403	4	1137	1	7
403	4	978.44	1	7
403	4	718.41	1	7
403	4	597.86	1	7
403	4	629.38	1	7
403	4	889.9	1	7
403	4	812.57	1	7
403	4	608.3	1	7
403	4	674.12	1	7
403	4	1848.1	1	7
403	4	559.7	1	7
403	4	572.16	1	7
403	4	629.12	1	7
403	4	939.4	1	7
403	4	807.43	1	7
403	4	512.97	1	7
403	4	526.11	1	7
403	4	936.96	1	7
403	4	1051.8	1	7
403	4	964.83	1	7
403	4	681.97	1	7
403	4	1211.2	1	7
403	4	640.1	1	7
403	4	2166.4	1	7
403	4	605.23	1	7
403	4	593.96	1	7
403	4	619.59	1	7
403	4	618.09	1	7
403	4	1408.2	1	7
403	4	549.48	1	7
403	4	854.26	1	7
403	4	651.18	1	7
403	4	663.91	1	7
403	4	892.19	1	7
403	4	596.06	1	7
403	4	566.23	1	7
403	4	763.12	1	7
403	4	1286	1	7
403	4	644.76	1	7
403	4	836.24	1	7
403	4	612.05	1	7
403	4	668.95	1	7
403	4	598.13	1	7
403	4	803.33	1	7
403	4	683.17	1	7
403	4	599.56	1	7
403	4	591.51	1	7
403	4	926.7	1	7
403	4	883.3	1	7
403	4	659.68	1	7
403	4	775.92	1	7
403	4	695.62	1	7
403	4	983.83	1	7
403	4	726.15	1	7
403	4	1003.4	1	7
403	4	570.4	1	7
403	4	750.17	1	7
403	4	623.58	1	7
403	4	847.81	1	7
403	4	788.54	1	7
403	4	498.85	1	7
403	4	745.69	1	7
403	4	1368.5	1	7
403	4	887.1	1	7
403	4	1068.2	1	7
403	4	724.14	1	7
403	4	700.33	1	7
403	4	560.45	1	7
403	4	1162.3	1	7
403	4	724.36	1	7
403	4	756.64	1	7
403	4	641.22	1	7
403	4	634.95	1	7
403	4	542.06	1	7
403	4	715.76	1	7
403	4	532.64	1	7
403	4	630.86	1	7
403	4	513.8	1	7
403	4	742.3	1	7
403	4	561.26	1	7
403	4	749.45	1	7
403	4	617.53	1	7
403	4	708.53	1	7
403	4	1011.8	1	7
403	4	550.8	1	7
403	4	799.49	1	7
403	4	523.01	1	7
403	4	1468.8	1	7
403	4	784.56	1	7
403	4	511.85	1	7
403	4	554.94	1	7
403	4	728.09	1	7
403	4	597.87	1	7
403	4	644.78	1	7
403	4	632.81	1	7
403	4	837.67	1	7
403	4	638.96	1	7
403	4	514.51	1	7
403	4	586.93	1	7
403	4	559.83	1	7
403	4	539.27	1	7
403	4	522.65	1	7
403	4	1285.6	1	7
403	4	837.25	1	7
403	4	950.04	1	7
403	4	848.73	1	7
403	4	860.41	1	7
403	4	604.14	1	7
403	4	872.55	1	7
403	4	2121.4	1	7
403	4	604.59	1	7
403	4	678.39	1	7
403	4	527.53	1	7
403	4	670.05	1	7
403	4	560.15	1	7
403	4	726.7	1	7
403	4	732.87	1	7
403	4	966.65	1	7
403	4	833.26	1	7
403	4	880.62	1	7
403	4	571.58	1	7
403	4	507.78	1	7
403	4	730.5	1	7
403	4	494.65	1	7
403	4	771.42	1	7
403	4	541.67	1	7
403	4	1230	1	7
403	4	523.93	1	7
403	4	808.13	1	7
403	4	940.88	1	7
403	4	801.09	1	7
403	4	844.96	1	7
403	4	547.43	1	7
403	4	550.62	1	7
403	4	562.22	1	7
403	4	571.73	1	7
403	4	600.19	1	7
403	4	815.29	1	7
403	4	704.46	1	7
403	4	897.53	1	7
403	4	994.01	1	7
403	4	1202.7	1	7
403	4	583.64	1	7
403	4	719.39	1	7
403	4	564.19	1	7
403	4	633.25	1	7
403	4	593.2	1	7
403	4	583.03	1	7
403	4	627.35	1	7
403	4	696.36	1	7
403	4	659.89	1	7
403	4	597.77	1	7
403	4	913.2	1	7
403	4	589.46	1	7
403	4	694.25	1	7
403	4	863.03	1	7
403	4	1233.1	1	7
403	4	1036.5	1	7
403	4	977.54	1	7
403	4	692.82	1	7
403	4	744.21	1	7
403	4	744.92	1	7
403	4	569.25	1	7
403	4	705.66	1	7
403	4	607.34	1	7
403	4	1940.5	1	7
403	4	1203.4	1	7
403	4	1882.9	1	7
403	4	594.1	1	7
403	4	645.75	1	7
403	4	638.18	1	7
403	4	824.67	1	7
403	4	618.03	1	7
403	4	1471.3	1	7
403	4	682.02	1	7
403	4	645.37	1	7
403	4	582.53	1	7
403	4	722.08	1	7
403	4	648.12	1	7
403	4	772	1	7
403	4	667.06	1	7
403	4	596.23	1	7
403	4	809.95	1	7
403	4	673.12	1	7
403	4	879.58	1	7
403	4	714.96	1	7
403	4	536.34	1	7
403	4	688.92	1	7
403	4	686.51	1	7
403	4	1367.3	1	7
403	4	1103.4	1	7
403	4	790.17	1	7
403	4	681.63	1	7
403	4	967.73	1	7
403	4	1175.3	1	7
403	4	800.09	1	7
403	4	813.4	1	7
403	4	1656.2	1	7
403	4	673.75	1	7
403	4	1520.5	1	7
403	4	823.95	1	7
403	4	674.65	1	7
403	4	999.51	1	7
403	4	749.77	1	7
403	4	863.4	1	7
403	4	1965.8	1	8
403	4	1231.3	1	8
403	4	630.75	1	8
403	4	595.66	1	8
403	4	891.47	1	8
403	4	891.98	1	8
403	4	889.99	1	8
403	4	860.01	1	8
403	4	668.62	1	8
403	4	1434.9	1	8
403	4	654.92	1	8
403	4	1317.8	1	8
403	4	802.4	1	8
403	4	871.33	1	8
403	4	2496.4	1	8
403	4	1790.2	1	8
403	4	1477.3	1	8
403	4	780.22	1	8
403	4	2675	0	8
403	4	849.53	1	8
403	4	595.11	1	8
403	4	641.51	1	8
403	4	952.07	1	8
403	4	672.31	1	8
403	4	2528	1	8
403	4	634.69	1	8
403	4	831.35	1	8
403	4	1286.5	1	8
403	4	843.28	1	8
403	4	1372.5	1	8
403	4	1200.5	1	8
403	4	1594.9	1	8
403	4	1505.2	1	8
403	4	930.91	1	8
403	4	650.43	1	8
403	4	1127.9	1	8
403	4	629.65	1	8
403	4	880.02	1	8
403	4	736.16	1	8
403	4	2266.1	1	8
403	4	1461.8	1	8
403	4	866.93	1	8
403	4	844.36	1	8
403	4	775	1	8
403	4	536.06	1	8
403	4	770.33	1	8
403	4	1510.6	1	8
403	4	1059.7	1	8
403	4	1308.3	1	8
403	4	613.28	1	8
403	4	752.42	1	8
403	4	767.22	1	8
403	4	1235	1	8
403	4	565.89	1	8
403	4	878.51	1	8
403	4	714.2	1	8
403	4	994.15	1	8
403	4	676.7	1	8
403	4	648.77	1	8
403	4	903.05	1	8
403	4	630.81	1	8
403	4	675.97	1	8
403	4	1414.8	1	8
403	4	1342.6	1	8
403	4	856.59	1	8
403	4	1413.2	1	8
403	4	1273.2	1	8
403	4	893.51	1	8
403	4	805.87	1	8
403	4	805.6	1	8
403	4	600.84	1	8
403	4	781.28	1	8
403	4	794.46	1	8
403	4	584.93	1	8
403	4	722.98	1	8
403	4	1183.6	1	8
403	4	711.42	1	8
403	4	580.52	1	8
403	4	482.44	1	8
403	4	610.47	1	8
403	4	844.62	1	8
403	4	587.68	1	8
403	4	722.57	1	8
403	4	1033.8	1	8
403	4	535.7	1	8
403	4	542.87	1	8
403	4	579.87	1	8
403	4	1532.7	1	8
403	4	970.66	1	8
403	4	710.32	1	8
403	4	884.58	1	8
403	4	979.63	1	8
403	4	847.88	1	8
403	4	561.12	1	8
403	4	589.97	1	8
403	4	666.9	1	8
403	4	838.21	1	8
403	4	549.36	1	8
403	4	502.94	1	8
403	4	595.83	1	8
403	4	802.71	1	8
403	4	1218.7	1	8
403	4	714.09	1	8
403	4	744.54	1	8
403	4	636.05	1	8
403	4	577.47	1	8
403	4	800.21	1	8
403	4	708.03	1	8
403	4	637.45	1	8
403	4	648.15	1	8
403	4	667.59	1	8
403	4	667.23	1	8
403	4	860.73	1	8
403	4	672.68	1	8
403	4	775.69	1	8
403	4	535.94	1	8
403	4	657.87	1	8
403	4	612.98	1	8
403	4	588.48	1	8
403	4	1496.1	1	8
403	4	626.39	1	8
403	4	749.58	1	8
403	4	741.47	1	8
403	4	622.41	1	8
403	4	606.71	1	8
403	4	617.26	1	8
403	4	575.5	1	8
403	4	573.71	1	8
403	4	693.43	1	8
403	4	676.21	1	8
403	4	687.82	1	8
403	4	821.56	1	8
403	4	583.78	1	8
403	4	649.89	1	8
403	4	700.72	1	8
403	4	565.79	1	8
403	4	696.47	1	8
403	4	1361.8	1	8
403	4	908.58	1	8
403	4	513.76	1	8
403	4	619.24	1	8
403	4	556.34	1	8
403	4	712.85	1	8
403	4	831.04	1	8
403	4	954.8	1	8
403	4	1285.7	1	8
403	4	917.62	1	8
403	4	657.75	1	8
403	4	711.94	1	8
403	4	778.54	1	8
403	4	761.82	1	8
403	4	693.07	1	8
403	4	583.67	1	8
403	4	650.34	1	8
403	4	604.59	1	8
403	4	544.93	1	8
403	4	566.48	1	8
403	4	566.5	1	8
403	4	613.03	1	8
403	4	694.15	1	8
403	4	645.58	1	8
403	4	549.3	1	8
403	4	904.86	1	8
403	4	984.36	1	8
403	4	1335.7	1	8
403	4	621.61	1	8
403	4	891.37	1	8
403	4	673.96	1	8
403	4	668.57	1	8
403	4	916.06	1	8
403	4	524.77	1	8
403	4	659.82	1	8
403	4	1125.8	1	8
403	4	677.35	1	8
403	4	568.41	1	8
403	4	979.41	1	8
403	4	932.69	1	8
403	4	615.47	1	8
403	4	607.89	1	8
403	4	669.4	1	8
403	4	601.71	1	8
403	4	559.4	1	8
403	4	857.04	1	8
403	4	565.66	1	8
403	4	535.87	1	8
403	4	1042.9	1	8
403	4	873.03	1	8
403	4	554.04	1	8
403	4	600.04	1	8
403	4	1223.9	1	8
403	4	792.15	1	8
403	4	623.36	1	8
403	4	879.32	1	8
403	4	671.71	1	8
403	4	706.72	1	8
403	4	1335.6	1	8
403	4	960.38	1	8
403	4	990.79	1	8
403	4	618.59	1	8
403	4	618.18	1	8
403	4	2796.4	0	8
403	4	1327.7	1	8
403	4	678.45	1	8
403	4	1313.2	1	8
403	4	524.14	1	8
403	4	589.79	1	8
403	4	1192.8	1	8
403	4	509	1	8
403	4	614.54	1	8
403	4	536.09	1	8
403	4	863.78	1	8
403	4	759.89	1	8
403	4	605.97	1	8
403	4	695.41	1	8
403	4	541.92	1	8
403	4	685.79	1	8
403	4	636.98	1	8
403	4	589.53	1	8
403	4	553.97	1	8
403	4	592.37	1	8
403	4	548.68	1	8
403	4	583.23	1	8
403	4	548.21	1	8
403	4	588.66	1	8
403	4	876.04	1	8
403	4	584.55	1	8
403	4	765.29	1	8
403	4	553.34	1	8
403	4	585.73	1	8
403	4	702.65	1	8
403	4	525.64	1	8
403	4	547.63	1	8
403	4	660.41	1	8
403	4	608.68	1	8
403	4	517.09	1	8
403	4	570.07	1	8
403	4	550.85	1	8
403	4	623.1	1	8
403	4	474.03	1	8
403	4	557.23	1	8
403	4	625.35	1	8
403	4	1065.9	1	8
403	4	1202.1	1	8
403	4	546.57	1	8
403	4	845.23	1	8
403	4	923.06	1	8
403	4	788.02	1	8
403	4	544.55	1	8
403	4	836.4	1	8
403	4	603.88	1	8
403	4	592.94	1	8
403	4	552.59	1	8
403	4	1347.7	1	8
403	4	1035.5	1	8
403	4	933.4	1	8
403	4	554.71	1	8
403	4	622.99	1	8
403	4	626.67	1	8
403	4	1815.8	1	8
403	4	757.94	1	8
403	4	580.02	1	8
403	4	824.86	1	8
403	4	707.67	1	8
403	4	840.89	1	8
403	4	525.68	1	8
403	4	871.33	1	8
403	4	702.26	1	8
403	4	722.69	1	8
403	4	682.74	1	8
403	4	499.41	1	8
403	4	571.99	1	8
403	4	932.35	1	8
403	4	717.51	1	8
403	4	1038	1	8
403	4	583.45	1	8
403	4	590.49	1	8
403	4	1008.8	1	8
403	4	541.11	1	8
403	4	628.64	1	8
403	4	768.67	1	8
403	4	784.8	1	8
403	4	975.69	1	8
403	4	690.34	1	8
403	4	849.32	1	8
403	4	735.79	1	8
403	4	567.41	1	8
403	4	601.36	1	8
403	4	439.4	1	8
403	4	572.79	1	8
403	4	916.28	1	8
403	4	897.33	1	8
403	4	674.27	1	8
403	4	578.55	1	8
403	4	589.46	1	8
403	4	562.86	1	8
403	4	693.47	1	8
403	4	699.93	1	8
403	4	721.78	1	8
403	4	508.61	1	8
403	4	607.5	1	8
403	4	1153.1	1	8
403	4	920.34	1	8
403	4	1347.5	1	8
403	4	814.43	1	8
403	4	493.66	1	8
403	4	613.78	1	8
403	4	501.75	1	8
403	4	531.32	1	8
403	4	728.11	1	8
403	4	794.01	1	8
403	4	640.63	1	8
403	4	903.54	1	8
403	4	1645	1	8
403	4	1352.2	1	8
403	4	606.17	1	8
403	4	561.99	1	8
403	4	634.43	1	8
403	4	570.06	1	8
403	4	802.01	1	8
403	4	747.56	1	8
403	4	1018.1	1	8
403	4	929.04	1	8
403	4	702.64	1	8
403	4	841.68	1	8
403	4	825.06	1	8
403	4	854.79	1	8
403	4	919.12	1	8
403	4	1576.9	1	8
403	4	622.25	1	8
403	4	1879.1	1	8
403	4	1233.5	1	8
403	4	891.89	1	8
403	4	672.77	1	8
403	4	1474.8	1	8
403	4	673.87	1	8
403	4	937.65	1	8
403	4	608.09	1	8
403	4	630.51	1	8
403	4	648.28	1	8
403	4	766.83	1	8
403	4	1786.6	1	8
403	4	748.64	1	8
403	4	1139.3	1	8
403	4	833.7	1	8
403	4	774.38	1	8
403	4	782.17	1	8
403	4	703.32	1	8
403	4	708.96	1	8
403	4	1158.7	1	8
403	4	931.34	1	8
403	4	1004.4	1	9
403	4	564.5	1	9
403	4	585.28	1	9
403	4	832.24	1	9
403	4	1037.2	1	9
403	4	1460	1	9
403	4	1334.6	1	9
403	4	776.19	1	9
403	4	579.03	1	9
403	4	1409	1	9
403	4	1159.2	1	9
403	4	897.48	1	9
403	4	1227.2	1	9
403	4	911.83	1	9
403	4	1419	1	9
403	4	1105.1	1	9
403	4	2156.8	1	9
403	4	916.68	1	9
403	4	832.85	1	9
403	4	1428.7	1	9
403	4	1001	1	9
403	4	2355.1	1	9
403	4	1193.9	1	9
403	4	860.42	1	9
403	4	1375.7	1	9
403	4	1147.7	1	9
403	4	2023.5	1	9
403	4	870.12	1	9
403	4	1365.5	1	9
403	4	2011.6	1	9
403	4	2466.7	1	9
403	4	1333.8	1	9
403	4	2114.4	1	9
403	4	886.4	1	9
403	4	846.36	1	9
403	4	783.16	1	9
403	4	2346.6	1	9
403	4	698.61	1	9
403	4	2742.5	1	9
403	4	3435	1	9
403	4	778.09	1	9
403	4	528.67	1	9
403	4	665.91	1	9
403	4	559.52	1	9
403	4	1042.2	1	9
403	4	1176.7	1	9
403	4	597.31	1	9
403	4	3065.7	1	9
403	4	1075.5	1	9
403	4	1039	1	9
403	4	542.79	1	9
403	4	600.76	1	9
403	4	603.74	1	9
403	4	992.04	1	9
403	4	624.33	1	9
403	4	641.45	1	9
403	4	684.21	1	9
403	4	672.27	1	9
403	4	1840.1	1	9
403	4	588.18	1	9
403	4	593.61	1	9
403	4	662.14	1	9
403	4	575.04	1	9
403	4	844.02	1	9
403	4	637.68	1	9
403	4	919.72	1	9
403	4	998.86	1	9
403	4	929.22	1	9
403	4	1055	1	9
403	4	943.47	1	9
403	4	712.94	1	9
403	4	923.71	1	9
403	4	898.89	1	9
403	4	698.79	1	9
403	4	552.34	1	9
403	4	566.6	1	9
403	4	968.31	1	9
403	4	638.19	1	9
403	4	756.77	1	9
403	4	796.66	1	9
403	4	1158.7	1	9
403	4	627.92	1	9
403	4	768.55	1	9
403	4	670.56	1	9
403	4	545.66	1	9
403	4	594.28	1	9
403	4	551.48	1	9
403	4	621.15	1	9
403	4	912.77	1	9
403	4	862.03	1	9
403	4	456.48	1	9
403	4	563.16	1	9
403	4	530.92	1	9
403	4	811.81	1	9
403	4	697.65	1	9
403	4	551.75	1	9
403	4	749.84	1	9
403	4	689.74	1	9
403	4	1137.5	1	9
403	4	599.94	1	9
403	4	640.87	1	9
403	4	539.38	1	9
403	4	543.6	1	9
403	4	818.06	1	9
403	4	575.99	1	9
403	4	1146.9	1	9
403	4	923.33	1	9
403	4	832.93	1	9
403	4	538.09	1	9
403	4	1310.7	1	9
403	4	639.38	1	9
403	4	655.44	1	9
403	4	605.65	1	9
403	4	636.05	1	9
403	4	643.31	1	9
403	4	689.65	1	9
403	4	617.73	1	9
403	4	533.94	1	9
403	4	605.07	1	9
403	4	662.16	1	9
403	4	739.57	1	9
403	4	919.42	1	9
403	4	781.32	1	9
403	4	703.39	1	9
403	4	573.31	1	9
403	4	947.08	1	9
403	4	676.62	1	9
403	4	725.72	1	9
403	4	723.36	1	9
403	4	1308.9	1	9
403	4	780.65	1	9
403	4	901.72	1	9
403	4	741.16	1	9
403	4	629.31	1	9
403	4	803.44	1	9
403	4	790.73	1	9
403	4	1879	1	9
403	4	716.92	1	9
403	4	534.75	1	9
403	4	699.31	1	9
403	4	729.31	1	9
403	4	970.69	1	9
403	4	923.79	1	9
403	4	1210.4	1	9
403	4	972.34	1	9
403	4	781.83	1	9
403	4	854.06	1	9
403	4	606.69	1	9
403	4	689.71	1	9
403	4	590.68	1	9
403	4	800.45	1	9
403	4	656.03	1	9
403	4	1282.9	1	9
403	4	654.99	1	9
403	4	770.25	1	9
403	4	587.03	1	9
403	4	687.44	1	9
403	4	537.18	1	9
403	4	802.99	1	9
403	4	1525.8	1	9
403	4	634.63	1	9
403	4	834.86	1	9
403	4	799.77	1	9
403	4	868.88	1	9
403	4	1459.1	1	9
403	4	606.01	1	9
403	4	687.48	1	9
403	4	617.66	1	9
403	4	924.23	1	9
403	4	547.63	1	9
403	4	765.06	1	9
403	4	568.6	1	9
403	4	591.96	1	9
403	4	647.49	1	9
403	4	685.09	1	9
403	4	780.32	1	9
403	4	631.47	1	9
403	4	637.91	1	9
403	4	1480.5	1	9
403	4	679.64	1	9
403	4	569.5	1	9
403	4	569.14	1	9
403	4	530.06	1	9
403	4	593.97	1	9
403	4	609.44	1	9
403	4	662.57	1	9
403	4	572.41	1	9
403	4	1142.2	1	9
403	4	793.99	1	9
403	4	892.67	1	9
403	4	579.13	1	9
403	4	718	1	9
403	4	608.56	1	9
403	4	631.72	1	9
403	4	784.55	1	9
403	4	559.1	1	9
403	4	617.81	1	9
403	4	1531	1	9
403	4	935.66	1	9
403	4	1562	1	9
403	4	664.15	1	9
403	4	815.43	1	9
403	4	665.12	1	9
403	4	664.35	1	9
403	4	636.83	1	9
403	4	649.29	1	9
403	4	626.53	1	9
403	4	891.11	1	9
403	4	786.56	1	9
403	4	801.9	1	9
403	4	689.65	1	9
403	4	738.24	1	9
403	4	555.61	1	9
403	4	627.68	1	9
403	4	900.57	1	9
403	4	584.24	1	9
403	4	612.06	1	9
403	4	619.49	1	9
403	4	581.03	1	9
403	4	623.97	1	9
403	4	567.31	1	9
403	4	553.39	1	9
403	4	640.45	1	9
403	4	574.92	1	9
403	4	578.63	1	9
403	4	544.86	1	9
403	4	1288.8	1	9
403	4	986.73	1	9
403	4	893.52	1	9
403	4	848.82	1	9
403	4	571.06	1	9
403	4	524.44	1	9
403	4	563.68	1	9
403	4	557.29	1	9
403	4	596.69	1	9
403	4	498.82	1	9
403	4	568.35	1	9
403	4	612.51	1	9
403	4	516.14	1	9
403	4	620.55	1	9
403	4	545.03	1	9
403	4	617.13	1	9
403	4	524.04	1	9
403	4	958.2	1	9
403	4	586.28	1	9
403	4	548.01	1	9
403	4	605.85	1	9
403	4	510.83	1	9
403	4	564.19	1	9
403	4	606.92	1	9
403	4	609.67	1	9
403	4	1204.5	1	9
403	4	666.74	1	9
403	4	976.14	1	9
403	4	970.1	1	9
403	4	760.11	1	9
403	4	560.23	1	9
403	4	615.05	1	9
403	4	920	1	9
403	4	582.92	1	9
403	4	601.4	1	9
403	4	587.98	1	9
403	4	545.81	1	9
403	4	1261.7	1	9
403	4	511.32	1	9
403	4	506.96	1	9
403	4	593.29	1	9
403	4	615.96	1	9
403	4	741.2	1	9
403	4	509.38	1	9
403	4	740.4	1	9
403	4	550.85	1	9
403	4	895.76	1	9
403	4	598.71	1	9
403	4	543.75	1	9
403	4	547.88	1	9
403	4	718.38	1	9
403	4	527.59	1	9
403	4	636.31	1	9
403	4	595.35	1	9
403	4	1573	1	9
403	4	1617.4	1	9
403	4	956.56	1	9
403	4	738.59	1	9
403	4	653.72	1	9
403	4	698.27	1	9
403	4	602.56	1	9
403	4	529.37	1	9
403	4	588.91	1	9
403	4	594.48	1	9
403	4	536.36	1	9
403	4	888.13	1	9
403	4	559.53	1	9
403	4	585	1	9
403	4	842.01	1	9
403	4	1153.4	1	9
403	4	648.64	1	9
403	4	532.92	1	9
403	4	491.45	1	9
403	4	573.72	1	9
403	4	885.79	1	9
403	4	743.09	1	9
403	4	1304	1	9
403	4	1225.9	1	9
403	4	746.91	1	9
403	4	1255.3	1	9
403	4	552.1	1	9
403	4	538	1	9
403	4	1088.9	1	9
403	4	836.39	1	9
403	4	1322.3	1	9
403	4	802.29	1	9
403	4	771.17	1	9
403	4	1135.7	1	9
403	4	586.95	1	9
403	4	678.17	1	9
403	4	965.86	1	9
403	4	948.81	1	9
403	4	687.68	1	9
403	4	719.93	1	9
403	4	1004.6	1	9
403	4	1231.5	1	9
403	4	662.23	1	9
403	4	961.84	1	9
403	4	727.82	1	9
403	4	1420.4	1	9
403	4	826.18	1	9
403	4	645.59	1	9
403	4	602.7	1	9
403	4	785.99	1	9
403	4	791.53	1	9
403	4	682.38	1	9
403	4	785.98	1	9
403	4	658.78	1	9
403	4	955.17	1	9
403	4	780.06	1	9
403	4	1037.2	1	9
403	4	742.92	1	9
403	4	822.18	1	9
403	4	1254.3	1	9
403	4	856.41	1	9
403	4	640.17	1	9
403	4	666.55	1	9
403	4	1326.8	1	9
403	4	635.17	1	9
403	4	899.82	1	9
403	4	952.57	1	9
403	4	1445.8	1	9
403	4	943.29	1	9
403	4	759.73	1	9
