4	2	927.07	1	1
4	2	972.32	1	1
4	2	1289.3	1	1
4	2	700.38	1	1
4	2	1422.4	1	1
4	2	791.18	1	1
4	2	1001.8	1	1
4	2	1092.9	1	1
4	2	2238.5	1	1
4	2	819.02	1	1
4	2	998.26	1	1
4	2	952.25	1	1
4	2	1353.8	1	1
4	2	960.71	1	1
4	2	1036.4	1	1
4	2	1036.9	1	1
4	2	832.18	1	1
4	2	853.84	1	1
4	2	1205.1	1	1
4	2	913.44	1	1
4	2	992.92	1	1
4	2	1661.8	1	1
4	2	882.29	1	1
4	2	945.33	1	1
4	2	888.83	1	1
4	2	1422.1	1	1
4	2	1390.2	1	1
4	2	915.73	1	1
4	2	1002.6	1	1
4	2	787.16	1	1
4	2	870.01	1	1
4	2	677.77	1	1
4	2	1217.9	1	1
4	2	724.38	1	1
4	2	945.43	1	1
4	2	965.96	1	1
4	2	859.84	1	1
4	2	1099.6	1	1
4	2	1005.9	1	1
4	2	1499.3	1	1
4	2	1055.7	1	1
4	2	871.37	1	1
4	2	751.68	1	1
4	2	1698.3	1	1
4	2	2270.5	1	1
4	2	871.16	1	1
4	2	1690.8	1	1
4	2	826.24	1	1
4	2	660.56	1	1
4	2	1635.5	1	1
4	2	1078.5	1	1
4	2	798.25	1	1
4	2	459.02	1	1
4	2	1048	1	1
4	2	1196.7	1	1
4	2	846.76	1	1
4	2	799.51	1	1
4	2	1031.1	1	1
4	2	935.75	1	1
4	2	790.85	1	1
4	2	945.88	1	1
4	2	846.05	1	1
4	2	1186.7	1	1
4	2	1287.8	1	1
4	2	1156	1	1
4	2	1008	1	1
4	2	1527.7	1	1
4	2	1345.9	1	1
4	2	1266.9	1	1
4	2	1101.3	1	1
4	2	1413.6	1	1
4	2	939.02	1	1
4	2	1086.4	1	1
4	2	1003.3	1	1
4	2	965.43	1	1
4	2	1456.5	1	1
4	2	918.74	1	1
4	2	1360.7	1	1
4	2	960.88	1	1
4	2	1633.7	1	1
4	2	1193.3	1	1
4	2	1977.4	1	1
4	2	991.63	1	1
4	2	1194.3	1	1
4	2	1030.2	1	1
4	2	1470.3	1	1
4	2	963.46	1	1
4	2	1027.3	1	1
4	2	987.63	1	1
4	2	1017.6	1	1
4	2	1003.5	1	1
4	2	913.64	1	1
4	2	1256.6	1	1
4	2	1447.8	1	1
4	2	1554	1	1
4	2	885.5	1	1
4	2	1145.2	1	1
4	2	1044.2	1	1
4	2	910.3	1	1
4	2	1262.9	1	1
4	2	789.97	1	1
4	2	799.58	1	1
4	2	831.31	1	1
4	2	724.21	1	1
4	2	640.34	1	1
4	2	773.06	1	1
4	2	738.76	1	1
4	2	597.03	1	1
4	2	732.66	1	1
4	2	649.24	1	1
4	2	701.68	1	1
4	2	745.87	1	1
4	2	768.1	1	1
4	2	899.68	1	1
4	2	641.26	1	1
4	2	1470.6	1	1
4	2	829.35	1	1
4	2	743.43	1	1
4	2	738.89	1	1
4	2	895.38	1	1
4	2	1198.7	1	1
4	2	716.31	1	1
4	2	699.64	1	1
4	2	700.38	1	1
4	2	657.78	1	1
4	2	670.28	1	1
4	2	573.29	1	1
4	2	760.65	1	1
4	2	751.07	1	1
4	2	683.79	1	1
4	2	727.85	1	1
4	2	567.37	1	1
4	2	566.21	1	1
4	2	661.06	1	1
4	2	834.45	1	1
4	2	708.53	1	1
4	2	667.19	1	1
4	2	605.6	1	1
4	2	705.08	1	1
4	2	649.07	1	1
4	2	568.37	1	1
4	2	794.48	1	1
4	2	587.41	1	1
4	2	661.94	1	1
4	2	697.54	1	1
4	2	710.11	1	1
4	2	656.25	1	1
4	2	784.36	1	1
4	2	790.2	1	1
4	2	841.9	1	1
4	2	793.43	1	1
4	2	697.59	1	1
4	2	696.62	1	1
4	2	596.8	1	1
4	2	618.95	1	1
4	2	710.46	1	1
4	2	787.1	1	1
4	2	833.59	1	1
4	2	707.77	1	1
4	2	748.78	1	1
4	2	728.97	1	1
4	2	855.04	1	1
4	2	595.76	1	1
4	2	680.91	1	1
4	2	782.19	1	1
4	2	600.04	1	1
4	2	644.2	1	1
4	2	649.97	1	1
4	2	723.98	1	1
4	2	633.07	1	1
4	2	735.2	1	1
4	2	759.13	1	1
4	2	720.75	1	1
4	2	780.62	1	1
4	2	657.76	1	1
4	2	669.27	1	1
4	2	683.73	1	1
4	2	954.44	1	1
4	2	754.12	1	1
4	2	983	1	1
4	2	678.92	1	1
4	2	546.67	1	1
4	2	558.41	1	1
4	2	613.66	1	1
4	2	637.57	1	1
4	2	1227.3	1	1
4	2	665.34	1	1
4	2	804.19	1	1
4	2	617.78	1	1
4	2	920.3	1	1
4	2	610.19	1	1
4	2	699.46	1	1
4	2	708.01	1	1
4	2	672.95	1	1
4	2	586.24	1	1
4	2	679.67	1	1
4	2	866.86	1	1
4	2	673.87	1	1
4	2	655.81	1	1
4	2	590.34	1	1
4	2	670.44	1	1
4	2	626.1	1	1
4	2	788.41	1	1
4	2	744.27	1	1
4	2	623.79	1	1
4	2	718.54	1	1
4	2	624.77	1	1
4	2	850.12	1	1
4	2	732.55	1	1
4	2	641.17	1	1
4	2	586.63	1	1
4	2	625.08	1	1
4	2	720.59	1	1
4	2	641.24	1	1
4	2	631.94	1	1
4	2	741.19	1	1
4	2	592.05	1	1
4	2	609.65	1	1
4	2	566.43	1	1
4	2	583.62	1	1
4	2	688.37	1	1
4	2	628.07	1	1
4	2	696.3	1	1
4	2	604.56	1	1
4	2	667.54	1	1
4	2	861.15	1	1
4	2	663.7	1	1
4	2	693.97	1	1
4	2	648.35	1	1
4	2	670	1	1
4	2	597.88	1	1
4	2	792	1	1
4	2	723.2	1	1
4	2	797.79	1	1
4	2	771.74	1	1
4	2	750.54	1	1
4	2	692.31	1	1
4	2	626.11	1	1
4	2	606.45	1	1
4	2	778.17	1	1
4	2	815.22	1	1
4	2	755.53	1	1
4	2	664.39	1	1
4	2	628.04	1	1
4	2	632.92	1	1
4	2	704.07	1	1
4	2	613.19	1	1
4	2	649.73	1	1
4	2	699.27	1	1
4	2	637.97	1	1
4	2	758.64	1	1
4	2	806.2	1	1
4	2	747.12	1	1
4	2	1106.7	1	1
4	2	605.36	1	1
4	2	618.7	1	1
4	2	779.7	1	1
4	2	558.3	1	1
4	2	647.66	1	1
4	2	594.61	1	1
4	2	597.69	1	1
4	2	776.9	1	1
4	2	605.64	1	1
4	2	1003.7	1	1
4	2	588.65	1	1
4	2	697.72	1	1
4	2	713.78	1	1
4	2	684.18	1	1
4	2	726.15	1	1
4	2	853.57	1	1
4	2	650.77	1	1
4	2	950.92	1	1
4	2	743.73	1	1
4	2	571.48	1	1
4	2	724.15	1	1
4	2	690.85	1	1
4	2	1225.3	1	1
4	2	625.47	1	1
4	2	692.29	1	1
4	2	657.24	1	1
4	2	642.26	1	1
4	2	632.71	1	1
4	2	876.66	1	1
4	2	709.04	1	1
4	2	646.25	1	1
4	2	695.19	1	1
4	2	701.56	1	1
4	2	643.62	1	1
4	2	738.97	1	1
4	2	717.02	1	1
4	2	729.2	1	1
4	2	749.09	1	1
4	2	876.34	1	1
4	2	664.73	1	1
4	2	741.3	1	1
4	2	761.95	1	1
4	2	604.75	1	1
4	2	684.48	1	1
4	2	659.02	1	1
4	2	1236.6	0	1
4	2	662	1	1
4	2	775.97	1	1
4	2	1014.5	1	1
4	2	881.61	1	1
4	2	774.26	1	1
4	2	690.87	1	1
4	2	642.95	1	1
4	2	591.24	1	1
4	2	733.57	1	1
4	2	655.28	1	1
4	2	736.82	1	1
4	2	730.94	1	1
4	2	1179.3	1	1
4	2	774.49	1	1
4	2	610.97	1	1
4	2	659.42	1	1
4	2	605.18	1	1
4	2	616.26	1	1
4	2	593.71	1	1
4	2	690.11	1	1
4	2	773.56	1	1
4	2	692.22	1	1
4	2	509.19	1	1
4	2	527.22	1	1
4	2	566.99	1	1
4	2	631.51	1	1
4	2	641.44	1	1
4	2	674.14	1	1
4	2	581.2	1	1
4	2	723.01	1	1
4	2	648.52	1	1
4	2	623.08	1	1
4	2	691.1	1	1
4	2	665.2	1	1
4	2	685.09	1	1
4	2	610.36	1	1
4	2	663.57	1	1
4	2	645.61	1	1
4	2	600.66	1	1
4	2	770.85	1	1
4	2	639.9	1	1
4	2	772.97	1	1
4	2	717.91	1	1
4	2	618.15	1	1
4	2	601.24	1	1
4	2	908.45	1	1
4	2	609.61	1	1
4	2	690.07	1	1
4	2	602.56	1	1
4	2	595.94	1	1
4	2	2348.7	0	2
4	2	820.42	1	2
4	2	1407.4	1	2
4	2	1265.7	1	2
4	2	745.19	1	2
4	2	990.25	1	2
4	2	2000.4	0	2
4	2	678.79	1	2
4	2	1302.2	1	2
4	2	1226.9	1	2
4	2	914.21	1	2
4	2	1472.7	1	2
4	2	1206	1	2
4	2	1039.2	1	2
4	2	1950.3	1	2
4	2	1543	1	2
4	2	978.41	1	2
4	2	1156.9	1	2
4	2	1088	1	2
4	2	1005.4	1	2
4	2	1538	1	2
4	2	1520.6	1	2
4	2	714.73	1	2
4	2	1513.2	1	2
4	2	1150.8	1	2
4	2	1671.7	1	2
4	2	1118.9	1	2
4	2	3265.7	1	2
4	2	1345.8	1	2
4	2	722.31	1	2
4	2	984.8	1	2
4	2	679.27	1	2
4	2	1648.7	1	2
4	2	1202.2	1	2
4	2	1135.3	1	2
4	2	1452.6	1	2
4	2	1016.4	1	2
4	2	859.45	1	2
4	2	2080.6	1	2
4	2	1467	1	2
4	2	1509.7	1	2
4	2	1436.7	1	2
4	2	3022.9	1	2
4	2	1904.3	1	2
4	2	2037	1	2
4	2	1508.5	1	2
4	2	1025.2	1	2
4	2	3271.8	0	2
4	2	3461.1	0	2
4	2	729.81	1	2
4	2	678.92	1	2
4	2	1482.6	1	2
4	2	1163	1	2
4	2	1136.5	1	2
4	2	1389.8	1	2
4	2	1299.8	1	2
4	2	1332.1	1	2
4	2	2024.1	1	2
4	2	1180.9	1	2
4	2	767.4	1	2
4	2	1379.5	1	2
4	2	818.88	1	2
4	2	1880.5	1	2
4	2	1079.1	1	2
4	2	1404.8	1	2
4	2	1122	1	2
4	2	1500	1	2
4	2	1073.7	1	2
4	2	1281	1	2
4	2	1816.8	1	2
4	2	984.14	1	2
4	2	902.69	1	2
4	2	1143.5	1	2
4	2	2599.6	1	2
4	2	1013.6	1	2
4	2	1190.7	1	2
4	2	1241.6	1	2
4	2	1365.3	1	2
4	2	1284.9	1	2
4	2	2125.2	1	2
4	2	1137.8	1	2
4	2	1220.5	1	2
4	2	1226.3	1	2
4	2	1962.8	1	2
4	2	1049.3	1	2
4	2	983.46	1	2
4	2	1816.4	1	2
4	2	1040.1	1	2
4	2	1035.4	1	2
4	2	946.08	1	2
4	2	1073.9	1	2
4	2	2572.6	1	2
4	2	958.17	1	2
4	2	955.49	1	2
4	2	1139.3	1	2
4	2	1040.9	1	2
4	2	1199.6	1	2
4	2	1118.2	1	2
4	2	1379.3	1	2
4	2	945.01	1	2
4	2	654.14	1	2
4	2	745.04	1	2
4	2	952.92	1	2
4	2	813.16	1	2
4	2	778.33	1	2
4	2	753.82	1	2
4	2	859.02	1	2
4	2	703.25	1	2
4	2	977.53	1	2
4	2	735.3	0	2
4	2	834.82	1	2
4	2	770.78	1	2
4	2	848.68	1	2
4	2	654.15	1	2
4	2	968.61	1	2
4	2	867.74	1	2
4	2	769.4	1	2
4	2	974.9	1	2
4	2	813.39	1	2
4	2	779.96	1	2
4	2	665.56	1	2
4	2	844.09	1	2
4	2	666.31	1	2
4	2	768.13	1	2
4	2	959.98	1	2
4	2	915.35	1	2
4	2	1069.1	1	2
4	2	936.24	1	2
4	2	640.31	1	2
4	2	742.36	1	2
4	2	740.16	1	2
4	2	635.84	1	2
4	2	992.15	1	2
4	2	841.88	1	2
4	2	774.91	1	2
4	2	948.88	1	2
4	2	959.7	1	2
4	2	852.45	1	2
4	2	585.25	1	2
4	2	1037.6	1	2
4	2	651.17	1	2
4	2	775.38	1	2
4	2	772.2	1	2
4	2	743.1	1	2
4	2	1083.4	1	2
4	2	799.62	1	2
4	2	891.12	1	2
4	2	974.14	1	2
4	2	753.51	1	2
4	2	990.77	1	2
4	2	956.4	1	2
4	2	598.28	1	2
4	2	827.42	1	2
4	2	773	1	2
4	2	791.77	1	2
4	2	1011.6	1	2
4	2	956.56	1	2
4	2	818.48	1	2
4	2	728.08	1	2
4	2	819.39	1	2
4	2	831.25	1	2
4	2	800.59	1	2
4	2	760.58	1	2
4	2	903.49	1	2
4	2	991.51	1	2
4	2	689.22	1	2
4	2	1031.9	1	2
4	2	964.26	1	2
4	2	921.98	1	2
4	2	635.06	1	2
4	2	709.84	1	2
4	2	639.88	1	2
4	2	597.05	1	2
4	2	675.53	1	2
4	2	885.85	1	2
4	2	1566.4	1	2
4	2	942.43	1	2
4	2	1127.7	1	2
4	2	941.38	1	2
4	2	612.46	1	2
4	2	694.72	1	2
4	2	989.74	1	2
4	2	620.37	1	2
4	2	706.51	1	2
4	2	661.64	1	2
4	2	770.96	1	2
4	2	1036.7	1	2
4	2	776.46	1	2
4	2	898.7	1	2
4	2	1034.4	1	2
4	2	965.12	1	2
4	2	519.05	1	2
4	2	691.89	1	2
4	2	650.09	1	2
4	2	778.04	1	2
4	2	1002.6	1	2
4	2	1086.3	1	2
4	2	963.78	1	2
4	2	830.49	1	2
4	2	964.03	1	2
4	2	804.84	1	2
4	2	676.08	1	2
4	2	863.63	1	2
4	2	893.07	1	2
4	2	685.83	1	2
4	2	934.76	1	2
4	2	914.31	1	2
4	2	813.01	1	2
4	2	913.33	1	2
4	2	614.83	1	2
4	2	608.74	1	2
4	2	688.11	1	2
4	2	717.22	1	2
4	2	876.2	1	2
4	2	974.98	1	2
4	2	640.02	1	2
4	2	937.51	1	2
4	2	886.38	1	2
4	2	817.54	1	2
4	2	826.66	1	2
4	2	758.89	1	2
4	2	827.01	1	2
4	2	864.57	1	2
4	2	781.29	1	2
4	2	896.14	1	2
4	2	958.88	1	2
4	2	750.73	1	2
4	2	1002.2	1	2
4	2	968.14	1	2
4	2	887.66	1	2
4	2	968.46	1	2
4	2	738.81	1	2
4	2	862.25	1	2
4	2	795.16	1	2
4	2	784.63	1	2
4	2	1158.5	1	2
4	2	855.78	1	2
4	2	829.95	1	2
4	2	726.54	1	2
4	2	715.12	1	2
4	2	710.19	1	2
4	2	729.01	1	2
4	2	822.41	1	2
4	2	1005.2	1	2
4	2	1020.9	1	2
4	2	870.86	1	2
4	2	899.74	1	2
4	2	872.08	1	2
4	2	877.35	1	2
4	2	902.49	1	2
4	2	806.06	1	2
4	2	926.57	1	2
4	2	989.31	1	2
4	2	901.52	1	2
4	2	886.6	1	2
4	2	749.02	1	2
4	2	870.12	1	2
4	2	843.5	1	2
4	2	1043.6	1	2
4	2	684.57	1	2
4	2	702.74	1	2
4	2	886.54	1	2
4	2	814.99	1	2
4	2	999.17	1	2
4	2	878.43	1	2
4	2	625.62	1	2
4	2	840.32	1	2
4	2	950.14	1	2
4	2	942.97	1	2
4	2	752.71	1	2
4	2	760.87	1	2
4	2	622.56	1	2
4	2	949.09	1	2
4	2	668.64	1	2
4	2	1111.1	1	2
4	2	792.21	1	2
4	2	745.75	1	2
4	2	774.23	1	2
4	2	605.52	1	2
4	2	693.35	1	2
4	2	733.4	1	2
4	2	1576.8	1	2
4	2	877.64	1	2
4	2	702.13	1	2
4	2	791.35	1	2
4	2	806.18	1	2
4	2	660.14	1	2
4	2	657.87	1	2
4	2	670.4	1	2
4	2	914.79	1	2
4	2	780.02	1	2
4	2	1131.5	1	2
4	2	1074.9	1	2
4	2	711.02	1	2
4	2	1178.6	1	2
4	2	946.22	1	2
4	2	988.08	1	2
4	2	816.78	1	2
4	2	697.82	1	2
4	2	1084.4	1	2
4	2	916.34	1	2
4	2	851.32	1	2
4	2	892.73	1	2
4	2	1137.6	1	2
4	2	758.51	1	2
4	2	876.23	1	2
4	2	1149.1	1	2
4	2	905.23	1	2
4	2	608.98	1	2
4	2	698.17	1	2
4	2	782.5	1	2
4	2	963.35	1	2
4	2	1240	1	2
4	2	762.3	1	2
4	2	1155.4	1	2
4	2	839.71	1	2
4	2	624.72	1	2
4	2	668.13	1	2
4	2	857.88	1	2
4	2	631.74	1	2
4	2	588.34	0	2
4	2	702.84	1	2
4	2	687.94	1	2
4	2	740.34	1	2
4	2	678.78	1	2
4	2	750.06	1	2
4	2	720.58	1	2
4	2	929.07	1	2
4	2	775.6	1	2
4	2	871.61	1	2
4	2	756.66	1	2
4	2	1050.4	1	2
4	2	1019.5	1	2
4	2	721.13	1	2
4	2	1583.4	1	2
4	2	950.73	1	2
4	2	617.45	1	2
4	2	843.01	1	2
4	2	871.46	1	2
4	2	658.48	1	2
4	2	770.33	1	2
4	2	687.84	1	2
4	2	837.02	1	2
4	2	774.57	1	2
4	2	827.15	1	2
4	2	750.97	1	2
4	2	574.8	1	2
4	2	696.58	1	2
4	2	955.53	1	2
4	2	2105.1	1	3
4	2	1387.1	0	3
4	2	1741.3	0	3
4	2	905.19	0	3
4	2	1668.7	0	3
4	2	2263.5	1	3
4	2	2377.2	1	3
4	2	1502.1	0	3
4	2	1367.4	0	3
4	2	2504	1	3
4	2	1556.8	0	3
4	2	1804.8	1	3
4	2	1378.8	1	3
4	2	1445.4	1	3
4	2	1604.2	1	3
4	2	1255.5	1	3
4	2	1499.4	1	3
4	2	1739.3	1	3
4	2	1312.4	0	3
4	2	1472	1	3
4	2	698.34	1	3
4	2	1702.4	0	3
4	2	1287.2	1	3
4	2	1647.5	1	3
4	2	1101.6	1	3
4	2	1628.4	0	3
4	2	2759.2	1	3
4	2	2503.8	1	3
4	2	1446.9	1	3
4	2	2715.8	0	3
4	2	1483.9	1	3
4	2	1010	1	3
4	2	1223.5	1	3
4	2	1460.6	1	3
4	2	1515.1	1	3
4	2	906.13	0	3
4	2	1162.7	1	3
4	2	2109.2	1	3
4	2	2990.5	1	3
4	2	2135.5	1	3
4	2	1251.1	1	3
4	2	1871.4	1	3
4	2	660.67	1	3
4	2	902.94	1	3
4	2	2267.7	1	3
4	2	1166.7	1	3
4	2	1036.8	1	3
4	2	1378.6	1	3
4	2	1831.5	1	3
4	2	1643.7	1	3
4	2	1404.3	1	3
4	2	767.04	1	3
4	2	1977.2	1	3
4	2	1488.9	1	3
4	2	1920.6	1	3
4	2	1844.8	1	3
4	2	1264.5	1	3
4	2	1994.1	1	3
4	2	1756.7	0	3
4	2	2022.1	1	3
4	2	1476.9	1	3
4	2	1202.2	1	3
4	2	1370.7	1	3
4	2	1897	1	3
4	2	2013	1	3
4	2	1497.4	1	3
4	2	2043.6	1	3
4	2	1619.7	1	3
4	2	1778.3	1	3
4	2	1498.4	1	3
4	2	2665.3	1	3
4	2	2347.3	1	3
4	2	1724.9	1	3
4	2	1564.1	1	3
4	2	1348.1	1	3
4	2	1411.9	1	3
4	2	1482.8	1	3
4	2	1483.2	1	3
4	2	1357.5	1	3
4	2	1236.5	1	3
4	2	1613	1	3
4	2	2547.3	1	3
4	2	1488	1	3
4	2	1806.7	1	3
4	2	1595	1	3
4	2	2114.1	1	3
4	2	1854.7	1	3
4	2	1317.9	1	3
4	2	1986.3	1	3
4	2	1363.1	1	3
4	2	2051.6	1	3
4	2	1318.6	1	3
4	2	1230.1	1	3
4	2	2300.5	1	3
4	2	2251.9	1	3
4	2	1664.9	1	3
4	2	1671.7	1	3
4	2	1790.6	1	3
4	2	1296.3	1	3
4	2	1241.3	0	3
4	2	1337.1	1	3
4	2	947.91	1	3
4	2	1115.8	1	3
4	2	779.97	1	3
4	2	1207.2	1	3
4	2	819.32	1	3
4	2	801.27	1	3
4	2	867.95	1	3
4	2	1060.7	1	3
4	2	1098.8	1	3
4	2	962.64	1	3
4	2	666.13	1	3
4	2	1145	1	3
4	2	843.84	1	3
4	2	1190.6	1	3
4	2	932.63	1	3
4	2	885.14	1	3
4	2	869.74	1	3
4	2	1007.8	1	3
4	2	839.24	1	3
4	2	723.98	1	3
4	2	715.67	1	3
4	2	802.47	1	3
4	2	1005.4	1	3
4	2	753.78	1	3
4	2	971.82	1	3
4	2	808.69	1	3
4	2	867.78	1	3
4	2	646.6	1	3
4	2	1053.4	1	3
4	2	831.53	1	3
4	2	940	1	3
4	2	1090.1	1	3
4	2	1157.4	0	3
4	2	1014.6	1	3
4	2	786.32	1	3
4	2	1326.8	1	3
4	2	983.07	1	3
4	2	705.27	1	3
4	2	1028.1	1	3
4	2	964.3	1	3
4	2	784.77	1	3
4	2	766.38	1	3
4	2	920.05	0	3
4	2	865.2	1	3
4	2	888.16	1	3
4	2	934	1	3
4	2	907.98	1	3
4	2	875.19	1	3
4	2	1018	1	3
4	2	1000.2	1	3
4	2	1130.9	1	3
4	2	975.16	1	3
4	2	921.83	1	3
4	2	1344.5	1	3
4	2	790.73	1	3
4	2	1220.3	0	3
4	2	887.18	1	3
4	2	961.12	1	3
4	2	932.92	1	3
4	2	915.15	1	3
4	2	781.1	1	3
4	2	1058.3	1	3
4	2	854.58	1	3
4	2	803.61	1	3
4	2	634.31	1	3
4	2	786.21	1	3
4	2	909.68	1	3
4	2	1295.6	1	3
4	2	888.22	1	3
4	2	815.83	1	3
4	2	655.85	1	3
4	2	859.92	1	3
4	2	950.95	1	3
4	2	673.14	0	3
4	2	1119.4	1	3
4	2	1286	1	3
4	2	1424.8	1	3
4	2	753.41	1	3
4	2	805.16	1	3
4	2	1052	1	3
4	2	909.75	1	3
4	2	691.99	1	3
4	2	843.93	1	3
4	2	977.69	1	3
4	2	991.07	1	3
4	2	1335.7	1	3
4	2	729.18	1	3
4	2	747.86	1	3
4	2	927.49	1	3
4	2	900.68	1	3
4	2	636.02	1	3
4	2	1222.6	1	3
4	2	1126.3	1	3
4	2	888.09	1	3
4	2	1225.7	1	3
4	2	1032.9	0	3
4	2	918.33	1	3
4	2	1109.8	1	3
4	2	1004.8	1	3
4	2	954.19	1	3
4	2	841.1	1	3
4	2	963.84	1	3
4	2	838.82	1	3
4	2	806.88	1	3
4	2	673.13	1	3
4	2	1092.6	1	3
4	2	970.27	1	3
4	2	866.81	1	3
4	2	632.58	1	3
4	2	1018.3	1	3
4	2	1024.6	1	3
4	2	638.2	1	3
4	2	1019.7	1	3
4	2	915.43	1	3
4	2	732.4	1	3
4	2	947.5	1	3
4	2	646.41	1	3
4	2	826.77	1	3
4	2	945.05	1	3
4	2	1032.7	1	3
4	2	859.77	1	3
4	2	724.03	1	3
4	2	840.79	1	3
4	2	939.14	1	3
4	2	795.25	1	3
4	2	1003	1	3
4	2	1571.6	0	3
4	2	762.98	1	3
4	2	941.32	1	3
4	2	849.61	1	3
4	2	1087.6	1	3
4	2	923.67	1	3
4	2	1090.5	1	3
4	2	795.67	1	3
4	2	864.72	1	3
4	2	864.83	1	3
4	2	866.57	1	3
4	2	812.85	1	3
4	2	800.4	1	3
4	2	989.9	1	3
4	2	868.81	1	3
4	2	870.67	1	3
4	2	747.52	1	3
4	2	1059.2	1	3
4	2	791.21	1	3
4	2	640.75	1	3
4	2	651.74	1	3
4	2	729.63	1	3
4	2	1266.1	1	3
4	2	1122.8	0	3
4	2	993.1	1	3
4	2	1256.7	1	3
4	2	956.25	1	3
4	2	1053.9	1	3
4	2	677.84	1	3
4	2	717.22	1	3
4	2	823.32	1	3
4	2	867.84	1	3
4	2	673.2	1	3
4	2	994.38	1	3
4	2	880.46	1	3
4	2	611.56	1	3
4	2	1090.2	1	3
4	2	679.57	1	3
4	2	704.64	1	3
4	2	750.38	1	3
4	2	863.78	1	3
4	2	909.71	1	3
4	2	962.4	1	3
4	2	656.58	1	3
4	2	1057.4	1	3
4	2	937.54	1	3
4	2	684.96	1	3
4	2	727.49	1	3
4	2	660.92	1	3
4	2	906.39	1	3
4	2	946.33	1	3
4	2	1000	1	3
4	2	883.42	1	3
4	2	872.54	1	3
4	2	737.32	1	3
4	2	1191.7	1	3
4	2	760.62	1	3
4	2	964.11	1	3
4	2	1003.2	1	3
4	2	914.27	1	3
4	2	823.23	1	3
4	2	1027.6	1	3
4	2	1006.7	1	3
4	2	880.25	1	3
4	2	794	1	3
4	2	1254.3	1	3
4	2	1195.9	1	3
4	2	889.98	1	3
4	2	1091.7	1	3
4	2	837.46	1	3
4	2	930.37	1	3
4	2	1404.4	1	3
4	2	1256.4	1	3
4	2	814.22	1	3
4	2	1068.2	1	3
4	2	911.34	1	3
4	2	1013.8	1	3
4	2	808.43	1	3
4	2	837.94	1	3
4	2	914.62	1	3
4	2	948	1	3
4	2	718.23	1	3
4	2	929.75	1	3
4	2	1436.5	1	3
4	2	1689.1	1	3
4	2	1378.3	1	3
4	2	1598.9	1	3
4	2	922.95	1	3
4	2	903.1	1	3
4	2	900.34	1	3
4	2	924.39	1	3
4	2	896.93	1	3
4	2	747.01	1	3
4	2	716.26	1	3
4	2	746.99	1	3
4	2	697	1	3
4	2	867.58	1	3
4	2	736.94	1	3
4	2	652.64	1	3
4	2	867.36	1	3
4	2	751.48	1	3
4	2	829.36	1	3
4	2	983.72	1	3
4	2	798.95	1	3
4	2	647.66	1	3
4	2	994.17	1	3
4	2	807.19	1	3
4	2	725.79	1	3
4	2	678.2	1	3
4	2	799.24	1	3
4	2	704.77	1	3
4	2	1017.8	1	3
4	2	933.64	1	3
4	2	1051.9	1	3
4	2	1177	1	3
4	2	1216.9	1	3
4	2	998.17	1	3
4	2	896.34	1	3
4	2	577.83	1	3
4	2	545.15	1	3
4	2	1045.6	1	3
4	2	1540.2	0	4
4	2	1382.4	0	4
4	2	1461.8	0	4
4	2	1747.2	0	4
4	2	2301.8	0	4
4	2	1370.4	0	4
4	2	2499.1	0	4
4	2	1632.5	0	4
4	2	1663.6	0	4
4	2	1945.1	0	4
4	2	2165.5	1	4
4	2	2157.5	1	4
4	2	1443.8	0	4
4	2	1939.2	1	4
4	2	2226.1	0	4
4	2	1574.5	0	4
4	2	3761.1	1	4
4	2	1372.7	0	4
4	2	1448.3	0	4
4	2	1396	0	4
4	2	1895.8	0	4
4	2	1727.1	0	4
4	2	1443	0	4
4	2	1750.9	0	4
4	2	1658.1	0	4
4	2	1362.3	0	4
4	2	1550.2	1	4
4	2	1369	1	4
4	2	1641.1	1	4
4	2	1382.5	0	4
4	2	2035.1	0	4
4	2	835.71	1	4
4	2	968.33	1	4
4	2	1177.2	1	4
4	2	2476.3	0	4
4	2	1641	1	4
4	2	2454.9	0	4
4	2	1922.5	1	4
4	2	2018.5	0	4
4	2	2679.3	1	4
4	2	1712.9	0	4
4	2	1313.2	0	4
4	2	1782.1	1	4
4	2	4510.3	1	4
4	2	979.15	0	4
4	2	4363.9	1	4
4	2	1035.8	1	4
4	2	1180	0	4
4	2	1631.2	0	4
4	2	943.35	0	4
4	2	1141.8	0	4
4	2	1380.8	0	4
4	2	1225.3	0	4
4	2	1933.2	1	4
4	2	1452.7	1	4
4	2	1686.9	1	4
4	2	1667.2	1	4
4	2	1409.8	1	4
4	2	2621	1	4
4	2	1872.9	1	4
4	2	1473.2	0	4
4	2	1364.2	1	4
4	2	1791.3	1	4
4	2	2056.3	1	4
4	2	1913.6	1	4
4	2	1526.3	1	4
4	2	2154.1	1	4
4	2	1958	1	4
4	2	1682.6	1	4
4	2	1705.3	1	4
4	2	1744.5	1	4
4	2	2722.8	1	4
4	2	1519.2	1	4
4	2	1624.9	1	4
4	2	1456.5	1	4
4	2	1625.1	0	4
4	2	1289.2	1	4
4	2	1853.4	1	4
4	2	1901.5	1	4
4	2	1697.3	1	4
4	2	1793.3	1	4
4	2	1801.6	1	4
4	2	2034.2	1	4
4	2	1430	1	4
4	2	1511.2	1	4
4	2	1668.8	1	4
4	2	1735.2	1	4
4	2	1831.5	1	4
4	2	2190.3	1	4
4	2	1588.7	1	4
4	2	1750.3	1	4
4	2	1594.6	1	4
4	2	1373.4	1	4
4	2	1653.9	1	4
4	2	1485.2	1	4
4	2	1690.6	1	4
4	2	1386.1	1	4
4	2	2174.1	1	4
4	2	1281.7	1	4
4	2	1096	0	4
4	2	1336.5	1	4
4	2	1079.3	1	4
4	2	901.67	1	4
4	2	1288.4	1	4
4	2	977.8	1	4
4	2	1092.5	1	4
4	2	978.99	1	4
4	2	871.93	1	4
4	2	1314.8	1	4
4	2	920.75	0	4
4	2	1236.2	1	4
4	2	981.53	1	4
4	2	671.08	1	4
4	2	1225.5	1	4
4	2	1061.2	1	4
4	2	834.47	1	4
4	2	1103.9	1	4
4	2	1519.2	1	4
4	2	1308.8	1	4
4	2	905.33	1	4
4	2	818.86	1	4
4	2	936.72	1	4
4	2	914.63	1	4
4	2	960.84	1	4
4	2	1127.2	1	4
4	2	1594	1	4
4	2	1051.6	1	4
4	2	1108.5	1	4
4	2	982.95	1	4
4	2	1219.3	1	4
4	2	1304.1	0	4
4	2	1264.1	0	4
4	2	1079.6	1	4
4	2	1150.9	1	4
4	2	1010.6	1	4
4	2	1260.3	1	4
4	2	1094.1	1	4
4	2	1046.8	1	4
4	2	704.65	1	4
4	2	872.27	1	4
4	2	886.66	1	4
4	2	988.98	1	4
4	2	1074.2	1	4
4	2	959.14	1	4
4	2	1223.9	1	4
4	2	1236	1	4
4	2	1716.8	1	4
4	2	951.23	1	4
4	2	1505.1	1	4
4	2	1197.5	1	4
4	2	1236.9	1	4
4	2	740.97	1	4
4	2	1053.9	1	4
4	2	795.3	1	4
4	2	1199.3	1	4
4	2	1252.4	1	4
4	2	1048.1	1	4
4	2	1346.7	1	4
4	2	1155.4	1	4
4	2	1259.2	1	4
4	2	999.55	1	4
4	2	1156.7	1	4
4	2	1330.1	0	4
4	2	1640.8	1	4
4	2	989.33	1	4
4	2	998.81	1	4
4	2	1447.1	1	4
4	2	1135.5	0	4
4	2	1175.8	1	4
4	2	1016.4	1	4
4	2	781.44	1	4
4	2	1478.6	1	4
4	2	753.18	1	4
4	2	1126.7	1	4
4	2	1104.2	1	4
4	2	1428.7	0	4
4	2	1059	1	4
4	2	1320.3	1	4
4	2	1043.6	1	4
4	2	1058.1	1	4
4	2	1170.1	1	4
4	2	1131.4	1	4
4	2	1170.6	1	4
4	2	1345.9	1	4
4	2	948.29	1	4
4	2	698.44	1	4
4	2	1042.7	1	4
4	2	1330.2	1	4
4	2	774.96	1	4
4	2	738.47	1	4
4	2	720.7	1	4
4	2	763.08	1	4
4	2	1030.2	1	4
4	2	1292.9	0	4
4	2	969.5	1	4
4	2	1903.3	1	4
4	2	1449.4	1	4
4	2	1259.4	1	4
4	2	1007.1	1	4
4	2	850.34	1	4
4	2	894.97	1	4
4	2	815.13	0	4
4	2	910.88	1	4
4	2	1059.1	1	4
4	2	1249	1	4
4	2	1324	1	4
4	2	978.15	1	4
4	2	1281.8	1	4
4	2	1189.1	1	4
4	2	1548.3	1	4
4	2	917.37	1	4
4	2	1241.6	1	4
4	2	878.47	1	4
4	2	1138.3	1	4
4	2	1205.3	1	4
4	2	1468.6	1	4
4	2	907.26	1	4
4	2	913.83	1	4
4	2	992.64	1	4
4	2	1040	1	4
4	2	756.61	1	4
4	2	993.59	1	4
4	2	927.05	1	4
4	2	843.36	1	4
4	2	1519.1	1	4
4	2	986.85	1	4
4	2	989.81	1	4
4	2	1115.3	1	4
4	2	1549.6	1	4
4	2	949.84	1	4
4	2	1032.3	1	4
4	2	716.92	1	4
4	2	1141.6	1	4
4	2	1017.8	1	4
4	2	1073.7	1	4
4	2	1111.2	1	4
4	2	1068.3	1	4
4	2	867.96	1	4
4	2	1074.4	1	4
4	2	1191.4	0	4
4	2	759.49	1	4
4	2	981.66	1	4
4	2	754.9	1	4
4	2	1218.5	1	4
4	2	937.27	1	4
4	2	1252	1	4
4	2	1216.3	1	4
4	2	808.01	1	4
4	2	1022	0	4
4	2	1084.5	1	4
4	2	1076.6	1	4
4	2	2000.3	1	4
4	2	992.84	1	4
4	2	1178.3	1	4
4	2	1157.6	0	4
4	2	650.13	1	4
4	2	960.21	1	4
4	2	1026.1	1	4
4	2	575.02	0	4
4	2	819.47	1	4
4	2	863.67	1	4
4	2	939.79	1	4
4	2	1311.4	1	4
4	2	838.52	1	4
4	2	658.2	1	4
4	2	913.02	1	4
4	2	1364.2	1	4
4	2	1080	1	4
4	2	969.59	1	4
4	2	699.29	1	4
4	2	967.3	1	4
4	2	993.77	1	4
4	2	1214.7	1	4
4	2	996.81	1	4
4	2	1037.3	1	4
4	2	927.97	0	4
4	2	792.05	1	4
4	2	772.65	1	4
4	2	1232.4	1	4
4	2	602.55	0	4
4	2	739.37	1	4
4	2	1311.5	1	4
4	2	1232.7	1	4
4	2	1072.6	0	4
4	2	915.93	1	4
4	2	781.34	1	4
4	2	918.03	1	4
4	2	704.15	1	4
4	2	829.87	1	4
4	2	1244.3	1	4
4	2	912.96	1	4
4	2	1164.7	1	4
4	2	1391.8	1	4
4	2	1058.2	1	4
4	2	1232.6	1	4
4	2	1117.3	1	4
4	2	900.22	1	4
4	2	1234.5	1	4
4	2	1483.8	1	4
4	2	960.6	1	4
4	2	953.05	1	4
4	2	1123.6	1	4
4	2	1084.4	1	4
4	2	1143.3	1	4
4	2	724.96	1	4
4	2	1062.1	1	4
4	2	915.16	1	4
4	2	1110.9	1	4
4	2	1315.3	0	4
4	2	787.88	1	4
4	2	1329.2	1	4
4	2	1837.3	1	4
4	2	1151.1	1	4
4	2	1078.5	1	4
4	2	827.15	1	4
4	2	697.75	1	4
4	2	719.52	1	4
4	2	993.5	1	4
4	2	807.82	1	4
4	2	743.17	1	4
4	2	759.51	1	4
4	2	1173.9	1	4
4	2	1073.3	1	4
4	2	715.46	1	4
4	2	658.34	1	4
4	2	1028.4	0	4
4	2	1165.2	0	4
4	2	834.81	1	4
4	2	751.81	1	4
4	2	1002.2	1	4
4	2	1461.5	1	4
4	2	1284.3	1	4
4	2	1343.9	1	4
4	2	970.92	1	4
4	2	1010.6	1	4
4	2	1023.9	1	4
4	2	842.09	1	4
4	2	755.94	1	4
4	2	1334.6	1	4
4	2	1004.3	0	4
4	2	706.98	1	4
4	2	976.26	1	4
4	2	1370.7	1	4
4	2	1198.8	1	4
4	2	1202.7	0	4
4	2	961.5	1	4
4	2	1054.8	1	4
4	2	975.62	1	4
4	2	1438.9	0	5
4	2	801.31	0	5
4	2	757.97	0	5
4	2	729.85	0	5
4	2	875.1	0	5
4	2	995.09	0	5
4	2	1467.1	0	5
4	2	1963.5	1	5
4	2	720.21	0	5
4	2	1903.7	0	5
4	2	1382.3	1	5
4	2	1281.6	1	5
4	2	1736.9	1	5
4	2	1351.5	1	5
4	2	1283.6	1	5
4	2	1416.4	0	5
4	2	1832.2	1	5
4	2	1577	1	5
4	2	2281.3	1	5
4	2	2514	0	5
4	2	1215	0	5
4	2	902.95	1	5
4	2	1500.5	1	5
4	2	1972.3	1	5
4	2	1939	0	5
4	2	3327	0	5
4	2	1383.4	0	5
4	2	779.79	0	5
4	2	898.76	0	5
4	2	2696.2	0	5
4	2	1142.9	0	5
4	2	781	0	5
4	2	904	0	5
4	2	1853.3	1	5
4	2	1304.8	1	5
4	2	1465.3	1	5
4	2	1407.1	0	5
4	2	1135.5	0	5
4	2	936.2	1	5
4	2	1329	1	5
4	2	879.07	1	5
4	2	1461	1	5
4	2	1325.2	1	5
4	2	1796	1	5
4	2	2297.8	1	5
4	2	1298.1	1	5
4	2	1280.8	1	5
4	2	1050.3	1	5
4	2	2927.7	1	5
4	2	675.88	0	5
4	2	1265.5	0	5
4	2	1109.1	0	5
4	2	728.23	0	5
4	2	691.68	0	5
4	2	1642.8	1	5
4	2	680.75	0	5
4	2	2062.1	0	5
4	2	1706.7	0	5
4	2	785.25	1	5
4	2	968.54	1	5
4	2	1200.3	1	5
4	2	1061.6	1	5
4	2	1085.4	1	5
4	2	1135.8	1	5
4	2	1424.4	1	5
4	2	1838.5	1	5
4	2	1006.4	1	5
4	2	1517.9	1	5
4	2	1594.9	1	5
4	2	955.83	1	5
4	2	915.39	1	5
4	2	1376.4	1	5
4	2	1362.5	1	5
4	2	1189	1	5
4	2	1020.9	1	5
4	2	1006.7	1	5
4	2	1408.2	1	5
4	2	1175.2	1	5
4	2	1288.6	1	5
4	2	1181.7	1	5
4	2	1978.7	1	5
4	2	1322.1	1	5
4	2	1182.1	1	5
4	2	1095.5	1	5
4	2	1280	1	5
4	2	1238	1	5
4	2	1210.5	1	5
4	2	1684.5	1	5
4	2	971.52	1	5
4	2	1047	1	5
4	2	1299.7	1	5
4	2	1105.3	1	5
4	2	1394.8	1	5
4	2	1078	1	5
4	2	1086.6	1	5
4	2	1181.4	1	5
4	2	1104.3	1	5
4	2	1137.2	1	5
4	2	989.02	1	5
4	2	1165.5	1	5
4	2	946.4	1	5
4	2	976.48	0	5
4	2	961.35	1	5
4	2	802.39	1	5
4	2	870.03	1	5
4	2	1726.5	0	5
4	2	749.38	1	5
4	2	952.02	1	5
4	2	799.43	1	5
4	2	765.02	1	5
4	2	813.92	1	5
4	2	765.69	1	5
4	2	694.22	1	5
4	2	799.71	1	5
4	2	1657.4	1	5
4	2	734.42	1	5
4	2	718.96	1	5
4	2	753.07	1	5
4	2	1122.3	1	5
4	2	844.45	1	5
4	2	833.25	1	5
4	2	754.27	1	5
4	2	886.58	1	5
4	2	744.35	1	5
4	2	817.25	1	5
4	2	911.46	1	5
4	2	815.26	1	5
4	2	1187.5	1	5
4	2	863.69	1	5
4	2	1003.1	1	5
4	2	903.17	1	5
4	2	961.6	1	5
4	2	839.17	1	5
4	2	716.92	1	5
4	2	761.02	1	5
4	2	1021	1	5
4	2	773.6	1	5
4	2	928.14	1	5
4	2	808.18	1	5
4	2	772.05	1	5
4	2	866.05	1	5
4	2	796.08	1	5
4	2	691.22	1	5
4	2	829.31	1	5
4	2	817.06	1	5
4	2	838.18	1	5
4	2	1039.5	1	5
4	2	934.52	1	5
4	2	1871.7	1	5
4	2	805.56	1	5
4	2	830.12	1	5
4	2	737.58	1	5
4	2	782.28	1	5
4	2	979.47	1	5
4	2	970.68	1	5
4	2	787.84	1	5
4	2	809.27	1	5
4	2	726.89	1	5
4	2	742.61	1	5
4	2	704.42	1	5
4	2	734.41	1	5
4	2	861.34	1	5
4	2	1217.5	1	5
4	2	645.92	1	5
4	2	828.45	1	5
4	2	637.57	1	5
4	2	539.07	1	5
4	2	701.53	1	5
4	2	864.36	1	5
4	2	820.75	1	5
4	2	1218.9	1	5
4	2	723.57	1	5
4	2	985.06	1	5
4	2	758.08	1	5
4	2	873.69	1	5
4	2	746.96	1	5
4	2	771.14	1	5
4	2	690.65	1	5
4	2	782.45	1	5
4	2	646.02	1	5
4	2	849.38	1	5
4	2	845.81	1	5
4	2	689.39	1	5
4	2	842.36	1	5
4	2	886.08	1	5
4	2	769.31	1	5
4	2	776.74	1	5
4	2	930.14	1	5
4	2	836.99	1	5
4	2	812.24	1	5
4	2	702.18	1	5
4	2	833.98	1	5
4	2	747.25	1	5
4	2	715.81	1	5
4	2	1051.5	1	5
4	2	852.13	1	5
4	2	786.32	1	5
4	2	720.8	1	5
4	2	883.76	1	5
4	2	954.05	1	5
4	2	918.92	1	5
4	2	934.2	1	5
4	2	904.38	1	5
4	2	688.32	1	5
4	2	1383.9	1	5
4	2	797.48	1	5
4	2	861.2	1	5
4	2	704.02	1	5
4	2	1067	1	5
4	2	726.62	1	5
4	2	812.64	1	5
4	2	585.64	0	5
4	2	758.75	1	5
4	2	743.37	1	5
4	2	777.58	1	5
4	2	674.63	1	5
4	2	619.89	1	5
4	2	830.75	1	5
4	2	1048.9	1	5
4	2	855.07	1	5
4	2	786.17	1	5
4	2	768.72	1	5
4	2	757.35	1	5
4	2	811.18	1	5
4	2	1026.9	1	5
4	2	866.18	1	5
4	2	757.06	1	5
4	2	883.73	1	5
4	2	761.79	1	5
4	2	751.35	1	5
4	2	819.73	1	5
4	2	818.99	1	5
4	2	847.05	1	5
4	2	888.37	1	5
4	2	592.36	1	5
4	2	786.89	1	5
4	2	749.62	1	5
4	2	708.14	1	5
4	2	922.31	1	5
4	2	759.03	1	5
4	2	845.67	1	5
4	2	729.71	1	5
4	2	849.64	1	5
4	2	797.57	1	5
4	2	608.3	1	5
4	2	641.36	1	5
4	2	785.7	1	5
4	2	749.68	1	5
4	2	790.99	1	5
4	2	664.58	1	5
4	2	973.96	1	5
4	2	661.9	1	5
4	2	572.59	1	5
4	2	768.61	1	5
4	2	683.05	1	5
4	2	719.8	1	5
4	2	889.28	0	5
4	2	656.48	1	5
4	2	637.56	1	5
4	2	665.51	1	5
4	2	815.08	1	5
4	2	657.55	1	5
4	2	670.37	1	5
4	2	693.8	1	5
4	2	780.4	1	5
4	2	655.82	1	5
4	2	592.64	1	5
4	2	752.17	1	5
4	2	1024	1	5
4	2	734.83	1	5
4	2	691.79	1	5
4	2	635.59	1	5
4	2	651.03	1	5
4	2	650.92	1	5
4	2	689.41	1	5
4	2	676.65	1	5
4	2	707.96	1	5
4	2	750.41	1	5
4	2	763.64	1	5
4	2	1099.2	1	5
4	2	1217.7	0	5
4	2	838.41	1	5
4	2	831.92	1	5
4	2	715.62	1	5
4	2	722.67	1	5
4	2	724.87	1	5
4	2	770.11	1	5
4	2	837.84	1	5
4	2	979.61	1	5
4	2	700.48	1	5
4	2	703.38	1	5
4	2	678.73	1	5
4	2	808.45	1	5
4	2	765.11	1	5
4	2	692.2	1	5
4	2	860.16	1	5
4	2	684.21	1	5
4	2	806.91	1	5
4	2	744.05	1	5
4	2	1361.8	1	5
4	2	860.98	1	5
4	2	761.6	1	5
4	2	761.04	1	5
4	2	675.82	1	5
4	2	865.38	1	5
4	2	977.7	1	5
4	2	943.89	1	5
4	2	712.83	1	5
4	2	795.94	1	5
4	2	751.26	1	5
4	2	766.89	1	5
4	2	752.03	1	5
4	2	818.24	1	5
4	2	736.58	1	5
4	2	658.16	1	5
4	2	710.88	1	5
4	2	597.53	1	5
4	2	737.66	1	5
4	2	813.59	1	5
4	2	886.52	1	5
4	2	712.59	1	5
4	2	677.46	1	5
4	2	758.05	1	5
4	2	711.41	1	5
4	2	676.87	1	5
4	2	799.01	1	5
4	2	767.54	1	5
4	2	941	1	5
4	2	733.22	1	5
4	2	621.27	1	5
4	2	755.7	1	5
4	2	801.88	1	5
4	2	625.31	1	5
4	2	716.95	1	5
4	2	857.43	1	5
4	2	804.61	1	5
4	2	991.05	1	5
4	2	828.1	1	5
4	2	708.84	1	5
4	2	1031.9	1	5
4	2	734.78	1	5
4	2	772.25	1	5
4	2	693.48	1	5
4	2	689.99	1	5
4	2	684.86	1	5
4	2	723.66	1	5
4	2	690.2	1	5
4	2	641.78	1	5
4	2	748.1	1	5
4	2	2451.7	1	6
4	2	3527.6	1	6
4	2	2310	1	6
4	2	1751.1	1	6
4	2	1340.9	1	6
4	2	1058.9	1	6
4	2	1738.1	1	6
4	2	1012.1	1	6
4	2	1027.5	1	6
4	2	2596	1	6
4	2	1347.1	1	6
4	2	1469.6	1	6
4	2	1162.6	1	6
4	2	1486.1	1	6
4	2	1514.3	1	6
4	2	1681.5	0	6
4	2	959.06	1	6
4	2	1159.8	1	6
4	2	2073.6	1	6
4	2	1218.1	1	6
4	2	1429.8	1	6
4	2	1480.6	1	6
4	2	1705.2	1	6
4	2	861.29	1	6
4	2	981.42	1	6
4	2	1313.5	1	6
4	2	1375.2	1	6
4	2	1384.4	1	6
4	2	1044.6	1	6
4	2	1420.6	1	6
4	2	1638.3	1	6
4	2	871.69	1	6
4	2	1435.8	1	6
4	2	1653	1	6
4	2	1356.9	1	6
4	2	1248.9	1	6
4	2	1283.4	1	6
4	2	1015	1	6
4	2	1336.8	1	6
4	2	2329.7	1	6
4	2	900.92	1	6
4	2	1133.5	1	6
4	2	3433.5	1	6
4	2	1899	1	6
4	2	829.29	1	6
4	2	923.49	1	6
4	2	1204.7	1	6
4	2	1401.7	1	6
4	2	2779.4	1	6
4	2	1183.9	1	6
4	2	1248.2	1	6
4	2	1377.7	0	6
4	2	1826.6	0	6
4	2	883.57	0	6
4	2	1348	1	6
4	2	853.63	1	6
4	2	1521	1	6
4	2	1510	1	6
4	2	1198.6	1	6
4	2	1292.1	1	6
4	2	1503.7	1	6
4	2	1596.8	1	6
4	2	1366.1	1	6
4	2	1276.3	1	6
4	2	1445	1	6
4	2	1583.5	1	6
4	2	1323.8	1	6
4	2	1176.8	1	6
4	2	2891.2	0	6
4	2	1013.1	1	6
4	2	1097.9	1	6
4	2	1519.9	1	6
4	2	951.8	1	6
4	2	910.86	1	6
4	2	1254.7	1	6
4	2	1280.8	1	6
4	2	1092.7	1	6
4	2	886.28	1	6
4	2	1339.6	1	6
4	2	1668.6	1	6
4	2	1782.9	1	6
4	2	1552.5	1	6
4	2	1868.7	1	6
4	2	1582.5	1	6
4	2	1252	1	6
4	2	1011.5	1	6
4	2	1170.7	1	6
4	2	1138.4	1	6
4	2	1224.8	1	6
4	2	1727.2	1	6
4	2	1183.4	1	6
4	2	1078.5	1	6
4	2	1020.6	1	6
4	2	976.4	1	6
4	2	966.6	1	6
4	2	1282.5	1	6
4	2	996.87	1	6
4	2	1119.1	1	6
4	2	872.14	1	6
4	2	1160	1	6
4	2	876.06	1	6
4	2	1458.3	1	6
4	2	1055.2	1	6
4	2	916.15	1	6
4	2	1019.3	1	6
4	2	1257.9	1	6
4	2	727.95	1	6
4	2	1099.3	1	6
4	2	912.27	1	6
4	2	794.49	1	6
4	2	629.05	1	6
4	2	847.23	1	6
4	2	812.52	1	6
4	2	665.77	1	6
4	2	1043.3	1	6
4	2	820.94	1	6
4	2	846.45	1	6
4	2	675.02	1	6
4	2	891.98	1	6
4	2	842.75	1	6
4	2	612.64	1	6
4	2	667.26	1	6
4	2	619.65	1	6
4	2	596.32	1	6
4	2	1124.7	1	6
4	2	931.52	1	6
4	2	816.34	1	6
4	2	1055.1	1	6
4	2	576.62	1	6
4	2	979.63	1	6
4	2	776.79	1	6
4	2	683.26	1	6
4	2	1377	0	6
4	2	1372.9	1	6
4	2	915.82	1	6
4	2	662.01	1	6
4	2	579.71	1	6
4	2	718.16	1	6
4	2	1352.4	1	6
4	2	621.45	1	6
4	2	701.35	1	6
4	2	813.84	1	6
4	2	1104.9	1	6
4	2	909.3	1	6
4	2	1070.7	1	6
4	2	1210	1	6
4	2	732.39	1	6
4	2	1316.5	1	6
4	2	928.39	1	6
4	2	743.7	1	6
4	2	760.42	1	6
4	2	1094.4	1	6
4	2	834.75	1	6
4	2	1413.1	1	6
4	2	717.82	1	6
4	2	1543.6	1	6
4	2	838.2	1	6
4	2	740.83	1	6
4	2	730.35	1	6
4	2	658.79	1	6
4	2	734.27	1	6
4	2	585.48	1	6
4	2	709.26	1	6
4	2	772.89	1	6
4	2	742.95	1	6
4	2	702.71	1	6
4	2	967.55	1	6
4	2	818.1	1	6
4	2	1120.5	1	6
4	2	786.86	1	6
4	2	1037	1	6
4	2	720.85	1	6
4	2	992.3	1	6
4	2	969.35	1	6
4	2	884.98	1	6
4	2	688.53	1	6
4	2	1101.2	1	6
4	2	779.87	1	6
4	2	828.2	1	6
4	2	758.91	1	6
4	2	738.67	1	6
4	2	1077.1	1	6
4	2	848.76	1	6
4	2	611.31	1	6
4	2	729.25	1	6
4	2	870.97	1	6
4	2	693.83	1	6
4	2	599.83	1	6
4	2	743.47	1	6
4	2	825.92	1	6
4	2	718.61	1	6
4	2	1309	1	6
4	2	900.59	1	6
4	2	652.81	1	6
4	2	1228	1	6
4	2	959.79	1	6
4	2	1197.2	1	6
4	2	1090.8	1	6
4	2	737.81	1	6
4	2	683.3	1	6
4	2	799.56	1	6
4	2	1000.8	1	6
4	2	1252.1	1	6
4	2	793.57	1	6
4	2	693.09	1	6
4	2	796.77	1	6
4	2	822.68	1	6
4	2	1246.1	1	6
4	2	891.14	0	6
4	2	619.79	1	6
4	2	760.35	1	6
4	2	777.12	0	6
4	2	643.07	1	6
4	2	832.57	1	6
4	2	842.91	1	6
4	2	573.54	1	6
4	2	786.33	1	6
4	2	779.18	1	6
4	2	972.07	1	6
4	2	750.15	1	6
4	2	663.48	1	6
4	2	842.87	1	6
4	2	1491.1	0	6
4	2	809.19	1	6
4	2	936.29	1	6
4	2	830.5	1	6
4	2	663.19	1	6
4	2	917.18	1	6
4	2	624.75	1	6
4	2	600.37	1	6
4	2	787.61	1	6
4	2	865.07	1	6
4	2	805.25	1	6
4	2	837.7	1	6
4	2	745.47	1	6
4	2	832.57	1	6
4	2	657.94	1	6
4	2	748.44	1	6
4	2	733.57	1	6
4	2	669.97	1	6
4	2	691.79	1	6
4	2	773.85	1	6
4	2	630.77	1	6
4	2	693.4	1	6
4	2	811.56	1	6
4	2	782.13	1	6
4	2	906.43	1	6
4	2	553.64	1	6
4	2	702.28	1	6
4	2	611.75	1	6
4	2	603.7	1	6
4	2	733.87	1	6
4	2	818.97	1	6
4	2	1040.3	1	6
4	2	679.37	1	6
4	2	560.52	1	6
4	2	908.97	1	6
4	2	693.4	1	6
4	2	602.98	1	6
4	2	765.29	1	6
4	2	744.8	1	6
4	2	715.88	1	6
4	2	591	1	6
4	2	611.47	1	6
4	2	769.33	1	6
4	2	654.25	1	6
4	2	667.54	1	6
4	2	779.41	1	6
4	2	718.79	0	6
4	2	692.4	1	6
4	2	724.66	1	6
4	2	764.31	1	6
4	2	678.81	1	6
4	2	704.84	1	6
4	2	557.69	1	6
4	2	1013.9	1	6
4	2	555.27	1	6
4	2	726.41	1	6
4	2	666.56	1	6
4	2	633.47	1	6
4	2	751.3	1	6
4	2	846.03	1	6
4	2	940.52	1	6
4	2	812.4	1	6
4	2	811.54	1	6
4	2	990.07	1	6
4	2	740.4	1	6
4	2	1117	0	6
4	2	608.22	1	6
4	2	562.67	1	6
4	2	603.8	1	6
4	2	571.11	1	6
4	2	787.86	1	6
4	2	1036.9	1	6
4	2	682.24	1	6
4	2	926.02	1	6
4	2	663.36	1	6
4	2	726.98	1	6
4	2	850.81	1	6
4	2	697.58	1	6
4	2	1041.9	1	6
4	2	920.21	1	6
4	2	893.82	1	6
4	2	859.08	1	6
4	2	735.85	1	6
4	2	662.78	1	6
4	2	1069.5	1	6
4	2	621.77	1	6
4	2	1318.1	1	6
4	2	717.22	1	6
4	2	1076	1	6
4	2	743.19	1	6
4	2	721.31	1	6
4	2	757.02	1	6
4	2	689.96	1	6
4	2	633.2	1	6
4	2	1283.8	1	6
4	2	818.64	1	6
4	2	958.71	1	6
4	2	697.55	1	6
4	2	676.48	1	6
4	2	759.49	1	6
4	2	660.71	1	6
4	2	626.84	1	6
4	2	953.32	1	6
4	2	1231.6	1	6
4	2	1045.5	0	6
4	2	1146.4	0	6
4	2	593.33	1	6
4	2	1109.7	0	6
4	2	783.79	1	6
4	2	705.84	1	6
4	2	627.39	1	6
4	2	708.27	1	6
4	2	781.18	1	6
4	2	894.11	1	6
4	2	636.03	1	6
4	2	870.05	1	6
4	2	783.82	1	6
4	2	1154.8	0	6
4	2	765.13	1	6
4	2	908.15	1	6
4	2	905.85	1	6
4	2	847.47	1	6
4	2	993.68	1	6
4	2	776.52	1	6
4	2	751.83	1	6
4	2	961.49	1	6
4	2	668.61	1	6
4	2	1092.6	1	6
4	2	1033.5	1	7
4	2	1178.9	1	7
4	2	1070.9	1	7
4	2	2074.9	1	7
4	2	1195.1	1	7
4	2	1891.7	0	7
4	2	1211.3	0	7
4	2	2230.4	0	7
4	2	1369	0	7
4	2	1633.6	0	7
4	2	2534.9	1	7
4	2	1161.6	1	7
4	2	1326.7	0	7
4	2	1675.6	0	7
4	2	1395.6	0	7
4	2	1706.5	0	7
4	2	791.91	1	7
4	2	2134.6	1	7
4	2	951.9	1	7
4	2	1833.5	0	7
4	2	1244.8	1	7
4	2	1328	1	7
4	2	1794.4	1	7
4	2	2252.7	0	7
4	2	2351.5	1	7
4	2	1818.8	1	7
4	2	1739.1	0	7
4	2	2146.4	1	7
4	2	1685.9	0	7
4	2	1403.5	0	7
4	2	1347.2	0	7
4	2	1428.2	0	7
4	2	839.61	1	7
4	2	1943.6	1	7
4	2	1532.3	0	7
4	2	1051	1	7
4	2	1615.4	0	7
4	2	2260.5	0	7
4	2	1421	0	7
4	2	1979.7	1	7
4	2	2090.8	1	7
4	2	2668.7	0	7
4	2	4408	0	7
4	2	2725.5	0	7
4	2	820.6	0	7
4	2	1539.4	0	7
4	2	889.31	0	7
4	2	1329.4	0	7
4	2	1090.8	0	7
4	2	1069.9	1	7
4	2	913.42	1	7
4	2	1059.2	1	7
4	2	1762.8	1	7
4	2	914	1	7
4	2	1446.8	0	7
4	2	1156.4	1	7
4	2	1474.9	1	7
4	2	1687.7	1	7
4	2	903.03	1	7
4	2	1504	1	7
4	2	1064	1	7
4	2	1253.9	1	7
4	2	1656.8	1	7
4	2	1812.7	0	7
4	2	1263.6	1	7
4	2	1682	1	7
4	2	1061.4	1	7
4	2	1909.1	1	7
4	2	1319.2	1	7
4	2	1506.3	1	7
4	2	2432.4	0	7
4	2	2092.9	1	7
4	2	3059.8	1	7
4	2	2540.5	1	7
4	2	1678.1	1	7
4	2	1351.8	1	7
4	2	1199.2	1	7
4	2	1307.4	1	7
4	2	1923.5	1	7
4	2	1308.2	1	7
4	2	2719.7	0	7
4	2	1384.2	1	7
4	2	1757	1	7
4	2	1727.2	1	7
4	2	1860.5	1	7
4	2	1200	1	7
4	2	1097.2	1	7
4	2	1201.7	1	7
4	2	1534.1	1	7
4	2	1252.3	1	7
4	2	1062.6	1	7
4	2	985.12	1	7
4	2	1198.7	1	7
4	2	1353.6	1	7
4	2	1631.1	1	7
4	2	1698.1	1	7
4	2	1647.1	1	7
4	2	2470.6	1	7
4	2	1414.9	1	7
4	2	762.8	1	7
4	2	761.36	1	7
4	2	955.86	1	7
4	2	1697.7	1	7
4	2	750.19	1	7
4	2	1428.8	1	7
4	2	947	1	7
4	2	1014.4	1	7
4	2	1028.5	0	7
4	2	694.32	1	7
4	2	651.95	1	7
4	2	717.39	1	7
4	2	798.27	1	7
4	2	693	1	7
4	2	1849.8	1	7
4	2	718.97	1	7
4	2	1040.8	1	7
4	2	776.4	1	7
4	2	1817.4	1	7
4	2	747.12	1	7
4	2	771.08	1	7
4	2	660.17	1	7
4	2	972.58	0	7
4	2	792.7	1	7
4	2	850.34	1	7
4	2	687	1	7
4	2	544.72	1	7
4	2	955.45	1	7
4	2	531.91	1	7
4	2	627.47	1	7
4	2	1190.6	1	7
4	2	688.51	1	7
4	2	573.36	1	7
4	2	1145.5	1	7
4	2	1170.9	1	7
4	2	1539.5	0	7
4	2	978.1	1	7
4	2	753.85	1	7
4	2	855.44	1	7
4	2	675.37	1	7
4	2	694.37	1	7
4	2	574.05	1	7
4	2	656.57	1	7
4	2	691.35	1	7
4	2	870.93	1	7
4	2	532.11	1	7
4	2	1392.4	1	7
4	2	1197.3	1	7
4	2	625.21	1	7
4	2	749.16	1	7
4	2	564.52	1	7
4	2	926.6	1	7
4	2	879.66	1	7
4	2	570.92	1	7
4	2	918.55	1	7
4	2	930.91	1	7
4	2	824.36	1	7
4	2	1357.4	0	7
4	2	564.27	1	7
4	2	608.02	1	7
4	2	751.38	1	7
4	2	751.96	1	7
4	2	693.21	1	7
4	2	874.94	1	7
4	2	815.43	1	7
4	2	573.5	1	7
4	2	1210.2	1	7
4	2	675.89	1	7
4	2	612.96	1	7
4	2	606.25	1	7
4	2	1300.8	1	7
4	2	870.81	1	7
4	2	661.98	1	7
4	2	647.18	1	7
4	2	1065.6	1	7
4	2	822.05	1	7
4	2	828.17	1	7
4	2	1155.6	0	7
4	2	658.46	1	7
4	2	767.73	1	7
4	2	548.43	1	7
4	2	550.91	1	7
4	2	494.52	1	7
4	2	465.08	1	7
4	2	640.31	1	7
4	2	1771.5	1	7
4	2	648.76	1	7
4	2	531.86	1	7
4	2	686.65	1	7
4	2	753.12	1	7
4	2	596.05	1	7
4	2	1208	1	7
4	2	840.24	1	7
4	2	1062.6	1	7
4	2	915.1	1	7
4	2	2182.1	1	7
4	2	1177.8	0	7
4	2	946.36	1	7
4	2	1580	1	7
4	2	697.87	1	7
4	2	820.56	1	7
4	2	759.92	1	7
4	2	586.42	1	7
4	2	713.08	1	7
4	2	963.03	1	7
4	2	1041.4	0	7
4	2	590.82	1	7
4	2	522.61	1	7
4	2	652.61	1	7
4	2	555.67	1	7
4	2	987.32	1	7
4	2	1183.8	1	7
4	2	640.57	1	7
4	2	679.48	1	7
4	2	983.71	1	7
4	2	1494.7	1	7
4	2	1988	0	7
4	2	720.14	1	7
4	2	728.8	1	7
4	2	606.46	1	7
4	2	991.35	1	7
4	2	838.1	1	7
4	2	1020.4	1	7
4	2	672.46	1	7
4	2	1224.4	1	7
4	2	808.34	1	7
4	2	989.45	1	7
4	2	1249.5	1	7
4	2	648.04	1	7
4	2	901.35	1	7
4	2	1904.3	1	7
4	2	698.34	1	7
4	2	684.42	1	7
4	2	788.66	1	7
4	2	580.71	1	7
4	2	991.24	1	7
4	2	644.91	1	7
4	2	552.67	1	7
4	2	894.74	1	7
4	2	615.92	1	7
4	2	909.48	1	7
4	2	609.09	1	7
4	2	918.1	1	7
4	2	901.55	1	7
4	2	576.42	1	7
4	2	586.5	1	7
4	2	562.77	1	7
4	2	1091.2	1	7
4	2	1355.8	0	7
4	2	769.19	1	7
4	2	909.19	1	7
4	2	765.57	1	7
4	2	861.93	1	7
4	2	1394	0	7
4	2	677.59	1	7
4	2	1740.5	0	7
4	2	885.63	1	7
4	2	619.7	1	7
4	2	721.32	1	7
4	2	777.87	1	7
4	2	962.77	1	7
4	2	1240.3	1	7
4	2	707.59	1	7
4	2	527.47	1	7
4	2	625.56	1	7
4	2	662.67	1	7
4	2	1258.5	1	7
4	2	820.69	1	7
4	2	756.64	1	7
4	2	533.93	1	7
4	2	780.28	1	7
4	2	972.46	1	7
4	2	470.28	1	7
4	2	789.49	1	7
4	2	779.09	1	7
4	2	1011.3	0	7
4	2	559.37	1	7
4	2	629.12	1	7
4	2	594.99	1	7
4	2	749.35	1	7
4	2	716.7	1	7
4	2	1075.8	1	7
4	2	881.43	1	7
4	2	1260.6	1	7
4	2	754.57	1	7
4	2	1101.9	0	7
4	2	645.47	1	7
4	2	835.98	1	7
4	2	569.26	1	7
4	2	608.23	1	7
4	2	940.21	1	7
4	2	536.63	1	7
4	2	728.52	1	7
4	2	804.49	1	7
4	2	972.13	0	7
4	2	803.93	1	7
4	2	806	1	7
4	2	1131.7	1	7
4	2	619.89	1	7
4	2	573.9	1	7
4	2	1787.1	1	7
4	2	853.16	1	7
4	2	658.66	1	7
4	2	800.02	1	7
4	2	631.06	1	7
4	2	785.83	1	7
4	2	841.05	1	7
4	2	1083.7	1	7
4	2	1283	0	7
4	2	786.33	1	7
4	2	963.61	1	7
4	2	948.01	1	7
4	2	788.86	1	7
4	2	839.07	1	7
4	2	951.4	1	7
4	2	1080.9	1	7
4	2	1016.9	1	7
4	2	641.27	1	7
4	2	575.31	1	7
4	2	543.53	1	7
4	2	529.07	1	7
4	2	519.28	1	7
4	2	682.82	1	7
4	2	605.73	1	7
4	2	570.73	1	7
4	2	1086.5	1	7
4	2	515.66	1	7
4	2	856.18	1	7
4	2	942.82	1	7
4	2	896.75	1	7
4	2	565.88	1	7
4	2	1631.9	1	7
4	2	682.79	1	7
4	2	573.77	1	7
4	2	1090	1	7
4	2	703.77	1	7
4	2	601.71	1	7
4	2	767.45	1	7
4	2	791.82	1	7
4	2	1284.5	1	7
4	2	1132.4	1	7
4	2	579.45	1	7
4	2	587.43	1	7
4	2	888.47	1	7
4	2	569.98	1	7
4	2	739.05	1	7
4	2	516.39	1	7
4	2	817.02	1	7
4	2	537.52	1	7
4	2	1080.9	1	7
4	2	1430.9	1	8
4	2	900.11	1	8
4	2	987.2	1	8
4	2	1671.4	1	8
4	2	1361.6	1	8
4	2	2521	1	8
4	2	1925.6	1	8
4	2	803	1	8
4	2	1311.7	1	8
4	2	1532.3	1	8
4	2	1636.1	1	8
4	2	1308.6	1	8
4	2	1620	1	8
4	2	1908	1	8
4	2	3377.3	0	8
4	2	1949.1	0	8
4	2	1540	0	8
4	2	1733	0	8
4	2	1596.4	1	8
4	2	2053	0	8
4	2	1515.2	1	8
4	2	1119.8	1	8
4	2	1512.3	1	8
4	2	1672	1	8
4	2	995.65	1	8
4	2	1677.5	0	8
4	2	1266.2	1	8
4	2	1822.5	1	8
4	2	1079.5	1	8
4	2	1118.8	1	8
4	2	1394	0	8
4	2	1346.3	1	8
4	2	1569.8	0	8
4	2	1834	1	8
4	2	1368.8	1	8
4	2	2224.4	0	8
4	2	1525.1	1	8
4	2	1654.1	0	8
4	2	2032.6	1	8
4	2	1774.8	1	8
4	2	2086.9	0	8
4	2	2022.7	1	8
4	2	1704.5	1	8
4	2	1257.8	1	8
4	2	1600.5	1	8
4	2	1116.6	1	8
4	2	2933.9	1	8
4	2	4120.4	0	8
4	2	3253.4	0	8
4	2	1720.9	0	8
4	2	1396.7	1	8
4	2	1833	1	8
4	2	1027.5	1	8
4	2	1424.5	1	8
4	2	1347.5	1	8
4	2	1940	0	8
4	2	1037.2	1	8
4	2	1353.8	1	8
4	2	1238.5	1	8
4	2	2181	0	8
4	2	1019.7	1	8
4	2	1055.8	1	8
4	2	1549.3	0	8
4	2	1268	1	8
4	2	1943.4	0	8
4	2	1654	0	8
4	2	1019.3	1	8
4	2	1944.3	1	8
4	2	1390.5	1	8
4	2	1202.2	1	8
4	2	1958.8	0	8
4	2	1214.7	1	8
4	2	1820.7	1	8
4	2	1436.1	1	8
4	2	2170.7	1	8
4	2	1970.5	1	8
4	2	1308.4	1	8
4	2	1661.1	1	8
4	2	1219.1	1	8
4	2	1498.3	1	8
4	2	1529.9	1	8
4	2	1694.2	1	8
4	2	1821.3	1	8
4	2	2086.3	0	8
4	2	1698.4	1	8
4	2	3655.7	1	8
4	2	1861.6	1	8
4	2	1289.7	1	8
4	2	1896.8	1	8
4	2	2073	1	8
4	2	1481.4	1	8
4	2	1237.8	1	8
4	2	1554.7	1	8
4	2	1343.6	1	8
4	2	2433.2	1	8
4	2	1851.1	0	8
4	2	2268.5	1	8
4	2	1679.1	1	8
4	2	1409.3	1	8
4	2	1718.6	1	8
4	2	969.08	1	8
4	2	632.74	1	8
4	2	940.6	1	8
4	2	1209.6	1	8
4	2	1409.1	1	8
4	2	880.27	1	8
4	2	1060.6	1	8
4	2	767.07	1	8
4	2	710.56	1	8
4	2	803.22	1	8
4	2	741.12	1	8
4	2	1006.9	1	8
4	2	807.17	1	8
4	2	702.11	1	8
4	2	880.19	1	8
4	2	1067.7	0	8
4	2	857.29	1	8
4	2	676.07	1	8
4	2	642.42	1	8
4	2	741.21	1	8
4	2	649.84	1	8
4	2	839.82	1	8
4	2	602.55	1	8
4	2	653.54	1	8
4	2	651.48	1	8
4	2	636.56	1	8
4	2	843.18	1	8
4	2	628.85	1	8
4	2	634.04	1	8
4	2	669.15	1	8
4	2	663.77	1	8
4	2	838.9	1	8
4	2	800.88	1	8
4	2	1040.1	1	8
4	2	903.34	1	8
4	2	574.05	1	8
4	2	757.18	1	8
4	2	683.93	1	8
4	2	719.1	1	8
4	2	878.07	1	8
4	2	584.79	1	8
4	2	642.07	1	8
4	2	997.46	1	8
4	2	664.55	1	8
4	2	625.82	1	8
4	2	1444.2	0	8
4	2	552.12	1	8
4	2	944.83	1	8
4	2	603.58	1	8
4	2	657.4	1	8
4	2	953.53	0	8
4	2	671.01	1	8
4	2	631.24	1	8
4	2	641.15	1	8
4	2	931.98	1	8
4	2	661.51	1	8
4	2	544.64	1	8
4	2	615.6	1	8
4	2	627.12	1	8
4	2	955.15	1	8
4	2	664.43	1	8
4	2	692.7	1	8
4	2	1053.3	0	8
4	2	561.4	1	8
4	2	538.32	1	8
4	2	1901	0	8
4	2	599.34	1	8
4	2	955	1	8
4	2	955.77	1	8
4	2	1172.4	1	8
4	2	738.87	1	8
4	2	553.17	1	8
4	2	771.87	1	8
4	2	638.05	1	8
4	2	1055.1	1	8
4	2	688.81	1	8
4	2	898.79	1	8
4	2	832.85	1	8
4	2	1135.8	1	8
4	2	875.9	1	8
4	2	1390.8	1	8
4	2	1303.1	1	8
4	2	608.68	1	8
4	2	521.4	1	8
4	2	883.55	1	8
4	2	1765.6	1	8
4	2	602.82	1	8
4	2	917.91	1	8
4	2	650.93	1	8
4	2	700.67	1	8
4	2	638.83	1	8
4	2	729.13	1	8
4	2	679.76	1	8
4	2	744.44	1	8
4	2	870.55	1	8
4	2	1008.2	1	8
4	2	904.95	0	8
4	2	899.44	0	8
4	2	1047.7	1	8
4	2	676.07	1	8
4	2	743.53	1	8
4	2	1668.6	0	8
4	2	939.47	1	8
4	2	958.72	1	8
4	2	755.93	1	8
4	2	801.49	1	8
4	2	591.23	1	8
4	2	516.28	1	8
4	2	774.82	1	8
4	2	608.05	1	8
4	2	620.65	1	8
4	2	749.63	1	8
4	2	1034	1	8
4	2	1196.6	1	8
4	2	940.2	1	8
4	2	703.84	1	8
4	2	1082.9	1	8
4	2	1061.8	1	8
4	2	1116	1	8
4	2	621.66	1	8
4	2	925.34	1	8
4	2	828.48	1	8
4	2	703.39	1	8
4	2	662.63	1	8
4	2	787.21	1	8
4	2	1000.9	1	8
4	2	683.89	1	8
4	2	894.25	1	8
4	2	665.64	1	8
4	2	1423.7	1	8
4	2	650.64	1	8
4	2	1015	1	8
4	2	682.99	1	8
4	2	950.33	1	8
4	2	647.78	1	8
4	2	838.86	1	8
4	2	542.2	1	8
4	2	676.94	1	8
4	2	604.39	1	8
4	2	713.64	1	8
4	2	1194.9	1	8
4	2	944.4	1	8
4	2	730.11	1	8
4	2	653.64	1	8
4	2	702.61	1	8
4	2	774.49	1	8
4	2	2060.9	0	8
4	2	1063.2	1	8
4	2	572.05	1	8
4	2	556.17	1	8
4	2	634.14	1	8
4	2	1376.6	1	8
4	2	608.97	1	8
4	2	746.33	1	8
4	2	579.09	1	8
4	2	543.06	1	8
4	2	665.52	1	8
4	2	564.5	1	8
4	2	833.44	1	8
4	2	675.85	1	8
4	2	973.26	1	8
4	2	997.02	1	8
4	2	550.14	1	8
4	2	486.27	1	8
4	2	592.24	1	8
4	2	762.14	1	8
4	2	604.48	1	8
4	2	586.43	1	8
4	2	518.83	1	8
4	2	1148.4	1	8
4	2	843.81	1	8
4	2	691.27	1	8
4	2	562.44	1	8
4	2	520.02	1	8
4	2	930.14	1	8
4	2	748.39	1	8
4	2	744.29	1	8
4	2	703.13	1	8
4	2	863.86	0	8
4	2	1070.8	1	8
4	2	663.13	1	8
4	2	656.19	1	8
4	2	715.41	1	8
4	2	1120.8	1	8
4	2	587.55	1	8
4	2	1073	1	8
4	2	861.5	1	8
4	2	1503.4	1	8
4	2	620.66	1	8
4	2	990.07	1	8
4	2	868.08	1	8
4	2	692.52	1	8
4	2	747.2	1	8
4	2	579.26	1	8
4	2	687.91	1	8
4	2	654.02	1	8
4	2	1067	1	8
4	2	578.72	1	8
4	2	659.65	1	8
4	2	1167.8	0	8
4	2	855.28	1	8
4	2	888.06	1	8
4	2	754.64	1	8
4	2	820.61	1	8
4	2	942.38	1	8
4	2	610.32	1	8
4	2	881.89	1	8
4	2	799.33	1	8
4	2	757.38	1	8
4	2	686.39	1	8
4	2	601.76	1	8
4	2	1515.4	1	8
4	2	812.66	1	8
4	2	2177.7	1	8
4	2	965.19	1	8
4	2	688.79	1	8
4	2	706.22	1	8
4	2	619.94	1	8
4	2	560.79	1	8
4	2	606.64	1	8
4	2	498.56	1	8
4	2	471.9	1	8
4	2	525.15	1	8
4	2	495.85	1	8
4	2	936.52	1	8
4	2	580.47	1	8
4	2	713.55	1	8
4	2	885.67	1	8
4	2	675.32	1	8
4	2	1078.6	1	8
4	2	701.04	1	8
4	2	552.16	1	8
4	2	635.41	1	8
4	2	1083.2	1	8
4	2	618.88	1	8
4	2	606.03	1	8
4	2	639.52	1	8
4	2	664.12	1	8
4	2	1313.3	1	8
4	2	556.38	1	8
4	2	891.78	1	8
4	2	583.95	1	8
4	2	756.85	1	8
4	2	779.3	1	8
4	2	622.32	1	8
4	2	531.7	1	8
4	2	660.53	1	8
4	2	515.75	1	8
4	2	621.9	1	8
4	2	605.95	1	8
4	2	1518.2	0	9
4	2	1100.3	1	9
4	2	1745.7	1	9
4	2	1111.9	1	9
4	2	930.94	1	9
4	2	1647	1	9
4	2	1353.5	1	9
4	2	1092.8	1	9
4	2	1190	1	9
4	2	1892.6	1	9
4	2	1175.6	1	9
4	2	1215.6	1	9
4	2	883.19	1	9
4	2	2250.4	1	9
4	2	1632.4	1	9
4	2	2327.4	1	9
4	2	1180.8	1	9
4	2	1837.6	1	9
4	2	1017.7	1	9
4	2	890.8	1	9
4	2	959.09	1	9
4	2	1040.7	1	9
4	2	785.37	1	9
4	2	907.09	1	9
4	2	1167.9	1	9
4	2	1212	1	9
4	2	1086.4	1	9
4	2	917.31	1	9
4	2	1800	1	9
4	2	889.36	1	9
4	2	790.62	1	9
4	2	825.81	1	9
4	2	1236.9	1	9
4	2	1072.4	1	9
4	2	2972.4	1	9
4	2	948.9	1	9
4	2	840.37	1	9
4	2	1254.2	1	9
4	2	2924.1	1	9
4	2	721.38	1	9
4	2	1113	1	9
4	2	867.28	1	9
4	2	679.99	1	9
4	2	3741.2	1	9
4	2	982.33	1	9
4	2	1203.8	1	9
4	2	872.57	1	9
4	2	1306.4	1	9
4	2	977.76	1	9
4	2	1965.5	1	9
4	2	997.13	1	9
4	2	1691.3	1	9
4	2	1738.3	1	9
4	2	1502.2	1	9
4	2	1509.8	1	9
4	2	976.91	1	9
4	2	1471.8	1	9
4	2	1033.4	1	9
4	2	1556	1	9
4	2	1500.4	1	9
4	2	1650	1	9
4	2	1323.8	1	9
4	2	1099.3	1	9
4	2	1250.8	1	9
4	2	1202.6	1	9
4	2	1911.7	1	9
4	2	1969.2	1	9
4	2	1227.9	1	9
4	2	1136.1	1	9
4	2	1303.2	1	9
4	2	1370.3	1	9
4	2	1009.2	1	9
4	2	1296.9	1	9
4	2	1113	1	9
4	2	1142	1	9
4	2	1220.4	1	9
4	2	1474.4	1	9
4	2	1032.9	1	9
4	2	1132.9	1	9
4	2	1038.6	1	9
4	2	1143.5	1	9
4	2	1257.2	1	9
4	2	1683.5	1	9
4	2	1995.6	1	9
4	2	1435.5	1	9
4	2	1146.6	1	9
4	2	1652.4	1	9
4	2	992.57	1	9
4	2	1158.5	1	9
4	2	1378.4	1	9
4	2	1356.6	1	9
4	2	1166.3	1	9
4	2	1024.5	1	9
4	2	1176.1	1	9
4	2	1170	1	9
4	2	1154.1	1	9
4	2	947.85	1	9
4	2	1641.3	1	9
4	2	1280.9	1	9
4	2	1224.6	1	9
4	2	690.08	1	9
4	2	711.23	1	9
4	2	801.39	1	9
4	2	851.66	1	9
4	2	988.27	1	9
4	2	782.51	1	9
4	2	721.46	1	9
4	2	742.37	1	9
4	2	748.15	1	9
4	2	601.23	1	9
4	2	998.76	1	9
4	2	682.23	1	9
4	2	685.75	1	9
4	2	730.43	1	9
4	2	1245.9	1	9
4	2	681.39	1	9
4	2	590.59	1	9
4	2	739.43	1	9
4	2	680.13	1	9
4	2	962.41	1	9
4	2	773.87	1	9
4	2	657.22	1	9
4	2	567.67	1	9
4	2	692.05	1	9
4	2	716.61	1	9
4	2	650.05	1	9
4	2	631.11	1	9
4	2	633.6	1	9
4	2	836.45	1	9
4	2	774.2	1	9
4	2	613.66	1	9
4	2	706.56	1	9
4	2	810.16	1	9
4	2	576.82	1	9
4	2	755.76	1	9
4	2	687.84	1	9
4	2	590.6	1	9
4	2	781.24	1	9
4	2	737.32	1	9
4	2	566.67	1	9
4	2	735.43	1	9
4	2	947.76	1	9
4	2	536.81	1	9
4	2	554.08	1	9
4	2	1024.4	1	9
4	2	921.14	1	9
4	2	590.15	1	9
4	2	702.45	1	9
4	2	933.32	1	9
4	2	878.14	1	9
4	2	829.7	1	9
4	2	663.49	1	9
4	2	559.83	1	9
4	2	712.44	1	9
4	2	745.36	1	9
4	2	950.98	1	9
4	2	629.41	1	9
4	2	594.48	1	9
4	2	825.48	1	9
4	2	879.48	1	9
4	2	686.66	1	9
4	2	595.3	1	9
4	2	638.55	1	9
4	2	764.09	1	9
4	2	764.76	1	9
4	2	764.29	1	9
4	2	545.86	1	9
4	2	546.97	1	9
4	2	966.69	1	9
4	2	566.16	1	9
4	2	665.53	1	9
4	2	651	1	9
4	2	879.69	1	9
4	2	774.45	1	9
4	2	985.18	1	9
4	2	735.88	1	9
4	2	660.72	1	9
4	2	768.25	1	9
4	2	780.55	1	9
4	2	671.53	1	9
4	2	817.47	1	9
4	2	611.97	1	9
4	2	550.35	1	9
4	2	664.86	1	9
4	2	592.12	1	9
4	2	962.31	1	9
4	2	569.85	1	9
4	2	540.83	1	9
4	2	559.39	1	9
4	2	923.94	1	9
4	2	769.57	1	9
4	2	914.04	1	9
4	2	919.14	1	9
4	2	669.25	1	9
4	2	608.85	1	9
4	2	669.33	1	9
4	2	612.09	1	9
4	2	714.07	1	9
4	2	562.02	1	9
4	2	581.68	1	9
4	2	820.59	1	9
4	2	678.87	1	9
4	2	1227.1	1	9
4	2	966.18	1	9
4	2	656.02	1	9
4	2	630.1	1	9
4	2	577.57	1	9
4	2	752.17	1	9
4	2	610.55	1	9
4	2	508.27	1	9
4	2	778.78	1	9
4	2	507.88	1	9
4	2	622.42	1	9
4	2	618.64	1	9
4	2	593.6	1	9
4	2	747.76	1	9
4	2	693.59	1	9
4	2	1041.8	1	9
4	2	735.14	1	9
4	2	676.46	1	9
4	2	653.7	1	9
4	2	909.62	1	9
4	2	583.53	1	9
4	2	676.59	1	9
4	2	879.47	1	9
4	2	812.95	1	9
4	2	720.82	1	9
4	2	844.71	1	9
4	2	673.56	1	9
4	2	637.85	1	9
4	2	681.03	1	9
4	2	712.12	1	9
4	2	1022.6	1	9
4	2	589.08	1	9
4	2	1028.9	1	9
4	2	756.79	1	9
4	2	662.77	1	9
4	2	677.85	1	9
4	2	689.03	1	9
4	2	782.96	1	9
4	2	933.59	1	9
4	2	942.75	1	9
4	2	816.91	1	9
4	2	639.15	1	9
4	2	867.79	1	9
4	2	717.54	1	9
4	2	633.38	1	9
4	2	654.09	1	9
4	2	894.89	1	9
4	2	665.25	1	9
4	2	568.64	1	9
4	2	766.59	1	9
4	2	697.15	1	9
4	2	764.65	1	9
4	2	552.25	1	9
4	2	574.87	1	9
4	2	516.07	1	9
4	2	611.38	1	9
4	2	594.26	1	9
4	2	660.26	1	9
4	2	818.36	1	9
4	2	1149.4	1	9
4	2	608.09	1	9
4	2	575.15	1	9
4	2	658.92	1	9
4	2	515.15	1	9
4	2	551.92	1	9
4	2	534.37	1	9
4	2	629.92	1	9
4	2	599.81	1	9
4	2	791.54	1	9
4	2	582.92	1	9
4	2	503.26	1	9
4	2	557.37	1	9
4	2	517.59	1	9
4	2	596.41	1	9
4	2	553.1	1	9
4	2	625.89	1	9
4	2	731.41	1	9
4	2	766.71	1	9
4	2	665.89	1	9
4	2	680.28	1	9
4	2	707.48	1	9
4	2	792.31	1	9
4	2	653.36	1	9
4	2	640.35	1	9
4	2	845.68	1	9
4	2	505.61	1	9
4	2	646.57	1	9
4	2	566.63	1	9
4	2	847.37	1	9
4	2	543.73	1	9
4	2	601.06	1	9
4	2	1025.4	1	9
4	2	566.03	1	9
4	2	770.38	1	9
4	2	729.26	1	9
4	2	678.96	1	9
4	2	776.69	1	9
4	2	661.4	1	9
4	2	929.72	1	9
4	2	741.49	1	9
4	2	1805.4	1	9
4	2	648.48	1	9
4	2	1006.5	1	9
4	2	648.62	1	9
4	2	585.54	1	9
4	2	773.99	1	9
4	2	629.55	1	9
4	2	635.53	1	9
4	2	597.64	1	9
4	2	644.08	1	9
4	2	541.11	1	9
4	2	826.82	1	9
4	2	657.05	1	9
4	2	679.08	1	9
4	2	602.23	1	9
4	2	858.39	1	9
4	2	560.14	1	9
4	2	956.93	1	9
4	2	650.76	1	9
4	2	548.95	1	9
4	2	690.7	1	9
4	2	650.92	1	9
4	2	590.26	1	9
4	2	518.63	1	9
4	2	553.56	1	9
4	2	868.86	1	9
4	2	987.13	1	9
4	2	614.23	1	9
4	2	578.95	1	9
4	2	464.32	1	9
4	2	554.05	1	9
4	2	600.23	1	9
4	2	676.3	1	9
4	2	735.61	1	9
4	2	566.68	1	9
4	2	639.25	1	9
4	2	562.66	1	9
4	2	645.93	1	9
4	2	939.88	1	9
4	2	914.23	1	9
4	2	709.1	1	9
4	2	850.99	1	9
4	2	649.4	1	9
4	2	535.66	1	9
4	2	547.88	1	9
4	2	596.68	1	9
4	2	523.43	1	9
4	2	770.87	1	9
