7	1	755.91	1	1
7	1	1991.6	1	1
7	1	839.09	1	1
7	1	663.68	1	1
7	1	786.65	1	1
7	1	811.51	1	1
7	1	808.76	1	1
7	1	680.33	1	1
7	1	735.67	1	1
7	1	604.91	1	1
7	1	588.47	1	1
7	1	793.88	1	1
7	1	721.21	1	1
7	1	635.54	1	1
7	1	717.91	1	1
7	1	786.35	1	1
7	1	586.14	1	1
7	1	651.68	1	1
7	1	712.74	1	1
7	1	733.53	1	1
7	1	801.23	1	1
7	1	688.51	1	1
7	1	650.1	1	1
7	1	509.71	1	1
7	1	724.49	1	1
7	1	601.97	1	1
7	1	678.02	1	1
7	1	735.15	1	1
7	1	572.68	1	1
7	1	765.6	1	1
7	1	681.89	1	1
7	1	641.71	1	1
7	1	775.07	1	1
7	1	613.46	1	1
7	1	570.26	1	1
7	1	697.29	1	1
7	1	597.77	1	1
7	1	583.81	1	1
7	1	704.14	1	1
7	1	760.96	1	1
7	1	835.3	1	1
7	1	749.95	1	1
7	1	1022.3	1	1
7	1	686.32	1	1
7	1	644.96	1	1
7	1	938.53	1	1
7	1	796.32	1	1
7	1	837.77	1	1
7	1	865.26	1	1
7	1	714.88	1	1
7	1	714.93	1	1
7	1	581.62	1	1
7	1	684.28	1	1
7	1	624.37	1	1
7	1	647.74	1	1
7	1	570.99	1	1
7	1	684.79	1	1
7	1	673.77	1	1
7	1	516.12	1	1
7	1	725.47	1	1
7	1	761.68	1	1
7	1	658.93	1	1
7	1	554.91	1	1
7	1	1050.3	1	1
7	1	648.64	1	1
7	1	580.93	1	1
7	1	590.04	1	1
7	1	677.81	1	1
7	1	1487.6	1	1
7	1	776.85	1	1
7	1	659.05	1	1
7	1	592.72	1	1
7	1	755.92	1	1
7	1	594.72	1	1
7	1	597.38	1	1
7	1	774	1	1
7	1	641.45	1	1
7	1	585.14	1	1
7	1	614.67	1	1
7	1	729.69	1	1
7	1	749.28	1	1
7	1	685.26	1	1
7	1	854.12	1	1
7	1	793.8	1	1
7	1	577.88	1	1
7	1	650.97	1	1
7	1	584.61	1	1
7	1	645.27	1	1
7	1	657.5	1	1
7	1	669.35	1	1
7	1	849.98	1	1
7	1	733.46	1	1
7	1	829.21	1	1
7	1	808.45	1	1
7	1	705.19	1	1
7	1	682.74	1	1
7	1	707.63	1	1
7	1	721.86	1	1
7	1	804.37	1	1
7	1	655.36	1	1
7	1	661.74	1	1
7	1	600.88	1	1
7	1	807.52	1	1
7	1	703.13	1	1
7	1	662.27	1	1
7	1	1844	1	1
7	1	704.6	1	1
7	1	666.59	1	1
7	1	725.01	1	1
7	1	762.6	1	1
7	1	556.5	1	1
7	1	716.39	1	1
7	1	652.99	1	1
7	1	584.29	1	1
7	1	711.09	1	1
7	1	593.03	1	1
7	1	648.47	1	1
7	1	663.4	1	1
7	1	653.84	1	1
7	1	605.77	1	1
7	1	767.56	1	1
7	1	599.26	1	1
7	1	611.5	1	1
7	1	792.54	1	1
7	1	685.13	1	1
7	1	633.52	1	1
7	1	717.52	1	1
7	1	700.28	1	1
7	1	666.2	1	1
7	1	867.32	1	1
7	1	762.98	1	1
7	1	760.96	1	1
7	1	756.76	1	1
7	1	841	1	1
7	1	697.36	1	1
7	1	635.95	1	1
7	1	571.57	1	1
7	1	651.89	1	1
7	1	697.3	1	1
7	1	678.14	1	1
7	1	1039.5	1	1
7	1	770.21	1	1
7	1	745.03	1	1
7	1	737.73	1	1
7	1	773.91	1	1
7	1	677.37	1	1
7	1	667.83	1	1
7	1	768.8	1	1
7	1	791.66	1	1
7	1	817.32	1	1
7	1	835.43	1	1
7	1	754.5	1	1
7	1	566.88	1	1
7	1	974.34	1	1
7	1	741.41	1	1
7	1	747.12	1	1
7	1	810.85	1	1
7	1	632.63	1	1
7	1	587.05	1	1
7	1	559.71	1	1
7	1	612.89	1	1
7	1	647.71	1	1
7	1	752.04	1	1
7	1	648.07	1	1
7	1	805.94	1	1
7	1	786.96	1	1
7	1	579.34	1	1
7	1	657.09	1	1
7	1	650.74	1	1
7	1	656.11	1	1
7	1	573.93	1	1
7	1	612.49	1	1
7	1	614.9	1	1
7	1	749.6	1	1
7	1	684.91	1	1
7	1	687.46	1	1
7	1	582.29	1	1
7	1	553.1	1	1
7	1	570.4	1	1
7	1	762.87	1	1
7	1	815.7	1	1
7	1	597.95	1	1
7	1	625.72	1	1
7	1	663.97	1	1
7	1	613.4	1	1
7	1	613.22	1	1
7	1	671.62	1	1
7	1	652.08	1	1
7	1	722.4	1	1
7	1	647.36	1	1
7	1	647.95	1	1
7	1	625.1	1	1
7	1	677.76	1	1
7	1	666.45	1	1
7	1	632.02	1	1
7	1	756.1	1	1
7	1	710.17	1	1
7	1	701.9	1	1
7	1	625.37	1	1
7	1	665.49	1	1
7	1	791.59	1	1
7	1	724.65	1	1
7	1	712.72	1	1
7	1	730.7	1	1
7	1	621.15	1	1
7	1	567.81	1	1
7	1	596.46	1	1
7	1	698.25	1	1
7	1	662.39	1	1
7	1	753.96	1	1
7	1	607.03	1	1
7	1	672.69	1	1
7	1	644.63	1	1
7	1	502.11	1	1
7	1	715.41	1	1
7	1	614.61	1	1
7	1	580.53	1	1
7	1	626.64	1	1
7	1	647.12	1	1
7	1	759.67	1	1
7	1	672.76	1	1
7	1	685.97	1	1
7	1	712.72	1	1
7	1	671.75	1	1
7	1	739.41	1	1
7	1	645.64	1	1
7	1	776.18	1	1
7	1	561.55	1	1
7	1	543.75	1	1
7	1	622.83	1	1
7	1	627.04	1	1
7	1	631.79	1	1
7	1	597.17	1	1
7	1	635.62	1	1
7	1	748.77	1	1
7	1	617.01	1	1
7	1	720.5	1	1
7	1	721.57	1	1
7	1	838.26	1	1
7	1	731.09	1	1
7	1	605.27	1	1
7	1	559.39	1	1
7	1	655.94	1	1
7	1	630.46	1	1
7	1	556.01	1	1
7	1	584.38	1	1
7	1	729.12	1	1
7	1	926.83	1	1
7	1	704.21	1	1
7	1	713.02	1	1
7	1	786.44	1	1
7	1	732.44	1	1
7	1	596.42	1	1
7	1	703.06	1	1
7	1	697.35	1	1
7	1	654.57	1	1
7	1	599.06	1	1
7	1	592.06	1	1
7	1	662.91	1	1
7	1	633.84	1	1
7	1	598.68	1	1
7	1	784.51	1	1
7	1	676.19	1	1
7	1	580.4	1	1
7	1	863.73	1	1
7	1	621.19	1	1
7	1	616.45	1	1
7	1	615.64	1	1
7	1	624.01	1	1
7	1	655.14	1	1
7	1	612.23	1	1
7	1	530.65	1	1
7	1	488.99	1	1
7	1	585.62	1	1
7	1	687.23	1	1
7	1	652.17	1	1
7	1	568.15	1	1
7	1	549.64	1	1
7	1	673.11	1	1
7	1	771.9	1	1
7	1	614.89	1	1
7	1	619.36	1	1
7	1	537.58	1	1
7	1	748.8	1	1
7	1	505.84	1	1
7	1	533.05	1	1
7	1	687.85	1	1
7	1	539.1	1	1
7	1	594.34	1	1
7	1	590.58	1	1
7	1	619.59	1	1
7	1	613.67	1	1
7	1	545.86	1	1
7	1	601.32	1	1
7	1	555.98	1	1
7	1	480.62	1	1
7	1	565.97	1	1
7	1	549.13	1	1
7	1	560.35	1	1
7	1	527.45	1	1
7	1	604.6	1	1
7	1	622.37	1	1
7	1	570.07	1	1
7	1	591.35	1	1
7	1	624.25	1	1
7	1	546.2	1	1
7	1	546.76	1	1
7	1	607	1	1
7	1	583.85	1	1
7	1	684.66	1	1
7	1	569.2	1	1
7	1	627.06	1	1
7	1	797.02	1	1
7	1	623.28	1	1
7	1	590	1	1
7	1	530.77	1	1
7	1	501.95	1	1
7	1	615.1	1	1
7	1	608.38	1	1
7	1	724.2	1	1
7	1	595.3	1	1
7	1	711.54	1	1
7	1	717.64	1	1
7	1	683.38	1	1
7	1	590.4	1	1
7	1	656.36	1	1
7	1	619.49	1	1
7	1	550.6	1	1
7	1	698.14	1	1
7	1	609.24	1	1
7	1	767.99	1	1
7	1	632.72	1	1
7	1	589.16	1	1
7	1	656.57	1	1
7	1	624.91	1	1
7	1	1292.5	1	1
7	1	499.25	1	1
7	1	576.07	1	1
7	1	713.39	1	1
7	1	708.16	1	1
7	1	596.93	1	1
7	1	664.37	1	1
7	1	754.15	1	1
7	1	618.54	1	1
7	1	831.45	1	1
7	1	707.93	1	1
7	1	664.11	1	1
7	1	688.23	1	1
7	1	631.34	1	1
7	1	661.73	1	1
7	1	1053.6	1	2
7	1	1401.6	0	2
7	1	701.17	1	2
7	1	1088.6	1	2
7	1	882.64	1	2
7	1	1263.4	1	2
7	1	1359.3	1	2
7	1	1117.4	1	2
7	1	1282.6	1	2
7	1	1011.9	1	2
7	1	753.47	1	2
7	1	766.18	1	2
7	1	2124.3	1	2
7	1	859.26	1	2
7	1	1119.5	1	2
7	1	1153.4	1	2
7	1	786.55	1	2
7	1	918.15	1	2
7	1	721.59	1	2
7	1	1028.8	1	2
7	1	954.86	1	2
7	1	652.84	1	2
7	1	945.18	0	2
7	1	766.21	1	2
7	1	1104	1	2
7	1	918.63	1	2
7	1	927.42	1	2
7	1	960.77	1	2
7	1	854.49	1	2
7	1	1550.3	1	2
7	1	801.58	1	2
7	1	1563.2	1	2
7	1	714.25	1	2
7	1	618.15	1	2
7	1	1886.8	1	2
7	1	1557.5	1	2
7	1	915.82	1	2
7	1	686.56	1	2
7	1	717.35	1	2
7	1	890.79	1	2
7	1	883.01	1	2
7	1	1541.4	1	2
7	1	1045.5	1	2
7	1	843.24	1	2
7	1	1052.7	1	2
7	1	638.27	1	2
7	1	948.09	1	2
7	1	1131.3	1	2
7	1	1091.2	1	2
7	1	853.21	1	2
7	1	1497.1	1	2
7	1	899.95	1	2
7	1	744.3	1	2
7	1	1129.2	1	2
7	1	876.52	1	2
7	1	681.1	1	2
7	1	861.57	1	2
7	1	946.07	1	2
7	1	959.67	1	2
7	1	957.48	1	2
7	1	766.95	1	2
7	1	737.92	1	2
7	1	959.84	1	2
7	1	1173.5	1	2
7	1	844.51	1	2
7	1	800.59	1	2
7	1	825.39	1	2
7	1	1009.2	1	2
7	1	1031.4	1	2
7	1	987.67	1	2
7	1	1017.4	1	2
7	1	934.14	1	2
7	1	1606.8	1	2
7	1	599.63	1	2
7	1	826.46	1	2
7	1	1012.8	1	2
7	1	1559.2	1	2
7	1	926.09	1	2
7	1	1440	1	2
7	1	636.37	1	2
7	1	797.91	1	2
7	1	811.36	1	2
7	1	1096.2	1	2
7	1	625.27	1	2
7	1	1268.8	1	2
7	1	835.32	1	2
7	1	846.83	1	2
7	1	912.07	1	2
7	1	1049.1	1	2
7	1	885.18	1	2
7	1	1008.2	1	2
7	1	1243.9	1	2
7	1	1338.2	1	2
7	1	1082.3	1	2
7	1	1404	1	2
7	1	1074.7	1	2
7	1	1058.1	1	2
7	1	795.3	1	2
7	1	844.64	0	2
7	1	1119.5	1	2
7	1	1107.5	1	2
7	1	788.65	1	2
7	1	876.71	1	2
7	1	915.79	1	2
7	1	1110.6	1	2
7	1	641.16	1	2
7	1	1062.9	1	2
7	1	816.4	1	2
7	1	999.48	1	2
7	1	924.8	1	2
7	1	611.01	1	2
7	1	578.96	1	2
7	1	1060.6	1	2
7	1	865.27	1	2
7	1	1000.1	1	2
7	1	1523.5	1	2
7	1	937.87	1	2
7	1	930.42	1	2
7	1	1151	0	2
7	1	1159.8	1	2
7	1	950.82	1	2
7	1	608.79	1	2
7	1	942.93	1	2
7	1	1383.2	1	2
7	1	885.22	1	2
7	1	713.01	1	2
7	1	863.71	1	2
7	1	1233.5	1	2
7	1	1391.8	1	2
7	1	975.32	1	2
7	1	644.44	1	2
7	1	550.42	1	2
7	1	903.33	1	2
7	1	1192.9	1	2
7	1	934.46	1	2
7	1	950.48	1	2
7	1	761.61	1	2
7	1	1618.8	1	2
7	1	769.78	1	2
7	1	1473.4	1	2
7	1	717	1	2
7	1	623.06	1	2
7	1	925.06	1	2
7	1	1064.6	1	2
7	1	1097.7	1	2
7	1	891.94	1	2
7	1	966.39	1	2
7	1	980.71	1	2
7	1	1003.2	1	2
7	1	1476.9	1	2
7	1	872.25	1	2
7	1	1028	1	2
7	1	1249.7	1	2
7	1	1242.8	1	2
7	1	957.89	1	2
7	1	855.35	1	2
7	1	1091	1	2
7	1	789.59	1	2
7	1	1204.1	1	2
7	1	787.18	1	2
7	1	1053.5	1	2
7	1	1085.5	1	2
7	1	956.47	1	2
7	1	899.22	1	2
7	1	1406.8	1	2
7	1	651.59	1	2
7	1	722.37	1	2
7	1	1169.6	1	2
7	1	1736.6	1	2
7	1	1933.3	1	2
7	1	975.31	1	2
7	1	2371.2	1	2
7	1	1308.5	1	2
7	1	1056.2	1	2
7	1	1083.4	1	2
7	1	1476.2	1	2
7	1	710.12	1	2
7	1	764.37	1	2
7	1	908.73	1	2
7	1	2875.8	1	2
7	1	985.3	1	2
7	1	2638.8	0	2
7	1	878.52	1	2
7	1	612.72	1	2
7	1	872	1	2
7	1	899.91	0	2
7	1	2170.9	1	2
7	1	778.77	1	2
7	1	1026.6	1	2
7	1	892.17	1	2
7	1	617.72	1	2
7	1	1005.2	1	2
7	1	806.35	1	2
7	1	585.22	1	2
7	1	2199.3	1	2
7	1	1085.5	1	2
7	1	1044.4	1	2
7	1	1410	1	2
7	1	623.67	1	2
7	1	931.46	1	2
7	1	1125.8	1	2
7	1	1150.3	1	2
7	1	1075.8	1	2
7	1	1230.9	1	2
7	1	758.32	1	2
7	1	839.93	1	2
7	1	884.62	1	2
7	1	930.57	1	2
7	1	1049	1	2
7	1	1121	1	2
7	1	1712.7	1	2
7	1	879.16	1	2
7	1	2261.2	0	2
7	1	798.68	1	2
7	1	2566.1	1	2
7	1	1015.8	1	2
7	1	714.54	1	2
7	1	1114.8	1	2
7	1	2317.7	1	2
7	1	1337.3	1	2
7	1	779.38	1	2
7	1	1511.2	1	2
7	1	925.69	1	2
7	1	1323.5	1	2
7	1	2301.1	1	2
7	1	973.71	1	2
7	1	866.97	1	2
7	1	912.68	1	2
7	1	907.17	1	2
7	1	1207.9	1	2
7	1	788.48	1	2
7	1	896.44	1	2
7	1	910.29	1	2
7	1	642.01	1	2
7	1	1131.1	1	2
7	1	1000.2	0	2
7	1	1283.7	0	2
7	1	1118.3	1	2
7	1	871.5	1	2
7	1	2177.9	1	2
7	1	675.29	1	2
7	1	1303.8	1	2
7	1	1173.4	1	2
7	1	1263.1	1	2
7	1	2322.5	1	2
7	1	846.86	1	2
7	1	865.71	1	2
7	1	853.48	1	2
7	1	1404.5	1	2
7	1	649.66	1	2
7	1	1680.9	1	2
7	1	761.33	1	2
7	1	1125.8	1	2
7	1	1207.4	1	2
7	1	769.31	1	2
7	1	1295.5	1	2
7	1	2640.9	0	2
7	1	767.63	1	2
7	1	766.19	1	2
7	1	898.55	1	2
7	1	1393.1	1	2
7	1	797.5	1	2
7	1	2447.3	1	2
7	1	783.57	1	2
7	1	1665.5	1	2
7	1	814.96	1	2
7	1	842.73	1	2
7	1	883.36	1	2
7	1	1211.6	1	2
7	1	2092.4	1	2
7	1	933.12	1	2
7	1	2210.1	0	2
7	1	696.68	1	2
7	1	899.88	1	2
7	1	861.22	1	2
7	1	813.9	1	2
7	1	748.01	1	2
7	1	737.13	1	2
7	1	623.33	1	2
7	1	635.76	1	2
7	1	1527.5	1	2
7	1	1548.2	1	2
7	1	779.65	1	2
7	1	844.75	1	2
7	1	979.05	1	2
7	1	823.02	1	2
7	1	1396.9	0	2
7	1	1434.9	1	2
7	1	1249.2	1	2
7	1	914.86	1	2
7	1	1426.9	1	2
7	1	905.49	1	2
7	1	1152.3	1	2
7	1	714.07	1	2
7	1	579.71	1	2
7	1	867.68	0	2
7	1	653.56	1	2
7	1	786.54	1	2
7	1	1410.3	1	2
7	1	856.67	1	2
7	1	971.29	1	2
7	1	915.22	1	2
7	1	726.12	1	2
7	1	1686.8	1	2
7	1	899.11	1	2
7	1	928.87	1	2
7	1	705.94	1	2
7	1	776.42	1	2
7	1	1399.1	1	2
7	1	910.55	1	2
7	1	694.68	1	2
7	1	656.44	1	2
7	1	944.83	1	2
7	1	849.84	1	2
7	1	715.31	1	2
7	1	1220.9	1	2
7	1	667.19	1	2
7	1	679.59	1	2
7	1	558.86	1	2
7	1	828.61	1	2
7	1	743.64	1	2
7	1	713.17	1	2
7	1	736.49	1	2
7	1	980.08	1	2
7	1	810.35	1	2
7	1	654.09	1	2
7	1	711.64	1	2
7	1	729.32	1	2
7	1	1093.4	1	2
7	1	861.81	1	2
7	1	862.73	1	2
7	1	820.3	1	2
7	1	649.51	1	2
7	1	610.64	1	2
7	1	751.58	1	2
7	1	812.83	1	2
7	1	1333.7	1	2
7	1	914.73	1	2
7	1	758.01	1	2
7	1	889.34	1	2
7	1	804.11	1	2
7	1	1003.8	1	2
7	1	800	1	2
7	1	793.89	1	2
7	1	1030.6	1	2
7	1	1187.8	1	2
7	1	679.68	1	2
7	1	763	1	2
7	1	1094.3	1	2
7	1	663.94	1	2
7	1	1403.1	1	3
7	1	2766.7	0	3
7	1	860.82	1	3
7	1	972.45	1	3
7	1	808.39	1	3
7	1	1338.3	1	3
7	1	1625.5	1	3
7	1	945.17	1	3
7	1	1044.4	1	3
7	1	943.12	1	3
7	1	708.56	1	3
7	1	925.5	1	3
7	1	805.69	1	3
7	1	899.03	1	3
7	1	999.31	1	3
7	1	950.34	1	3
7	1	1027.8	1	3
7	1	782.91	1	3
7	1	930.49	1	3
7	1	1857.1	1	3
7	1	948.17	1	3
7	1	898.6	1	3
7	1	843.7	1	3
7	1	646.67	1	3
7	1	1035.7	1	3
7	1	961.75	1	3
7	1	1840.6	1	3
7	1	1061.7	1	3
7	1	771.32	1	3
7	1	729.84	1	3
7	1	845.98	1	3
7	1	1070.5	1	3
7	1	1568.4	1	3
7	1	844.29	1	3
7	1	1527.7	1	3
7	1	1227	1	3
7	1	872.29	1	3
7	1	1093.9	0	3
7	1	892.66	1	3
7	1	945.77	1	3
7	1	1246.4	1	3
7	1	1021	1	3
7	1	914.79	1	3
7	1	1119.8	1	3
7	1	1085.9	1	3
7	1	786.81	1	3
7	1	843.76	1	3
7	1	850.35	1	3
7	1	843.23	1	3
7	1	1011.5	1	3
7	1	1100.8	1	3
7	1	790.6	1	3
7	1	1339.8	1	3
7	1	836.65	1	3
7	1	770.43	1	3
7	1	912.4	1	3
7	1	941.23	1	3
7	1	1186.8	1	3
7	1	948.24	1	3
7	1	739.92	1	3
7	1	1001.1	0	3
7	1	892.94	1	3
7	1	807.68	1	3
7	1	912.53	1	3
7	1	816.77	1	3
7	1	850.68	1	3
7	1	788.28	1	3
7	1	762.71	1	3
7	1	722.83	1	3
7	1	826.14	1	3
7	1	976.24	1	3
7	1	823.74	1	3
7	1	767.61	1	3
7	1	869.44	1	3
7	1	886.56	1	3
7	1	731.95	1	3
7	1	863.79	1	3
7	1	913.65	1	3
7	1	1068.9	1	3
7	1	933.58	1	3
7	1	822.27	1	3
7	1	805.33	1	3
7	1	800.15	1	3
7	1	1251.3	1	3
7	1	950.24	1	3
7	1	887.92	1	3
7	1	741.56	1	3
7	1	741.2	1	3
7	1	858.54	1	3
7	1	726.75	1	3
7	1	874.62	1	3
7	1	988.63	1	3
7	1	1076.3	1	3
7	1	820.8	1	3
7	1	879.41	1	3
7	1	692.01	1	3
7	1	793.86	1	3
7	1	774.07	1	3
7	1	793.59	1	3
7	1	818.36	1	3
7	1	868.72	1	3
7	1	780.4	1	3
7	1	728.69	1	3
7	1	724.24	1	3
7	1	706.43	1	3
7	1	836.78	1	3
7	1	990.5	1	3
7	1	812.82	1	3
7	1	878.87	1	3
7	1	849.61	1	3
7	1	612.22	1	3
7	1	671.72	1	3
7	1	679.8	1	3
7	1	738.87	1	3
7	1	920.7	1	3
7	1	1652.1	1	3
7	1	839.35	1	3
7	1	643.95	1	3
7	1	831.22	1	3
7	1	711.46	1	3
7	1	734.81	1	3
7	1	699.97	1	3
7	1	796.26	1	3
7	1	779.02	1	3
7	1	836.97	1	3
7	1	741.18	1	3
7	1	893.79	1	3
7	1	881.03	1	3
7	1	1055.2	1	3
7	1	706.49	1	3
7	1	1143.5	1	3
7	1	1030.6	1	3
7	1	955.42	1	3
7	1	789.06	1	3
7	1	935.26	1	3
7	1	738.43	1	3
7	1	1000.3	1	3
7	1	878.53	1	3
7	1	781.44	1	3
7	1	1027.3	1	3
7	1	973.34	1	3
7	1	1393	1	3
7	1	1000.1	1	3
7	1	1074.9	1	3
7	1	1108.7	1	3
7	1	1082	1	3
7	1	753.93	1	3
7	1	776.98	1	3
7	1	1081.2	1	3
7	1	1232.5	1	3
7	1	952.67	1	3
7	1	988.85	1	3
7	1	1001.7	1	3
7	1	1206.2	1	3
7	1	1062.4	1	3
7	1	837.15	1	3
7	1	1033.1	1	3
7	1	911.3	1	3
7	1	837.84	1	3
7	1	799.01	1	3
7	1	1284.3	1	3
7	1	1236.4	1	3
7	1	946.48	1	3
7	1	803.3	1	3
7	1	860.5	1	3
7	1	720.63	1	3
7	1	697.48	1	3
7	1	1191.9	1	3
7	1	1294.9	1	3
7	1	731.27	1	3
7	1	800.16	1	3
7	1	716.79	1	3
7	1	801.92	1	3
7	1	908.4	1	3
7	1	977	1	3
7	1	1186.7	1	3
7	1	834.44	1	3
7	1	851.84	1	3
7	1	921.43	1	3
7	1	902.61	1	3
7	1	1026.7	1	3
7	1	853.62	1	3
7	1	747.03	1	3
7	1	722.2	1	3
7	1	1017	1	3
7	1	1318.1	1	3
7	1	1209	1	3
7	1	1123.2	1	3
7	1	862.48	1	3
7	1	798.79	1	3
7	1	671.91	1	3
7	1	844.93	1	3
7	1	783.97	1	3
7	1	939.58	1	3
7	1	892.91	1	3
7	1	874.89	1	3
7	1	796.28	1	3
7	1	1107.2	1	3
7	1	732.85	1	3
7	1	746.64	1	3
7	1	795.45	1	3
7	1	3059.6	0	3
7	1	1053.4	1	3
7	1	806.79	1	3
7	1	853.58	1	3
7	1	953.89	1	3
7	1	881.89	1	3
7	1	898.94	1	3
7	1	976.42	1	3
7	1	897.81	1	3
7	1	994.78	1	3
7	1	1039.5	1	3
7	1	824.27	1	3
7	1	837.95	1	3
7	1	1092.8	1	3
7	1	781.38	1	3
7	1	677.09	1	3
7	1	701.9	1	3
7	1	704.56	1	3
7	1	1595.4	0	3
7	1	668.15	1	3
7	1	839.87	1	3
7	1	821.22	1	3
7	1	998.03	1	3
7	1	751.02	1	3
7	1	642.58	1	3
7	1	982.33	1	3
7	1	706.53	1	3
7	1	829.37	1	3
7	1	811.78	1	3
7	1	808.81	1	3
7	1	965.57	1	3
7	1	842.91	1	3
7	1	780.03	1	3
7	1	1202	1	3
7	1	764.33	1	3
7	1	1017.6	1	3
7	1	1189.3	1	3
7	1	1163.9	1	3
7	1	883.29	1	3
7	1	882.02	1	3
7	1	884.36	1	3
7	1	715.67	1	3
7	1	908.38	1	3
7	1	710.9	1	3
7	1	828.9	1	3
7	1	631.58	1	3
7	1	1069.6	1	3
7	1	1050.8	1	3
7	1	1880.2	1	3
7	1	805.86	1	3
7	1	1062.9	1	3
7	1	1154.1	1	3
7	1	805.97	1	3
7	1	1125.1	1	3
7	1	929.02	1	3
7	1	966.29	1	3
7	1	961.77	1	3
7	1	815.19	1	3
7	1	747.78	1	3
7	1	913.57	1	3
7	1	2038.3	1	3
7	1	985.38	1	3
7	1	921.35	1	3
7	1	667.8	1	3
7	1	737.54	1	3
7	1	737.17	1	3
7	1	665.72	1	3
7	1	609.55	1	3
7	1	973.04	1	3
7	1	752.01	1	3
7	1	668.55	1	3
7	1	651.45	1	3
7	1	957.45	1	3
7	1	666.78	1	3
7	1	653.1	1	3
7	1	590.69	1	3
7	1	832.16	1	3
7	1	895.4	1	3
7	1	634.6	1	3
7	1	826.36	1	3
7	1	588.28	1	3
7	1	693.5	1	3
7	1	741.41	1	3
7	1	708.65	1	3
7	1	800.45	1	3
7	1	778.62	1	3
7	1	850.7	1	3
7	1	1083.8	1	3
7	1	726.14	1	3
7	1	670.35	1	3
7	1	755.61	1	3
7	1	551.49	1	3
7	1	1293.8	1	3
7	1	849.38	1	3
7	1	712.47	1	3
7	1	659.18	1	3
7	1	685.3	1	3
7	1	887.73	1	3
7	1	760.41	1	3
7	1	592.87	1	3
7	1	1051.2	1	3
7	1	617.75	1	3
7	1	1116.9	1	3
7	1	651.62	1	3
7	1	651.18	1	3
7	1	665.77	1	3
7	1	730.47	1	3
7	1	708.43	1	3
7	1	995.02	1	3
7	1	866.4	1	3
7	1	750.49	1	3
7	1	686.23	1	3
7	1	712.77	1	3
7	1	669.78	1	3
7	1	722.81	1	3
7	1	630.45	1	3
7	1	621.93	1	3
7	1	767.26	1	3
7	1	862.54	1	3
7	1	661.48	1	3
7	1	814.12	1	3
7	1	753.87	1	3
7	1	906.99	1	3
7	1	896.58	1	3
7	1	879.82	1	3
7	1	588.49	1	3
7	1	1046.3	1	3
7	1	745.8	1	3
7	1	610.42	1	3
7	1	691.84	1	3
7	1	671.22	1	3
7	1	764.58	1	3
7	1	773.87	1	3
7	1	721.56	1	3
7	1	703.84	1	3
7	1	910.71	1	3
7	1	803.16	1	3
7	1	917.62	1	3
7	1	1320.6	1	3
7	1	754.85	1	3
7	1	688.96	1	3
7	1	745.76	1	3
7	1	761.08	1	3
7	1	793.66	1	3
7	1	787.77	1	3
7	1	667.15	1	3
7	1	679.31	1	3
7	1	795.98	1	3
7	1	932.03	0	4
7	1	1272.6	0	4
7	1	1184.9	0	4
7	1	832.64	0	4
7	1	1657.9	1	4
7	1	1416.4	1	4
7	1	1078.5	1	4
7	1	965.84	0	4
7	1	1054.1	0	4
7	1	1641.6	0	4
7	1	2801.1	0	4
7	1	1587.8	0	4
7	1	1034.7	1	4
7	1	837.75	0	4
7	1	1238.7	1	4
7	1	1162.9	0	4
7	1	1018.3	1	4
7	1	1173.8	1	4
7	1	1310.8	1	4
7	1	1098.2	1	4
7	1	891.38	1	4
7	1	1101.3	1	4
7	1	878.51	1	4
7	1	886.09	1	4
7	1	1030	1	4
7	1	1644.9	1	4
7	1	925.93	1	4
7	1	1023.4	1	4
7	1	1741.2	1	4
7	1	1316.6	0	4
7	1	799.55	1	4
7	1	1250	1	4
7	1	1212.7	1	4
7	1	1656.3	1	4
7	1	948.56	1	4
7	1	1668.4	1	4
7	1	907.39	1	4
7	1	1221.4	1	4
7	1	1470.4	1	4
7	1	1408.7	1	4
7	1	1029.4	1	4
7	1	1130.7	1	4
7	1	1231.9	1	4
7	1	1196.7	1	4
7	1	1089.3	1	4
7	1	1150.3	1	4
7	1	1301.2	1	4
7	1	704.31	1	4
7	1	931.92	1	4
7	1	1528.6	1	4
7	1	1933.6	1	4
7	1	1326.4	1	4
7	1	977.03	1	4
7	1	1330.5	1	4
7	1	1068.7	1	4
7	1	842	1	4
7	1	936.5	1	4
7	1	1277.5	1	4
7	1	1080.1	1	4
7	1	908.85	1	4
7	1	2702.4	0	4
7	1	2172.3	1	4
7	1	1233.5	1	4
7	1	1184.6	1	4
7	1	1447.3	0	4
7	1	892.53	1	4
7	1	1049.2	1	4
7	1	938.38	1	4
7	1	1000.5	1	4
7	1	1516.4	0	4
7	1	1418.8	1	4
7	1	1416.4	0	4
7	1	981.83	1	4
7	1	905.73	1	4
7	1	837.39	1	4
7	1	1120.4	1	4
7	1	954.94	1	4
7	1	782.15	1	4
7	1	1230.4	1	4
7	1	1130.7	1	4
7	1	1184.1	1	4
7	1	1215.9	1	4
7	1	1690.9	0	4
7	1	981.31	1	4
7	1	1419.1	1	4
7	1	1530.1	1	4
7	1	1001.4	1	4
7	1	1491.8	1	4
7	1	1842.2	1	4
7	1	1390	1	4
7	1	1075.2	1	4
7	1	1024.8	1	4
7	1	1095.2	1	4
7	1	1330.1	1	4
7	1	1120.4	1	4
7	1	1607.4	1	4
7	1	873.5	1	4
7	1	1016.8	1	4
7	1	2001.6	1	4
7	1	1305.1	1	4
7	1	846.36	1	4
7	1	1199.2	1	4
7	1	666.94	1	4
7	1	1014.9	1	4
7	1	1227.6	1	4
7	1	865.83	1	4
7	1	1085.6	1	4
7	1	1025.3	1	4
7	1	1023.1	1	4
7	1	951.96	1	4
7	1	1246.6	1	4
7	1	2219.3	1	4
7	1	941.72	1	4
7	1	893.4	1	4
7	1	998.92	1	4
7	1	2235.7	1	4
7	1	958.52	1	4
7	1	770.18	1	4
7	1	889.03	1	4
7	1	1092.2	1	4
7	1	954.22	1	4
7	1	1305.1	1	4
7	1	1261.6	1	4
7	1	837.82	1	4
7	1	1334.2	1	4
7	1	1192.6	1	4
7	1	1248.5	1	4
7	1	744.84	1	4
7	1	830.75	1	4
7	1	941.08	1	4
7	1	964.82	1	4
7	1	1310.1	1	4
7	1	1175.5	1	4
7	1	1084.3	1	4
7	1	1047.4	1	4
7	1	1062.8	1	4
7	1	1294.4	1	4
7	1	1081.8	1	4
7	1	1187	1	4
7	1	912.94	1	4
7	1	1985.3	0	4
7	1	976.79	1	4
7	1	1099.1	1	4
7	1	991.35	1	4
7	1	1158.8	1	4
7	1	2212.8	1	4
7	1	1083.6	1	4
7	1	949.45	1	4
7	1	635.17	1	4
7	1	1374.8	1	4
7	1	1952	0	4
7	1	1580.9	0	4
7	1	1765.2	1	4
7	1	1655.2	1	4
7	1	1533.8	1	4
7	1	1496.9	1	4
7	1	1406.5	1	4
7	1	882.06	1	4
7	1	1766.5	1	4
7	1	1060.1	1	4
7	1	2824.1	1	4
7	1	1410.8	1	4
7	1	1264.2	1	4
7	1	1464.3	1	4
7	1	1208.1	1	4
7	1	822.25	1	4
7	1	1189.5	1	4
7	1	1008.9	1	4
7	1	1032.8	1	4
7	1	1620.1	1	4
7	1	1085.6	1	4
7	1	894.64	1	4
7	1	936.62	1	4
7	1	858.98	1	4
7	1	1448.8	1	4
7	1	1257.1	1	4
7	1	1029.4	1	4
7	1	843.32	1	4
7	1	717.01	1	4
7	1	1508.9	1	4
7	1	1737.2	1	4
7	1	966.03	1	4
7	1	888.73	1	4
7	1	759.96	1	4
7	1	909.56	1	4
7	1	1640.8	1	4
7	1	1799.2	1	4
7	1	1320.9	1	4
7	1	1203.1	1	4
7	1	941.04	1	4
7	1	1436.3	1	4
7	1	780.68	1	4
7	1	996.76	1	4
7	1	813.63	0	4
7	1	928.45	1	4
7	1	3184.1	1	4
7	1	1418.3	1	4
7	1	1290.1	1	4
7	1	718.77	1	4
7	1	1950.1	1	4
7	1	1235.4	1	4
7	1	2125.9	1	4
7	1	1923.8	1	4
7	1	1187.3	1	4
7	1	813.4	1	4
7	1	1169.6	1	4
7	1	915.52	1	4
7	1	855.41	1	4
7	1	854.15	1	4
7	1	1138	1	4
7	1	1821	1	4
7	1	2508.4	1	4
7	1	1259.9	1	4
7	1	931.07	1	4
7	1	1597.1	1	4
7	1	933.44	1	4
7	1	1224.7	1	4
7	1	931.07	1	4
7	1	830.78	1	4
7	1	1203.3	1	4
7	1	1053.9	1	4
7	1	813.3	1	4
7	1	1111	1	4
7	1	1058.7	1	4
7	1	1335.2	1	4
7	1	983.62	1	4
7	1	937.17	1	4
7	1	1004.7	1	4
7	1	1034.2	1	4
7	1	1445	1	4
7	1	938.57	1	4
7	1	1032.1	1	4
7	1	1114.5	1	4
7	1	699.11	1	4
7	1	633.05	1	4
7	1	1405.4	1	4
7	1	1007.1	1	4
7	1	924.81	1	4
7	1	765.9	1	4
7	1	958	1	4
7	1	1269.4	1	4
7	1	862.33	1	4
7	1	1038.8	1	4
7	1	1127	1	4
7	1	1382.9	1	4
7	1	1771.2	1	4
7	1	770.22	1	4
7	1	803.15	1	4
7	1	776.31	1	4
7	1	1903.1	1	4
7	1	2628.2	0	4
7	1	2954.6	1	4
7	1	939.22	1	4
7	1	1258.2	1	4
7	1	1244.3	1	4
7	1	2078.2	1	4
7	1	895.77	1	4
7	1	1337.4	1	4
7	1	1306	1	4
7	1	995.74	1	4
7	1	1334.1	1	4
7	1	1480.6	1	4
7	1	1091.1	1	4
7	1	1239.1	1	4
7	1	1366.8	1	4
7	1	707.13	1	4
7	1	1244.7	1	4
7	1	1068.8	1	4
7	1	2867.5	1	4
7	1	974.11	1	4
7	1	790.25	1	4
7	1	771.39	1	4
7	1	854.44	1	4
7	1	907.58	1	4
7	1	887.97	1	4
7	1	931.67	1	4
7	1	822.71	1	4
7	1	781.13	1	4
7	1	916.28	1	4
7	1	837.6	1	4
7	1	1517.5	1	4
7	1	906.72	1	4
7	1	788.64	1	4
7	1	796.12	1	4
7	1	603.82	1	4
7	1	588.73	1	4
7	1	870.85	1	4
7	1	1484.4	1	4
7	1	913.37	1	4
7	1	797.84	1	4
7	1	1837.3	1	4
7	1	2169.8	0	4
7	1	712.6	1	4
7	1	629.7	1	4
7	1	814.48	1	4
7	1	1637	1	4
7	1	742.63	1	4
7	1	610.17	1	4
7	1	1466.3	1	4
7	1	598.91	1	4
7	1	2116.3	0	4
7	1	902.87	1	4
7	1	799.91	1	4
7	1	785.25	1	4
7	1	730.47	1	4
7	1	717.2	1	4
7	1	760.21	1	4
7	1	860	1	4
7	1	685.08	1	4
7	1	920.97	1	4
7	1	735.51	1	4
7	1	1108.7	1	4
7	1	686.55	1	4
7	1	714.58	1	4
7	1	781.46	1	4
7	1	984.98	0	4
7	1	867.47	1	4
7	1	909.47	1	4
7	1	938.23	1	4
7	1	1563.9	1	4
7	1	1110.7	1	4
7	1	943.88	1	4
7	1	943.55	1	4
7	1	1156.7	1	4
7	1	1017.2	1	4
7	1	832.36	1	4
7	1	887.72	1	4
7	1	788.46	1	4
7	1	1213.4	1	4
7	1	1518.1	1	4
7	1	2237.7	1	4
7	1	841.74	1	4
7	1	846.02	1	4
7	1	1489.5	1	4
7	1	756.85	1	4
7	1	1205.6	1	4
7	1	1214.4	1	4
7	1	998.55	1	4
7	1	1031	1	4
7	1	954.37	1	4
7	1	2350	1	4
7	1	1793.3	1	4
7	1	2438.7	1	4
7	1	836.02	1	4
7	1	841.28	1	4
7	1	859.46	1	4
7	1	788.31	1	4
7	1	851.85	1	4
7	1	1006.3	1	4
7	1	1027.4	1	4
7	1	961.61	1	5
7	1	1482	0	5
7	1	1218	1	5
7	1	1112.4	1	5
7	1	1014.2	1	5
7	1	915.24	1	5
7	1	1370.2	1	5
7	1	861.44	1	5
7	1	2173.6	0	5
7	1	1688.3	0	5
7	1	1299.8	1	5
7	1	1071.2	1	5
7	1	903.28	1	5
7	1	900.35	1	5
7	1	892.62	1	5
7	1	793.64	1	5
7	1	929.79	1	5
7	1	1772.1	1	5
7	1	1389.6	0	5
7	1	915.46	1	5
7	1	853.23	1	5
7	1	1157	1	5
7	1	1012.5	1	5
7	1	790.63	1	5
7	1	1796.9	1	5
7	1	1141.2	0	5
7	1	866.84	1	5
7	1	944.76	1	5
7	1	1247.8	1	5
7	1	891.11	1	5
7	1	864.47	1	5
7	1	1158	0	5
7	1	1054.5	1	5
7	1	1001.2	1	5
7	1	764.79	1	5
7	1	749.73	1	5
7	1	807.26	1	5
7	1	1018.3	1	5
7	1	2136.7	0	5
7	1	911.44	1	5
7	1	1253	0	5
7	1	841.96	1	5
7	1	1147	1	5
7	1	929.35	1	5
7	1	1886.9	0	5
7	1	944.18	1	5
7	1	955.95	1	5
7	1	1026.7	1	5
7	1	865.31	1	5
7	1	1647.3	0	5
7	1	1133.2	0	5
7	1	1006.5	0	5
7	1	1367.1	0	5
7	1	1335.7	0	5
7	1	909.4	1	5
7	1	1126	1	5
7	1	1299.5	0	5
7	1	897.03	1	5
7	1	774.85	1	5
7	1	864.43	1	5
7	1	748.6	1	5
7	1	1563	0	5
7	1	1494.9	1	5
7	1	1144.2	1	5
7	1	1024.1	1	5
7	1	718.49	1	5
7	1	722.73	1	5
7	1	769.23	1	5
7	1	976.92	1	5
7	1	936.5	1	5
7	1	934.54	1	5
7	1	766.52	1	5
7	1	918.71	1	5
7	1	821.72	1	5
7	1	913.48	1	5
7	1	1040.1	1	5
7	1	837.8	1	5
7	1	748.48	1	5
7	1	1009.2	1	5
7	1	857.3	1	5
7	1	918.49	1	5
7	1	857.5	1	5
7	1	1519.6	1	5
7	1	737.37	1	5
7	1	843.77	1	5
7	1	767.16	1	5
7	1	842.99	1	5
7	1	758.32	1	5
7	1	690.79	1	5
7	1	769.58	1	5
7	1	1032.1	1	5
7	1	738.34	1	5
7	1	756.32	1	5
7	1	797.66	1	5
7	1	742.06	1	5
7	1	759.46	1	5
7	1	747.28	1	5
7	1	1006.4	1	5
7	1	986.62	1	5
7	1	814.13	1	5
7	1	862.46	1	5
7	1	783.93	1	5
7	1	785.65	1	5
7	1	855.13	1	5
7	1	679.35	1	5
7	1	821.26	1	5
7	1	2525.9	1	5
7	1	764.53	1	5
7	1	801.38	1	5
7	1	691.65	1	5
7	1	758.1	1	5
7	1	764.08	1	5
7	1	996.24	1	5
7	1	1304.2	0	5
7	1	2171.8	0	5
7	1	949.16	1	5
7	1	1043.5	1	5
7	1	782.81	1	5
7	1	2066	0	5
7	1	669.03	1	5
7	1	1027.5	1	5
7	1	716.31	1	5
7	1	686.88	0	5
7	1	1640.2	0	5
7	1	1183.9	1	5
7	1	858.68	1	5
7	1	729.02	1	5
7	1	726.5	1	5
7	1	1006.5	1	5
7	1	633.58	1	5
7	1	837.97	1	5
7	1	835.57	1	5
7	1	1118	1	5
7	1	790.41	1	5
7	1	832.79	1	5
7	1	812.19	0	5
7	1	672.83	1	5
7	1	916.37	1	5
7	1	708.33	1	5
7	1	861.5	1	5
7	1	3236	1	5
7	1	842.91	1	5
7	1	710.8	1	5
7	1	787.09	1	5
7	1	887.54	1	5
7	1	959.64	1	5
7	1	721.02	1	5
7	1	972.12	1	5
7	1	1077.9	1	5
7	1	967.92	1	5
7	1	1361.1	0	5
7	1	1003.3	0	5
7	1	1680.8	0	5
7	1	1569.3	1	5
7	1	1218.4	0	5
7	1	1149.8	1	5
7	1	1029.4	1	5
7	1	834.47	1	5
7	1	1039	1	5
7	1	1438.1	1	5
7	1	855.64	1	5
7	1	975.88	1	5
7	1	701.17	1	5
7	1	1082.1	1	5
7	1	1771.2	1	5
7	1	976.2	1	5
7	1	2620.6	0	5
7	1	1169	1	5
7	1	1832.7	1	5
7	1	978.05	1	5
7	1	893.13	1	5
7	1	864.7	1	5
7	1	1232.9	1	5
7	1	740.73	1	5
7	1	1040.4	1	5
7	1	808.07	1	5
7	1	1049.8	1	5
7	1	2154.3	1	5
7	1	1646.7	1	5
7	1	850.77	1	5
7	1	967.97	1	5
7	1	2405.7	1	5
7	1	1995.4	1	5
7	1	1307.6	1	5
7	1	1392.1	1	5
7	1	1935.6	1	5
7	1	1067	1	5
7	1	937.56	1	5
7	1	1266	1	5
7	1	847.02	1	5
7	1	833.74	1	5
7	1	1258.6	1	5
7	1	2115	1	5
7	1	1066.5	1	5
7	1	1296.7	1	5
7	1	1133.6	1	5
7	1	1346.6	1	5
7	1	929.11	1	5
7	1	962.61	1	5
7	1	1886.8	1	5
7	1	2014	1	5
7	1	1047.8	1	5
7	1	1068.9	1	5
7	1	2293.7	1	5
7	1	1315	1	5
7	1	1593.2	1	5
7	1	1087.3	1	5
7	1	1958.2	1	5
7	1	1563.9	1	5
7	1	1054.2	1	5
7	1	1593.7	1	5
7	1	1073.4	1	5
7	1	967.81	1	5
7	1	845.19	1	5
7	1	847.59	1	5
7	1	1596.8	1	5
7	1	1442.5	0	5
7	1	1457.1	1	5
7	1	964.98	1	5
7	1	1253.2	1	5
7	1	980.65	1	5
7	1	1285.4	1	5
7	1	1047.9	1	5
7	1	1082.5	1	5
7	1	836.37	1	5
7	1	748.22	1	5
7	1	928.44	1	5
7	1	969.58	1	5
7	1	1071.3	1	5
7	1	878.83	1	5
7	1	806.91	1	5
7	1	1039.7	1	5
7	1	725.55	1	5
7	1	790.26	1	5
7	1	906.32	1	5
7	1	817.84	1	5
7	1	3100.7	1	5
7	1	834.99	1	5
7	1	975.56	1	5
7	1	1516.7	1	5
7	1	1395.3	1	5
7	1	1358.8	1	5
7	1	1088.8	1	5
7	1	967.3	1	5
7	1	999.17	1	5
7	1	1646.1	1	5
7	1	847.52	1	5
7	1	616.66	1	5
7	1	1124.4	1	5
7	1	1946.7	1	5
7	1	1732.9	1	5
7	1	1515.1	1	5
7	1	1809.2	1	5
7	1	2241.5	1	5
7	1	912.37	1	5
7	1	956.75	1	5
7	1	888.54	1	5
7	1	2877.4	0	5
7	1	2396.8	1	5
7	1	990.64	1	5
7	1	926.08	1	5
7	1	991.3	1	5
7	1	1468.8	1	5
7	1	2322.8	0	5
7	1	869.65	1	5
7	1	1293.3	1	5
7	1	911.19	1	5
7	1	1048.8	1	5
7	1	920.51	1	5
7	1	2185.5	1	5
7	1	681.4	1	5
7	1	746.01	1	5
7	1	1085.4	1	5
7	1	1911.7	1	5
7	1	1245.7	1	5
7	1	696.79	1	5
7	1	1769	1	5
7	1	2060.3	0	5
7	1	3254.3	1	5
7	1	848.62	1	5
7	1	903.18	1	5
7	1	1140.4	1	5
7	1	611.5	1	5
7	1	981.83	1	5
7	1	701.62	1	5
7	1	926.57	1	5
7	1	1384.7	1	5
7	1	1358.2	1	5
7	1	1883.3	1	5
7	1	821.42	1	5
7	1	938.28	1	5
7	1	864.61	1	5
7	1	2113.2	1	5
7	1	863.29	1	5
7	1	723.8	1	5
7	1	718.08	1	5
7	1	931.68	1	5
7	1	2354	1	5
7	1	739.98	1	5
7	1	1022.1	1	5
7	1	729.64	1	5
7	1	1142.1	1	5
7	1	767.93	1	5
7	1	724.48	1	5
7	1	1522.1	0	5
7	1	1734.3	1	5
7	1	711.41	1	5
7	1	968.29	1	5
7	1	1163.8	1	5
7	1	1282.2	1	5
7	1	1601	1	5
7	1	884.95	1	5
7	1	1024.3	1	5
7	1	1759.2	1	5
7	1	1015.3	1	5
7	1	954.53	1	5
7	1	1106.8	1	5
7	1	1292.1	1	5
7	1	1112.2	1	5
7	1	991.49	1	5
7	1	2137.5	1	5
7	1	1028.2	1	5
7	1	1255.5	1	5
7	1	1450.2	1	5
7	1	806.72	1	5
7	1	1017.9	1	5
7	1	829.35	1	5
7	1	770.69	1	5
7	1	971.62	1	5
7	1	1691.9	1	5
7	1	3208.5	0	5
7	1	2105.8	1	5
7	1	870.8	1	5
7	1	1466.1	1	5
7	1	892.5	1	5
7	1	848.84	1	5
7	1	1396.9	1	5
7	1	1749.6	1	5
7	1	1516.4	1	5
7	1	2989.3	1	5
7	1	866.21	1	5
7	1	732.21	1	5
7	1	1382.2	1	5
7	1	884.66	1	5
7	1	841.25	1	5
7	1	1096.1	1	5
7	1	940	1	5
7	1	1389.7	1	5
7	1	1274.1	1	5
7	1	788.09	1	6
7	1	1062.6	1	6
7	1	945.59	1	6
7	1	925.71	1	6
7	1	834.92	1	6
7	1	897.77	1	6
7	1	2056.9	1	6
7	1	1084	1	6
7	1	978.06	1	6
7	1	970.62	1	6
7	1	3259.1	0	6
7	1	1498.5	0	6
7	1	1462.1	1	6
7	1	1052.3	1	6
7	1	852.1	1	6
7	1	1255.1	1	6
7	1	1216.2	1	6
7	1	898.25	1	6
7	1	1064.4	1	6
7	1	853.89	1	6
7	1	1554.4	1	6
7	1	914.19	1	6
7	1	863.58	1	6
7	1	866.14	1	6
7	1	1259.5	0	6
7	1	881.77	1	6
7	1	667.66	1	6
7	1	1327.2	0	6
7	1	1243.3	0	6
7	1	2680.6	0	6
7	1	1723.5	1	6
7	1	1022.4	1	6
7	1	885.82	1	6
7	1	853.32	1	6
7	1	1240.4	0	6
7	1	1339.6	0	6
7	1	919.83	1	6
7	1	773.65	1	6
7	1	1444.5	0	6
7	1	739.09	1	6
7	1	1370.1	1	6
7	1	722.49	1	6
7	1	1438.3	1	6
7	1	925.91	1	6
7	1	1264.5	1	6
7	1	787.07	1	6
7	1	1262.6	1	6
7	1	1174	1	6
7	1	1503.7	1	6
7	1	737.25	1	6
7	1	816.04	1	6
7	1	1034.4	1	6
7	1	1119.9	0	6
7	1	810.11	1	6
7	1	1445.9	1	6
7	1	1395	0	6
7	1	833.9	1	6
7	1	1576.3	1	6
7	1	1862	1	6
7	1	791.04	1	6
7	1	826.46	1	6
7	1	823.22	1	6
7	1	729.85	1	6
7	1	831.36	1	6
7	1	652.46	1	6
7	1	813.93	1	6
7	1	1123.4	0	6
7	1	1809.4	1	6
7	1	956.64	1	6
7	1	1013.4	1	6
7	1	1100.2	1	6
7	1	742.8	1	6
7	1	698.51	1	6
7	1	715.93	1	6
7	1	1304.9	1	6
7	1	749.57	1	6
7	1	1224.3	1	6
7	1	1214.8	1	6
7	1	1424.4	0	6
7	1	1903	1	6
7	1	1534.8	1	6
7	1	835.94	1	6
7	1	1359.8	1	6
7	1	1406.1	1	6
7	1	1038.8	1	6
7	1	1339.5	1	6
7	1	814.75	1	6
7	1	1025.8	1	6
7	1	763.73	1	6
7	1	901.43	1	6
7	1	714.19	1	6
7	1	710.58	1	6
7	1	776.28	1	6
7	1	1380.9	1	6
7	1	1284.6	1	6
7	1	722	1	6
7	1	749.24	1	6
7	1	629.13	1	6
7	1	811.18	1	6
7	1	917.29	1	6
7	1	773.54	1	6
7	1	769.75	1	6
7	1	859.78	1	6
7	1	912.56	1	6
7	1	678.76	1	6
7	1	1455.4	1	6
7	1	798.1	1	6
7	1	1687	1	6
7	1	1618.6	1	6
7	1	754.98	1	6
7	1	1543.4	1	6
7	1	632.58	1	6
7	1	811.3	1	6
7	1	709.29	1	6
7	1	1511.2	1	6
7	1	1088.5	1	6
7	1	781.43	1	6
7	1	969.99	1	6
7	1	1402.9	1	6
7	1	779.28	1	6
7	1	3041.8	1	6
7	1	2447.2	1	6
7	1	975.93	1	6
7	1	763.99	1	6
7	1	888.65	1	6
7	1	633.68	1	6
7	1	750.45	1	6
7	1	1871.9	1	6
7	1	2759.8	0	6
7	1	1638.5	1	6
7	1	949.82	1	6
7	1	1990.1	1	6
7	1	1616.9	1	6
7	1	1184.6	1	6
7	1	1497.2	1	6
7	1	929.4	1	6
7	1	864.78	1	6
7	1	1511.5	0	6
7	1	603.07	1	6
7	1	876.25	1	6
7	1	1152.5	1	6
7	1	973.94	1	6
7	1	1267	1	6
7	1	809.66	1	6
7	1	914.73	1	6
7	1	597.62	1	6
7	1	579.61	1	6
7	1	886.36	1	6
7	1	915.92	1	6
7	1	769.78	1	6
7	1	794.81	1	6
7	1	1555.3	1	6
7	1	2050.3	1	6
7	1	814.48	1	6
7	1	936.79	1	6
7	1	872.42	1	6
7	1	1431.4	1	6
7	1	752.48	1	6
7	1	1032.2	1	6
7	1	824.58	1	6
7	1	924.6	1	6
7	1	866.86	1	6
7	1	799.39	1	6
7	1	1859.6	1	6
7	1	640.39	1	6
7	1	1240	1	6
7	1	709.24	1	6
7	1	2260	0	6
7	1	620.28	1	6
7	1	1660.9	1	6
7	1	716.69	1	6
7	1	1855.7	1	6
7	1	1216.6	1	6
7	1	733.82	1	6
7	1	1078.9	1	6
7	1	932.45	1	6
7	1	1673.2	0	6
7	1	1541.2	0	6
7	1	1319.9	1	6
7	1	1286.9	1	6
7	1	990.37	1	6
7	1	995.51	1	6
7	1	1016.4	1	6
7	1	1571.8	1	6
7	1	2202.1	1	6
7	1	1137.3	1	6
7	1	986.96	1	6
7	1	794.42	1	6
7	1	760.34	1	6
7	1	829.87	1	6
7	1	2966.7	0	6
7	1	1635.8	1	6
7	1	1499.2	1	6
7	1	980.95	1	6
7	1	1240.9	1	6
7	1	1772	1	6
7	1	1935.4	1	6
7	1	1052.9	1	6
7	1	1115.4	1	6
7	1	2431.9	1	6
7	1	797.5	1	6
7	1	1229.2	1	6
7	1	754.44	1	6
7	1	1043.3	1	6
7	1	749.56	1	6
7	1	1158.9	1	6
7	1	954.25	1	6
7	1	913.44	1	6
7	1	1075.4	1	6
7	1	935.97	1	6
7	1	936.71	1	6
7	1	821.95	1	6
7	1	730.38	1	6
7	1	1065.7	1	6
7	1	3035.2	0	6
7	1	1858.6	1	6
7	1	984.08	1	6
7	1	1067.6	1	6
7	1	3228.4	1	6
7	1	664.48	1	6
7	1	544.29	1	6
7	1	961.25	1	6
7	1	1221.6	1	6
7	1	748.51	1	6
7	1	770.21	1	6
7	1	1252.5	1	6
7	1	848.77	1	6
7	1	807.01	1	6
7	1	2596.2	1	6
7	1	2471.8	0	6
7	1	1129	1	6
7	1	762.78	1	6
7	1	1345.1	1	6
7	1	1143.4	1	6
7	1	1211.9	1	6
7	1	1795.4	1	6
7	1	898.11	1	6
7	1	995.33	1	6
7	1	1328.3	1	6
7	1	682.34	1	6
7	1	1669.9	0	6
7	1	2780.1	1	6
7	1	907.96	1	6
7	1	1310	1	6
7	1	1734.5	0	6
7	1	1229.3	1	6
7	1	1180.5	1	6
7	1	2232.7	1	6
7	1	767.16	1	6
7	1	894.58	1	6
7	1	2326.1	1	6
7	1	2660	1	6
7	1	1298.7	1	6
7	1	1514.5	1	6
7	1	672.89	1	6
7	1	2853.7	1	6
7	1	2313	1	6
7	1	2957.4	1	6
7	1	1275.9	1	6
7	1	1993.2	1	6
7	1	743.36	1	6
7	1	1448.6	1	6
7	1	1460.2	1	6
7	1	2311.7	1	6
7	1	2247	1	6
7	1	1372.6	1	6
7	1	857.2	1	6
7	1	620.05	1	6
7	1	836.65	1	6
7	1	723.74	1	6
7	1	819.09	1	6
7	1	1325.2	1	6
7	1	1310.2	1	6
7	1	1489.9	1	6
7	1	1398.3	1	6
7	1	2607.6	1	6
7	1	1106.7	1	6
7	1	1713.2	0	6
7	1	1259.7	1	6
7	1	1121.4	1	6
7	1	1161.8	1	6
7	1	909.28	1	6
7	1	704.13	0	6
7	1	682.5	1	6
7	1	636.98	1	6
7	1	671.54	1	6
7	1	1664.9	1	6
7	1	1222	1	6
7	1	733.55	1	6
7	1	1299.7	1	6
7	1	821.06	1	6
7	1	2642.2	0	6
7	1	771.53	1	6
7	1	693.34	1	6
7	1	624.21	1	6
7	1	550.06	1	6
7	1	608.94	1	6
7	1	1207.8	1	6
7	1	1929.6	1	6
7	1	1930.7	1	6
7	1	2530.4	1	6
7	1	747.31	1	6
7	1	800.28	1	6
7	1	1266.4	1	6
7	1	722.62	1	6
7	1	1624.8	1	6
7	1	1108.9	1	6
7	1	904.13	1	6
7	1	1550.6	1	6
7	1	1696	1	6
7	1	728.79	1	6
7	1	811.39	1	6
7	1	764.87	1	6
7	1	609.12	1	6
7	1	2030.8	1	6
7	1	2283.9	0	6
7	1	791.59	1	6
7	1	1073.7	1	6
7	1	2146.4	1	6
7	1	955.83	1	6
7	1	2461.7	1	6
7	1	1892	1	6
7	1	1157.6	1	6
7	1	732.29	1	6
7	1	896.23	1	6
7	1	1000.6	0	6
7	1	1798.9	0	6
7	1	990.5	1	6
7	1	2650	1	6
7	1	2628.3	0	6
7	1	1311	1	6
7	1	3193.2	1	6
7	1	1560.2	1	6
7	1	1159.6	1	6
7	1	908.66	1	6
7	1	1456.6	1	6
7	1	953.08	1	6
7	1	886.75	1	6
7	1	1233.9	1	6
7	1	977.94	1	6
7	1	1174.5	1	6
7	1	898.61	1	6
7	1	811.59	1	6
7	1	1015.4	1	6
7	1	1353.7	1	6
7	1	1270.9	1	6
7	1	1948.8	1	6
7	1	1447.2	1	6
7	1	1084.9	1	7
7	1	1001.4	0	7
7	1	1789.2	0	7
7	1	1643.8	0	7
7	1	952.68	1	7
7	1	2270.1	1	7
7	1	1490.1	1	7
7	1	953.12	0	7
7	1	1267.5	1	7
7	1	1472.9	1	7
7	1	849.39	1	7
7	1	1640.8	1	7
7	1	1849.1	1	7
7	1	1289.6	0	7
7	1	1010.9	1	7
7	1	1128.1	0	7
7	1	1093.5	0	7
7	1	1173.3	1	7
7	1	1128.3	1	7
7	1	1185.2	1	7
7	1	984.26	1	7
7	1	1013.5	0	7
7	1	868.63	0	7
7	1	1487.2	1	7
7	1	1154.4	1	7
7	1	1080.7	0	7
7	1	1411	1	7
7	1	1041.5	1	7
7	1	1165.1	1	7
7	1	1422.2	1	7
7	1	981.1	1	7
7	1	963.31	1	7
7	1	1819.6	1	7
7	1	811.69	1	7
7	1	1104.3	1	7
7	1	715.4	1	7
7	1	975.22	1	7
7	1	723.5	0	7
7	1	2122.6	1	7
7	1	774.79	1	7
7	1	1028.2	1	7
7	1	922.45	1	7
7	1	1358	1	7
7	1	1301.3	1	7
7	1	769.11	1	7
7	1	878.73	1	7
7	1	846.43	1	7
7	1	1180.6	1	7
7	1	1261.2	1	7
7	1	934.23	1	7
7	1	835.66	1	7
7	1	1134.9	1	7
7	1	942.79	1	7
7	1	1255.4	1	7
7	1	1028.7	1	7
7	1	1326.2	1	7
7	1	996.38	1	7
7	1	1096.6	1	7
7	1	2011.6	0	7
7	1	1506	1	7
7	1	833.33	1	7
7	1	978.39	1	7
7	1	1372.7	1	7
7	1	815.13	1	7
7	1	1156	1	7
7	1	695.91	1	7
7	1	828.66	1	7
7	1	1080.8	0	7
7	1	925.18	1	7
7	1	1840.8	1	7
7	1	968.15	1	7
7	1	1409.1	0	7
7	1	879.21	1	7
7	1	1718.8	1	7
7	1	1784.9	1	7
7	1	923.64	1	7
7	1	894.57	1	7
7	1	865.48	1	7
7	1	1276.7	1	7
7	1	753.09	1	7
7	1	912.38	1	7
7	1	935.46	1	7
7	1	2190.4	1	7
7	1	822.51	1	7
7	1	972.7	1	7
7	1	1409.1	1	7
7	1	1027.8	1	7
7	1	966.73	1	7
7	1	1116.9	0	7
7	1	906.37	1	7
7	1	1075.8	1	7
7	1	1155.7	1	7
7	1	1071.4	1	7
7	1	1007	1	7
7	1	1327.4	1	7
7	1	801.06	1	7
7	1	1054.4	1	7
7	1	849.6	1	7
7	1	1167.1	1	7
7	1	2052	1	7
7	1	1016.6	0	7
7	1	696.17	0	7
7	1	772.14	1	7
7	1	1465.2	1	7
7	1	772.36	1	7
7	1	985.54	1	7
7	1	947.3	1	7
7	1	963.48	1	7
7	1	959.63	1	7
7	1	903.14	1	7
7	1	1245	1	7
7	1	918.73	1	7
7	1	757.7	1	7
7	1	945.34	1	7
7	1	924.19	1	7
7	1	1126.9	1	7
7	1	784.35	1	7
7	1	823.35	1	7
7	1	912	1	7
7	1	931.83	1	7
7	1	1164.9	1	7
7	1	1296.8	0	7
7	1	1372.9	1	7
7	1	1549	1	7
7	1	937.08	1	7
7	1	1346.7	1	7
7	1	882.59	1	7
7	1	902.19	1	7
7	1	1008.5	1	7
7	1	1648.7	1	7
7	1	889.08	1	7
7	1	969.27	1	7
7	1	1622.4	1	7
7	1	987.58	1	7
7	1	892.14	1	7
7	1	765.32	1	7
7	1	1591.9	1	7
7	1	713.04	0	7
7	1	2539.4	1	7
7	1	960.48	1	7
7	1	898.06	1	7
7	1	2425.3	1	7
7	1	1252.9	1	7
7	1	1263.3	1	7
7	1	1173	1	7
7	1	1007.4	1	7
7	1	807.36	1	7
7	1	748.2	1	7
7	1	1091.9	1	7
7	1	844.79	1	7
7	1	1305.6	1	7
7	1	1334.3	1	7
7	1	1876.6	1	7
7	1	831.26	1	7
7	1	942.16	1	7
7	1	1049.6	1	7
7	1	1324.8	0	7
7	1	1221.9	1	7
7	1	984.21	1	7
7	1	1228.5	1	7
7	1	1037.2	1	7
7	1	1080.4	1	7
7	1	1253	1	7
7	1	1754.3	1	7
7	1	1001.2	1	7
7	1	923.36	1	7
7	1	894.5	1	7
7	1	981.58	1	7
7	1	807.5	1	7
7	1	771.69	1	7
7	1	812.26	1	7
7	1	1050.8	1	7
7	1	806.28	1	7
7	1	780.79	1	7
7	1	801.87	1	7
7	1	1646.2	1	7
7	1	760.22	1	7
7	1	1335.5	1	7
7	1	2028.5	1	7
7	1	1217.9	1	7
7	1	922.96	1	7
7	1	630.58	1	7
7	1	769.92	1	7
7	1	734.09	1	7
7	1	1302	1	7
7	1	856.55	1	7
7	1	823.14	1	7
7	1	922.55	1	7
7	1	1375.1	1	7
7	1	603.59	1	7
7	1	1354.9	1	7
7	1	832.56	1	7
7	1	1695.8	1	7
7	1	1006.8	1	7
7	1	721.63	1	7
7	1	795.9	1	7
7	1	832.24	1	7
7	1	865.12	1	7
7	1	665.66	1	7
7	1	1560.4	1	7
7	1	972.34	1	7
7	1	686.78	1	7
7	1	758.13	1	7
7	1	886.82	1	7
7	1	965.16	1	7
7	1	687.56	1	7
7	1	745.05	1	7
7	1	1383.2	1	7
7	1	956.13	1	7
7	1	935.49	1	7
7	1	844.5	1	7
7	1	797.58	1	7
7	1	894.28	1	7
7	1	1084.1	1	7
7	1	1280	1	7
7	1	677.64	1	7
7	1	832.97	1	7
7	1	2383.1	1	7
7	1	985.86	1	7
7	1	876.45	1	7
7	1	1025.8	1	7
7	1	835	1	7
7	1	1236.4	1	7
7	1	718.26	1	7
7	1	803.83	1	7
7	1	875.77	1	7
7	1	584.17	1	7
7	1	916.66	1	7
7	1	915.37	1	7
7	1	1096.2	1	7
7	1	1103.6	1	7
7	1	727.19	1	7
7	1	1222.5	1	7
7	1	801.38	1	7
7	1	1024.4	1	7
7	1	773.49	1	7
7	1	774.28	1	7
7	1	925.65	1	7
7	1	896.13	1	7
7	1	865.26	1	7
7	1	703.44	1	7
7	1	631.06	1	7
7	1	1425.2	1	7
7	1	835.48	1	7
7	1	1109.3	1	7
7	1	763.7	1	7
7	1	877.85	1	7
7	1	765.84	1	7
7	1	711.05	1	7
7	1	870.17	1	7
7	1	642.35	1	7
7	1	1024.3	1	7
7	1	1070.3	1	7
7	1	911.17	1	7
7	1	722.02	1	7
7	1	778.37	1	7
7	1	807.05	1	7
7	1	921.77	1	7
7	1	704.96	1	7
7	1	887.4	1	7
7	1	813.73	1	7
7	1	1288.5	1	7
7	1	1043.7	1	7
7	1	1117.4	1	7
7	1	1645.2	1	7
7	1	631.34	1	7
7	1	1018	1	7
7	1	1531	1	7
7	1	709.42	1	7
7	1	744.04	1	7
7	1	1281.5	1	7
7	1	792.73	1	7
7	1	828.62	1	7
7	1	783.62	1	7
7	1	883.71	1	7
7	1	782.22	1	7
7	1	736.01	1	7
7	1	1221.6	1	7
7	1	628.17	1	7
7	1	823.64	1	7
7	1	642.28	1	7
7	1	781.29	1	7
7	1	726.2	1	7
7	1	653.83	1	7
7	1	718.69	1	7
7	1	753.25	1	7
7	1	1987.1	1	7
7	1	744.12	1	7
7	1	1009.3	1	7
7	1	721.72	1	7
7	1	842.25	1	7
7	1	661.06	1	7
7	1	564.34	1	7
7	1	768.5	1	7
7	1	600.15	1	7
7	1	520.05	1	7
7	1	660.33	1	7
7	1	617.52	1	7
7	1	888.07	1	7
7	1	1876.5	1	7
7	1	591.4	1	7
7	1	880.46	1	7
7	1	640.57	1	7
7	1	731.42	1	7
7	1	744.25	1	7
7	1	761.96	1	7
7	1	958.93	1	7
7	1	558.94	1	7
7	1	1493.2	1	7
7	1	812.41	1	7
7	1	676.25	1	7
7	1	614.8	1	7
7	1	734.13	1	7
7	1	737.38	1	7
7	1	798.43	1	7
7	1	799.28	1	7
7	1	709.94	1	7
7	1	1204.3	1	7
7	1	831.97	1	7
7	1	1015.1	1	7
7	1	675.44	1	7
7	1	918.74	1	7
7	1	766.15	1	7
7	1	1536.5	1	7
7	1	671.3	1	7
7	1	1104.4	1	7
7	1	833.07	1	7
7	1	891.82	1	7
7	1	740.65	1	7
7	1	780.77	1	7
7	1	864.26	1	7
7	1	659.52	1	7
7	1	1092.9	1	7
7	1	628.82	1	7
7	1	1392.4	1	7
7	1	771.35	1	7
7	1	702.01	1	7
7	1	1269.3	1	7
7	1	774.3	1	7
7	1	774.5	1	7
7	1	775.17	1	7
7	1	677.69	1	7
7	1	1010.6	1	7
7	1	1076	1	7
7	1	890.35	1	7
7	1	918.91	1	7
7	1	932.55	1	7
7	1	771.1	1	7
7	1	697.62	1	7
7	1	1181.4	1	7
7	1	1064.7	1	8
7	1	1104.6	1	8
7	1	1102	1	8
7	1	1226	1	8
7	1	1207.3	1	8
7	1	628.38	1	8
7	1	789.05	1	8
7	1	808.82	1	8
7	1	926	1	8
7	1	1316.4	1	8
7	1	1068.4	1	8
7	1	1329.1	1	8
7	1	1365.4	1	8
7	1	906.51	1	8
7	1	638.3	1	8
7	1	689.39	1	8
7	1	1457.7	1	8
7	1	1253.9	1	8
7	1	1086.5	0	8
7	1	1064	1	8
7	1	916.78	1	8
7	1	686.42	1	8
7	1	889.86	1	8
7	1	778.26	1	8
7	1	1856.3	1	8
7	1	1038	1	8
7	1	789.43	1	8
7	1	890.64	1	8
7	1	1455.2	0	8
7	1	855.95	1	8
7	1	853.21	1	8
7	1	1517.1	1	8
7	1	915.57	1	8
7	1	954.31	1	8
7	1	855.84	1	8
7	1	646.89	1	8
7	1	787.13	1	8
7	1	1006.5	1	8
7	1	1039.6	1	8
7	1	724.87	1	8
7	1	704.87	1	8
7	1	634.9	1	8
7	1	730.53	1	8
7	1	644.63	1	8
7	1	948.09	1	8
7	1	1266.3	1	8
7	1	1371	1	8
7	1	849.06	1	8
7	1	818.23	1	8
7	1	1537.7	1	8
7	1	684.09	1	8
7	1	757.2	1	8
7	1	849.56	1	8
7	1	838.55	1	8
7	1	1938.3	0	8
7	1	753.77	1	8
7	1	1043	1	8
7	1	1287.3	1	8
7	1	1308.8	1	8
7	1	716.46	1	8
7	1	943.95	1	8
7	1	676.9	1	8
7	1	872.06	1	8
7	1	1529.7	1	8
7	1	965.3	1	8
7	1	742.34	1	8
7	1	686.66	1	8
7	1	1017.3	1	8
7	1	1132.6	1	8
7	1	791.86	1	8
7	1	940.27	1	8
7	1	673.75	1	8
7	1	827.74	1	8
7	1	692.67	1	8
7	1	794.75	1	8
7	1	1097.1	1	8
7	1	698.57	1	8
7	1	872.25	1	8
7	1	1235.3	1	8
7	1	1214.1	1	8
7	1	2182.5	1	8
7	1	761.6	1	8
7	1	873.3	1	8
7	1	2662.8	1	8
7	1	675.4	1	8
7	1	720.15	1	8
7	1	644.5	1	8
7	1	749.84	1	8
7	1	805.53	0	8
7	1	1004.7	1	8
7	1	1021.4	0	8
7	1	893.29	1	8
7	1	956.55	1	8
7	1	951.11	1	8
7	1	988.32	1	8
7	1	800.6	1	8
7	1	779.12	1	8
7	1	1178.5	1	8
7	1	1122.4	1	8
7	1	1010.5	1	8
7	1	571.15	1	8
7	1	858.91	1	8
7	1	869.02	1	8
7	1	833.45	1	8
7	1	1251.6	1	8
7	1	920.69	1	8
7	1	758.09	1	8
7	1	957.72	1	8
7	1	953.04	1	8
7	1	1296.9	1	8
7	1	1042	1	8
7	1	757.15	1	8
7	1	788.7	1	8
7	1	799.54	1	8
7	1	1295.1	1	8
7	1	846.66	1	8
7	1	1291.5	1	8
7	1	812.35	1	8
7	1	828.15	1	8
7	1	1303.5	1	8
7	1	958.99	1	8
7	1	829.69	1	8
7	1	671.9	1	8
7	1	726	1	8
7	1	960.19	1	8
7	1	852.23	1	8
7	1	695.74	1	8
7	1	741.1	1	8
7	1	1508.8	1	8
7	1	780.43	1	8
7	1	760.8	1	8
7	1	1592.9	1	8
7	1	688.44	1	8
7	1	880.02	1	8
7	1	867.89	1	8
7	1	763.26	1	8
7	1	1482.6	1	8
7	1	631.39	1	8
7	1	597.23	1	8
7	1	943.76	1	8
7	1	838.69	1	8
7	1	685.81	1	8
7	1	1185.4	1	8
7	1	599.05	1	8
7	1	807.84	1	8
7	1	654.35	1	8
7	1	1127.3	1	8
7	1	1293.4	1	8
7	1	851.47	1	8
7	1	976.49	1	8
7	1	836.69	1	8
7	1	2463	1	8
7	1	781.54	1	8
7	1	1137.6	1	8
7	1	891.45	1	8
7	1	931.61	1	8
7	1	664.36	1	8
7	1	768.51	1	8
7	1	768.67	1	8
7	1	750.41	1	8
7	1	949.11	1	8
7	1	657.16	1	8
7	1	793.4	1	8
7	1	818.55	1	8
7	1	1113.7	1	8
7	1	722.42	1	8
7	1	1279.3	1	8
7	1	808	1	8
7	1	1394.1	1	8
7	1	1870.2	1	8
7	1	510.57	1	8
7	1	728.81	1	8
7	1	746.22	1	8
7	1	670.39	1	8
7	1	651.84	1	8
7	1	650.54	1	8
7	1	606.46	1	8
7	1	721.5	1	8
7	1	943.3	1	8
7	1	1176	1	8
7	1	1497.3	1	8
7	1	644.79	1	8
7	1	799.6	1	8
7	1	1362.6	1	8
7	1	743.68	1	8
7	1	710.17	1	8
7	1	1498.8	1	8
7	1	1144.2	1	8
7	1	1030.2	1	8
7	1	789.78	1	8
7	1	1033.3	1	8
7	1	1117	1	8
7	1	790.36	1	8
7	1	716.27	1	8
7	1	760.98	1	8
7	1	910.6	1	8
7	1	723.08	1	8
7	1	622.17	1	8
7	1	675.12	1	8
7	1	867.29	1	8
7	1	733.78	1	8
7	1	1029.8	1	8
7	1	668.42	1	8
7	1	1467.2	1	8
7	1	1015.5	1	8
7	1	746.94	1	8
7	1	764.8	1	8
7	1	674.71	1	8
7	1	807.97	1	8
7	1	763.37	1	8
7	1	999.8	1	8
7	1	751.73	1	8
7	1	717.71	1	8
7	1	907.92	1	8
7	1	917.64	1	8
7	1	882.22	1	8
7	1	1070.1	1	8
7	1	604.39	1	8
7	1	812.37	1	8
7	1	1661	1	8
7	1	824.45	1	8
7	1	692.32	1	8
7	1	698	1	8
7	1	605.77	1	8
7	1	796.16	1	8
7	1	614.23	1	8
7	1	645.21	1	8
7	1	604.13	1	8
7	1	968.24	1	8
7	1	817.44	1	8
7	1	762.86	1	8
7	1	1041.1	1	8
7	1	794.12	1	8
7	1	744.74	1	8
7	1	1255.1	1	8
7	1	2531.8	1	8
7	1	788.65	1	8
7	1	1043.5	1	8
7	1	1038.1	1	8
7	1	874.53	1	8
7	1	715.37	1	8
7	1	822.72	1	8
7	1	694.08	1	8
7	1	1044.7	1	8
7	1	1142.3	1	8
7	1	902.94	1	8
7	1	641.24	1	8
7	1	744.8	1	8
7	1	721.43	1	8
7	1	741.04	1	8
7	1	919.19	1	8
7	1	610.11	1	8
7	1	698.17	1	8
7	1	748.57	1	8
7	1	893.69	1	8
7	1	900.36	1	8
7	1	911.59	1	8
7	1	958.19	1	8
7	1	1664.4	1	8
7	1	821.12	1	8
7	1	909.43	1	8
7	1	692	1	8
7	1	742.1	1	8
7	1	989.8	1	8
7	1	1281.8	1	8
7	1	623.93	1	8
7	1	744.55	1	8
7	1	673.43	1	8
7	1	917.05	1	8
7	1	603.35	1	8
7	1	1228.2	1	8
7	1	639.95	1	8
7	1	660.78	1	8
7	1	506.95	1	8
7	1	662.66	1	8
7	1	775.55	1	8
7	1	606.85	1	8
7	1	732.73	1	8
7	1	651.57	1	8
7	1	1351.3	1	8
7	1	845.51	1	8
7	1	564.72	1	8
7	1	477.88	1	8
7	1	662.63	1	8
7	1	663.2	1	8
7	1	491.45	1	8
7	1	841.45	1	8
7	1	700.26	1	8
7	1	1197.8	1	8
7	1	732.75	1	8
7	1	798.12	1	8
7	1	998.82	1	8
7	1	1173.2	1	8
7	1	623.51	1	8
7	1	658.58	1	8
7	1	558.04	1	8
7	1	568.44	1	8
7	1	640.35	1	8
7	1	599.91	1	8
7	1	610.63	1	8
7	1	599.1	1	8
7	1	666.45	1	8
7	1	531.59	1	8
7	1	967.7	1	8
7	1	1962.6	1	8
7	1	862.69	1	8
7	1	622.72	1	8
7	1	661.53	1	8
7	1	843.83	1	8
7	1	669.87	1	8
7	1	984.92	1	8
7	1	601.58	1	8
7	1	664.37	1	8
7	1	878.87	1	8
7	1	773.47	1	8
7	1	663.96	1	8
7	1	648.42	1	8
7	1	926.72	0	8
7	1	1136.5	1	8
7	1	1489.9	1	8
7	1	647.49	1	8
7	1	781.58	1	8
7	1	1566.4	1	8
7	1	1487.2	1	8
7	1	771.07	1	8
7	1	566.12	1	8
7	1	752.05	1	8
7	1	809.18	1	8
7	1	1231.6	1	8
7	1	594.04	1	8
7	1	722.56	1	8
7	1	666.13	1	8
7	1	1354.5	1	8
7	1	760.42	1	8
7	1	1199.4	1	8
7	1	677.24	1	8
7	1	1113.7	1	8
7	1	1172.9	1	8
7	1	921.34	1	8
7	1	952.53	1	8
7	1	736.13	1	8
7	1	591.41	1	8
7	1	628.43	1	8
7	1	664.79	1	8
7	1	774.8	1	8
7	1	749.34	1	8
7	1	662.95	1	8
7	1	855.92	1	8
7	1	844.75	1	8
7	1	1360.1	1	8
7	1	600.88	1	9
7	1	754.2	1	9
7	1	973.91	1	9
7	1	781.65	1	9
7	1	880.24	1	9
7	1	889.24	1	9
7	1	668.97	1	9
7	1	701.22	1	9
7	1	966.55	1	9
7	1	1043.7	1	9
7	1	799.97	1	9
7	1	675.69	1	9
7	1	756.87	1	9
7	1	785.63	1	9
7	1	862.78	1	9
7	1	1554.3	1	9
7	1	832.37	1	9
7	1	838.48	1	9
7	1	842.21	1	9
7	1	915.61	1	9
7	1	1154.4	1	9
7	1	933.11	1	9
7	1	870.67	1	9
7	1	2094.9	0	9
7	1	639.88	1	9
7	1	949.08	1	9
7	1	1352.5	1	9
7	1	744.12	1	9
7	1	806.41	1	9
7	1	689.69	1	9
7	1	978.06	0	9
7	1	759.73	1	9
7	1	863.57	1	9
7	1	749.1	1	9
7	1	969.51	1	9
7	1	625.87	1	9
7	1	577.97	1	9
7	1	702.37	1	9
7	1	715.96	1	9
7	1	709.13	1	9
7	1	642.32	1	9
7	1	707.24	1	9
7	1	751.03	1	9
7	1	723.17	1	9
7	1	696.26	1	9
7	1	1133.7	1	9
7	1	804.89	1	9
7	1	690.92	1	9
7	1	755.06	1	9
7	1	849.18	1	9
7	1	630.57	1	9
7	1	766.86	1	9
7	1	698.71	1	9
7	1	700.27	1	9
7	1	797.85	1	9
7	1	936.71	1	9
7	1	811.39	1	9
7	1	1048.3	1	9
7	1	757.04	1	9
7	1	945.89	1	9
7	1	737.24	1	9
7	1	678.45	1	9
7	1	880.23	1	9
7	1	627.63	1	9
7	1	832.84	1	9
7	1	3027.6	1	9
7	1	855.87	1	9
7	1	748.09	1	9
7	1	880.9	1	9
7	1	990.41	1	9
7	1	671.54	1	9
7	1	685.99	1	9
7	1	752.94	1	9
7	1	810.44	1	9
7	1	1059.3	1	9
7	1	632.8	1	9
7	1	866.45	1	9
7	1	766.46	1	9
7	1	726.57	1	9
7	1	650.88	1	9
7	1	648.37	1	9
7	1	756.53	1	9
7	1	774.22	1	9
7	1	728.17	1	9
7	1	661.64	1	9
7	1	604.19	1	9
7	1	626.13	1	9
7	1	767.43	1	9
7	1	625.21	1	9
7	1	546.47	1	9
7	1	749.96	1	9
7	1	640.1	1	9
7	1	718.54	1	9
7	1	754.91	1	9
7	1	747.86	1	9
7	1	754.47	1	9
7	1	813.59	1	9
7	1	784	1	9
7	1	720.25	1	9
7	1	1908.3	1	9
7	1	714.47	1	9
7	1	566.67	1	9
7	1	821.01	1	9
7	1	699.69	1	9
7	1	590.9	1	9
7	1	679.49	1	9
7	1	635.89	1	9
7	1	737.68	1	9
7	1	633.46	1	9
7	1	855.09	1	9
7	1	1443.3	1	9
7	1	782.52	1	9
7	1	645.91	1	9
7	1	934.58	1	9
7	1	666.56	1	9
7	1	965.42	1	9
7	1	1225	1	9
7	1	724.79	1	9
7	1	757.71	1	9
7	1	656.87	1	9
7	1	765.74	1	9
7	1	677.37	1	9
7	1	549	1	9
7	1	808.12	1	9
7	1	578.83	1	9
7	1	713.95	1	9
7	1	764.41	1	9
7	1	1233	1	9
7	1	720.97	1	9
7	1	699.58	1	9
7	1	656.68	1	9
7	1	1055.7	1	9
7	1	793.68	1	9
7	1	787.85	1	9
7	1	662.52	1	9
7	1	590.12	1	9
7	1	597.72	1	9
7	1	547.69	1	9
7	1	832.82	1	9
7	1	885.49	1	9
7	1	685.72	1	9
7	1	1068.7	1	9
7	1	549.73	1	9
7	1	668.12	1	9
7	1	776.81	1	9
7	1	679.96	1	9
7	1	703.55	1	9
7	1	731.39	1	9
7	1	928.35	1	9
7	1	730.31	1	9
7	1	729.12	1	9
7	1	854.42	1	9
7	1	971.19	1	9
7	1	1549.7	1	9
7	1	684.9	1	9
7	1	729.93	1	9
7	1	721.94	1	9
7	1	723.9	1	9
7	1	751.5	1	9
7	1	636.49	1	9
7	1	890.66	1	9
7	1	758.69	1	9
7	1	719.18	1	9
7	1	717.47	1	9
7	1	804.1	1	9
7	1	662.55	1	9
7	1	567.87	1	9
7	1	588.25	1	9
7	1	623.66	1	9
7	1	665.18	1	9
7	1	686.41	1	9
7	1	625.27	1	9
7	1	625.5	1	9
7	1	922.82	1	9
7	1	668.85	1	9
7	1	594.85	1	9
7	1	867.48	1	9
7	1	838.08	1	9
7	1	705.31	1	9
7	1	1477.5	1	9
7	1	586.96	1	9
7	1	773.98	1	9
7	1	784.89	1	9
7	1	791.07	1	9
7	1	604.92	1	9
7	1	706.86	1	9
7	1	604.41	1	9
7	1	799.76	1	9
7	1	640.97	1	9
7	1	634.08	1	9
7	1	751.5	1	9
7	1	608.66	1	9
7	1	578.25	1	9
7	1	609.28	1	9
7	1	689.43	1	9
7	1	635.75	1	9
7	1	580.56	1	9
7	1	533.98	1	9
7	1	643.33	1	9
7	1	727.2	1	9
7	1	818.09	1	9
7	1	701.27	1	9
7	1	682.32	1	9
7	1	627.05	1	9
7	1	624.39	1	9
7	1	703.04	1	9
7	1	717.76	1	9
7	1	666.36	1	9
7	1	646.74	1	9
7	1	726.93	1	9
7	1	685.18	1	9
7	1	665.1	1	9
7	1	740.15	1	9
7	1	664.55	1	9
7	1	708.73	1	9
7	1	888.92	1	9
7	1	893.23	1	9
7	1	748.68	1	9
7	1	561.02	1	9
7	1	641.04	1	9
7	1	864.61	1	9
7	1	663.39	1	9
7	1	640.68	1	9
7	1	765.89	1	9
7	1	756.64	1	9
7	1	563.86	1	9
7	1	807.77	1	9
7	1	661.35	1	9
7	1	730.23	1	9
7	1	684.18	1	9
7	1	629.42	1	9
7	1	681.77	1	9
7	1	768.25	1	9
7	1	638.67	1	9
7	1	752.07	1	9
7	1	674.19	1	9
7	1	629.1	1	9
7	1	605.24	1	9
7	1	893.77	1	9
7	1	797.33	1	9
7	1	941.54	1	9
7	1	731.74	1	9
7	1	964.6	1	9
7	1	875.78	1	9
7	1	711.49	1	9
7	1	581.59	1	9
7	1	701.49	1	9
7	1	738.71	1	9
7	1	592.7	1	9
7	1	662.08	1	9
7	1	680.24	1	9
7	1	728.89	1	9
7	1	585.56	1	9
7	1	685.46	1	9
7	1	935.33	1	9
7	1	675.13	1	9
7	1	642.59	1	9
7	1	879.59	1	9
7	1	603.14	1	9
7	1	628.98	1	9
7	1	876.69	1	9
7	1	748.8	1	9
7	1	719.72	1	9
7	1	704.95	1	9
7	1	802.71	1	9
7	1	1033.6	1	9
7	1	813.19	1	9
7	1	686.76	1	9
7	1	852.64	1	9
7	1	719.77	1	9
7	1	665.03	1	9
7	1	540.3	1	9
7	1	762.7	1	9
7	1	741.64	1	9
7	1	619.33	1	9
7	1	761.98	1	9
7	1	705.39	1	9
7	1	624.32	1	9
7	1	604.87	1	9
7	1	938.62	1	9
7	1	584.14	1	9
7	1	596.08	1	9
7	1	693.35	1	9
7	1	714.71	1	9
7	1	643.68	1	9
7	1	587.33	1	9
7	1	590.89	1	9
7	1	610.01	1	9
7	1	609.14	1	9
7	1	565.71	1	9
7	1	573.95	1	9
7	1	517.18	1	9
7	1	692.67	1	9
7	1	590.26	1	9
7	1	581.25	1	9
7	1	493.94	1	9
7	1	562.16	1	9
7	1	569.57	1	9
7	1	534.96	1	9
7	1	733.61	1	9
7	1	677.24	1	9
7	1	661.67	1	9
7	1	595.46	1	9
7	1	683.28	1	9
7	1	575.92	1	9
7	1	663.35	1	9
7	1	646.28	1	9
7	1	679.13	1	9
7	1	641.46	1	9
7	1	632.36	1	9
7	1	587.25	1	9
7	1	616.2	1	9
7	1	549.44	1	9
7	1	669.98	1	9
7	1	827.09	1	9
7	1	862.68	1	9
7	1	612.42	1	9
7	1	566.3	1	9
7	1	706.55	1	9
7	1	539.25	1	9
7	1	628.18	1	9
7	1	575.3	1	9
7	1	647.02	1	9
7	1	699.57	1	9
7	1	814.08	1	9
7	1	572.6	1	9
7	1	668.93	1	9
7	1	819.6	1	9
7	1	523.72	1	9
7	1	571.74	1	9
7	1	739.2	1	9
7	1	593.44	1	9
7	1	685.57	1	9
7	1	792.76	1	9
7	1	832.01	1	9
7	1	575.77	1	9
7	1	696.09	1	9
7	1	664.86	1	9
7	1	675.79	1	9
7	1	760.02	1	9
7	1	760.19	1	9
7	1	667.79	1	9
7	1	606.25	1	9
7	1	754.2	1	9
7	1	637.74	1	9
7	1	777.85	1	9
7	1	700.6	1	9
7	1	629.85	1	9
7	1	805.29	1	9
7	1	743.94	1	9
