304	3	792.27	1	1
304	3	661.16	1	1
304	3	624.3	1	1
304	3	1089.9	1	1
304	3	819.17	1	1
304	3	646.9	1	1
304	3	1036.2	1	1
304	3	827.85	1	1
304	3	688.05	1	1
304	3	597.69	1	1
304	3	665.16	1	1
304	3	690.3	1	1
304	3	682.77	1	1
304	3	708.57	1	1
304	3	684.16	1	1
304	3	922.08	1	1
304	3	835.78	1	1
304	3	1357.9	1	1
304	3	793.79	1	1
304	3	760.11	1	1
304	3	615.86	1	1
304	3	838.88	1	1
304	3	652.32	1	1
304	3	860.85	1	1
304	3	578.56	1	1
304	3	654	1	1
304	3	754.18	1	1
304	3	907.26	1	1
304	3	610.32	1	1
304	3	693.71	1	1
304	3	672.25	1	1
304	3	690.66	1	1
304	3	781.83	1	1
304	3	719.39	1	1
304	3	728.75	1	1
304	3	900.69	1	1
304	3	577.98	1	1
304	3	746.64	1	1
304	3	735.44	1	1
304	3	728.67	1	1
304	3	733.35	1	1
304	3	670.49	1	1
304	3	751.98	1	1
304	3	634.57	1	1
304	3	477.41	1	1
304	3	761.81	1	1
304	3	629.31	1	1
304	3	685.79	1	1
304	3	633.38	1	1
304	3	567.6	1	1
304	3	704.78	1	1
304	3	631.87	1	1
304	3	615.79	1	1
304	3	798.56	1	1
304	3	735.4	1	1
304	3	712.81	1	1
304	3	857.53	1	1
304	3	739.48	1	1
304	3	1095	1	1
304	3	668.13	1	1
304	3	773.63	1	1
304	3	608.54	1	1
304	3	824.61	1	1
304	3	703.91	1	1
304	3	590.71	1	1
304	3	710.56	1	1
304	3	642.5	1	1
304	3	974.01	1	1
304	3	623.3	1	1
304	3	645.01	1	1
304	3	655.51	1	1
304	3	738.29	1	1
304	3	665.35	1	1
304	3	922.83	0	1
304	3	601.79	1	1
304	3	536.22	1	1
304	3	619.17	1	1
304	3	743.38	1	1
304	3	640.09	1	1
304	3	637.79	1	1
304	3	569.66	1	1
304	3	717.88	1	1
304	3	669.1	1	1
304	3	699	1	1
304	3	725.02	1	1
304	3	645.86	1	1
304	3	625.15	1	1
304	3	577.07	1	1
304	3	598.45	1	1
304	3	984.41	1	1
304	3	587.44	1	1
304	3	631.09	1	1
304	3	652.42	1	1
304	3	611.74	1	1
304	3	755.94	1	1
304	3	801.57	1	1
304	3	707.5	1	1
304	3	935.24	1	1
304	3	604.84	1	1
304	3	605.3	1	1
304	3	692.29	1	1
304	3	694.83	1	1
304	3	709.05	1	1
304	3	965	1	1
304	3	737.06	1	1
304	3	658.41	1	1
304	3	757.53	1	1
304	3	840.86	1	1
304	3	720.98	1	1
304	3	826.44	1	1
304	3	854.35	1	1
304	3	719.46	1	1
304	3	640.68	1	1
304	3	728.27	1	1
304	3	812.95	1	1
304	3	687.14	1	1
304	3	602.09	1	1
304	3	576.63	1	1
304	3	928.82	1	1
304	3	683.52	1	1
304	3	807.89	1	1
304	3	598.34	1	1
304	3	636.68	1	1
304	3	710.33	1	1
304	3	578.18	1	1
304	3	623.3	1	1
304	3	620.41	1	1
304	3	585.61	1	1
304	3	1127.2	1	1
304	3	852.47	1	1
304	3	796.4	1	1
304	3	747.91	1	1
304	3	627.55	1	1
304	3	642.56	1	1
304	3	1285.6	1	1
304	3	801.24	1	1
304	3	637.53	1	1
304	3	620.17	1	1
304	3	673.86	1	1
304	3	661.97	1	1
304	3	707.57	1	1
304	3	592.72	1	1
304	3	665.77	1	1
304	3	917.28	1	1
304	3	944.31	1	1
304	3	614.97	1	1
304	3	705.9	1	1
304	3	757.23	1	1
304	3	1211.5	1	1
304	3	1417	1	1
304	3	589.5	1	1
304	3	513.12	1	1
304	3	532.53	1	1
304	3	607.47	1	1
304	3	597.36	1	1
304	3	694.57	1	1
304	3	692.31	1	1
304	3	640.58	1	1
304	3	564.59	1	1
304	3	1031.7	1	1
304	3	669.64	1	1
304	3	808.84	1	1
304	3	684.68	1	1
304	3	612.77	1	1
304	3	553.99	1	1
304	3	681.67	1	1
304	3	710.28	1	1
304	3	742.21	1	1
304	3	653.7	1	1
304	3	655.01	1	1
304	3	610.62	1	1
304	3	677.15	1	1
304	3	644.37	1	1
304	3	701.3	1	1
304	3	627.58	1	1
304	3	1133.7	1	1
304	3	655.83	1	1
304	3	634.86	1	1
304	3	1055.3	1	1
304	3	1107.7	1	1
304	3	611.93	1	1
304	3	606.25	1	1
304	3	558.61	1	1
304	3	637.23	1	1
304	3	576.91	1	1
304	3	583.82	1	1
304	3	597.1	1	1
304	3	865.85	1	1
304	3	674.18	1	1
304	3	622.25	1	1
304	3	608.98	1	1
304	3	708.25	1	1
304	3	812.74	1	1
304	3	621.55	1	1
304	3	807.01	1	1
304	3	918.85	1	1
304	3	673.45	1	1
304	3	725.59	1	1
304	3	759.82	1	1
304	3	645.65	1	1
304	3	574.37	1	1
304	3	509.43	1	1
304	3	483.42	1	1
304	3	755.14	1	1
304	3	657.93	1	1
304	3	824.62	1	1
304	3	648.35	1	1
304	3	597.45	1	1
304	3	626.35	1	1
304	3	483.18	1	1
304	3	617.53	1	1
304	3	997.82	1	1
304	3	802.44	1	1
304	3	786.55	1	1
304	3	711.04	1	1
304	3	740.4	1	1
304	3	865.04	1	1
304	3	792.53	1	1
304	3	600.01	1	1
304	3	682.08	1	1
304	3	730.56	1	1
304	3	628.91	1	1
304	3	532.16	1	1
304	3	743.64	1	1
304	3	679.62	1	1
304	3	696.35	1	1
304	3	568.74	1	1
304	3	926.43	1	1
304	3	685.47	1	1
304	3	648.92	1	1
304	3	632.85	1	1
304	3	658.62	1	1
304	3	816.7	1	1
304	3	683.8	1	1
304	3	1033.6	1	1
304	3	811.51	1	1
304	3	966.74	1	1
304	3	813	1	1
304	3	784.9	1	1
304	3	1101.7	1	1
304	3	1140.3	1	1
304	3	590.02	1	1
304	3	576.23	1	1
304	3	491.49	1	1
304	3	618.14	1	1
304	3	698.28	1	1
304	3	634.08	1	1
304	3	621.03	1	1
304	3	627.55	1	1
304	3	675.25	1	1
304	3	631.28	1	1
304	3	725.95	1	1
304	3	569.01	1	1
304	3	625.16	1	1
304	3	679.16	1	1
304	3	951.42	1	1
304	3	654.81	1	1
304	3	605.88	1	1
304	3	729.61	1	1
304	3	638.26	1	1
304	3	559.57	1	1
304	3	538.03	1	1
304	3	573.84	1	1
304	3	597.83	1	1
304	3	1261.9	1	1
304	3	529.69	1	1
304	3	751.48	1	1
304	3	1045.2	1	1
304	3	748.43	1	1
304	3	580.62	1	1
304	3	593.75	1	1
304	3	727.43	1	1
304	3	1116.5	1	1
304	3	665.67	1	1
304	3	662.57	1	1
304	3	634.91	1	1
304	3	572.65	1	1
304	3	540.39	1	1
304	3	649.79	1	1
304	3	533.54	1	1
304	3	579.07	1	1
304	3	589.54	1	1
304	3	708.23	1	1
304	3	805.27	1	1
304	3	627.65	1	1
304	3	640.24	1	1
304	3	556.27	1	1
304	3	634.59	1	1
304	3	624.88	1	1
304	3	1122.9	1	1
304	3	787.83	1	1
304	3	674.64	1	1
304	3	750.82	1	1
304	3	580.33	1	1
304	3	830.23	1	1
304	3	634.85	1	1
304	3	561.05	1	1
304	3	884.38	1	1
304	3	537.23	1	1
304	3	726.02	1	1
304	3	647.25	1	1
304	3	791.08	1	1
304	3	1157.6	1	1
304	3	811.25	1	1
304	3	623.07	1	1
304	3	755.85	1	1
304	3	806.07	1	1
304	3	717.26	1	1
304	3	535.69	1	1
304	3	661.56	1	1
304	3	619.33	1	1
304	3	750.46	1	1
304	3	820.01	1	1
304	3	702.94	1	1
304	3	570.13	1	1
304	3	562.74	1	1
304	3	643.59	1	1
304	3	690.84	1	1
304	3	692.76	1	1
304	3	549.28	1	1
304	3	1077.9	1	1
304	3	562.75	1	1
304	3	696.97	1	1
304	3	602.49	1	1
304	3	594.11	1	1
304	3	689.94	1	1
304	3	624.36	1	1
304	3	751.08	1	1
304	3	679.17	1	1
304	3	804.9	1	1
304	3	506.62	1	1
304	3	839.42	1	1
304	3	688.01	1	1
304	3	592.85	1	1
304	3	617.42	1	1
304	3	634.06	1	1
304	3	635.11	1	1
304	3	1039.1	1	1
304	3	778.19	1	1
304	3	612.67	1	1
304	3	727.97	1	1
304	3	612.02	1	1
304	3	580.6	1	1
304	3	583.29	1	1
304	3	686.95	1	1
304	3	823.85	1	1
304	3	557.88	1	1
304	3	878.94	1	1
304	3	579.2	1	1
304	3	752.86	1	2
304	3	657.43	1	2
304	3	972.91	1	2
304	3	659.67	1	2
304	3	753.46	1	2
304	3	705.04	1	2
304	3	1064.1	1	2
304	3	893.97	1	2
304	3	668.85	1	2
304	3	688.24	1	2
304	3	847.91	1	2
304	3	1090.2	1	2
304	3	757.43	1	2
304	3	1148.6	1	2
304	3	638.37	1	2
304	3	640.02	1	2
304	3	653.46	1	2
304	3	1099.6	1	2
304	3	933.18	0	2
304	3	727.46	1	2
304	3	618.29	1	2
304	3	661.15	1	2
304	3	632.22	1	2
304	3	697.93	1	2
304	3	615.33	1	2
304	3	623.65	1	2
304	3	780.72	1	2
304	3	746.11	1	2
304	3	617.04	1	2
304	3	661.23	1	2
304	3	790.59	1	2
304	3	603.56	1	2
304	3	810.77	1	2
304	3	843.51	1	2
304	3	789.74	1	2
304	3	1144.2	0	2
304	3	617.17	1	2
304	3	680.22	1	2
304	3	586.75	1	2
304	3	710.65	1	2
304	3	810.54	1	2
304	3	571.49	1	2
304	3	708.21	1	2
304	3	699.72	1	2
304	3	770.6	1	2
304	3	1021.4	1	2
304	3	1189.6	1	2
304	3	689.22	1	2
304	3	688.09	1	2
304	3	1290.6	1	2
304	3	999.97	1	2
304	3	1133.4	1	2
304	3	982.32	1	2
304	3	1221.3	1	2
304	3	712.35	1	2
304	3	689.21	1	2
304	3	851.86	1	2
304	3	788.35	1	2
304	3	740.79	1	2
304	3	823.32	1	2
304	3	650.48	1	2
304	3	1229.7	1	2
304	3	693.25	1	2
304	3	715.41	1	2
304	3	787.1	1	2
304	3	1022.3	1	2
304	3	903.34	1	2
304	3	734.38	1	2
304	3	1055.2	1	2
304	3	896.71	1	2
304	3	917.18	1	2
304	3	561.03	1	2
304	3	818.75	1	2
304	3	810.75	1	2
304	3	541.57	1	2
304	3	777.26	1	2
304	3	614.08	1	2
304	3	619.88	1	2
304	3	576.86	1	2
304	3	904.04	1	2
304	3	703.12	1	2
304	3	1223.5	1	2
304	3	959.8	1	2
304	3	471.73	1	2
304	3	705.17	1	2
304	3	640.07	1	2
304	3	558.58	1	2
304	3	831.11	1	2
304	3	913.13	1	2
304	3	603.06	1	2
304	3	622.58	1	2
304	3	508.3	1	2
304	3	549.72	1	2
304	3	1336.8	1	2
304	3	948.31	1	2
304	3	535.74	1	2
304	3	628.12	1	2
304	3	744.85	1	2
304	3	713.77	1	2
304	3	555.78	1	2
304	3	963.52	1	2
304	3	672.28	1	2
304	3	924.19	1	2
304	3	1209.5	1	2
304	3	834.44	1	2
304	3	901.33	1	2
304	3	761.82	1	2
304	3	769.2	1	2
304	3	720.83	1	2
304	3	848.24	1	2
304	3	694.38	1	2
304	3	1025.9	1	2
304	3	848.08	1	2
304	3	668.51	1	2
304	3	974.06	1	2
304	3	700.57	1	2
304	3	649.38	1	2
304	3	678.97	1	2
304	3	727.69	1	2
304	3	673.04	1	2
304	3	646.69	1	2
304	3	630.44	1	2
304	3	716.08	1	2
304	3	760.87	1	2
304	3	929.61	1	2
304	3	615.93	1	2
304	3	808.35	1	2
304	3	721.98	1	2
304	3	579.46	1	2
304	3	1201.5	0	2
304	3	1097.2	1	2
304	3	605.77	1	2
304	3	1154.9	1	2
304	3	616.44	1	2
304	3	1145.2	0	2
304	3	1108.9	1	2
304	3	644.23	1	2
304	3	898.37	1	2
304	3	671.87	1	2
304	3	845.81	1	2
304	3	579.08	1	2
304	3	520.8	1	2
304	3	711.65	1	2
304	3	630.56	1	2
304	3	910.1	1	2
304	3	602.69	1	2
304	3	694.48	1	2
304	3	1213.1	1	2
304	3	597.44	1	2
304	3	712.74	1	2
304	3	577.94	1	2
304	3	779.18	1	2
304	3	545.53	1	2
304	3	651.62	1	2
304	3	966.67	1	2
304	3	666.99	1	2
304	3	673.45	1	2
304	3	597.15	1	2
304	3	1123.3	1	2
304	3	989.51	1	2
304	3	881.99	1	2
304	3	971.22	1	2
304	3	554.32	1	2
304	3	728.25	1	2
304	3	600.78	1	2
304	3	914.97	1	2
304	3	625.69	1	2
304	3	1005.6	1	2
304	3	1081.3	1	2
304	3	700.59	1	2
304	3	757.69	1	2
304	3	857.79	1	2
304	3	669.84	1	2
304	3	661.63	1	2
304	3	709.88	1	2
304	3	851.67	1	2
304	3	624.02	1	2
304	3	610.46	1	2
304	3	646.78	1	2
304	3	619.43	1	2
304	3	696.41	1	2
304	3	936.18	1	2
304	3	1594.2	1	2
304	3	793.05	1	2
304	3	664.6	1	2
304	3	691.57	1	2
304	3	745.35	1	2
304	3	642.06	1	2
304	3	620.83	1	2
304	3	841.26	1	2
304	3	489.82	1	2
304	3	542.78	1	2
304	3	616.04	1	2
304	3	899.51	1	2
304	3	746.83	1	2
304	3	675.94	1	2
304	3	1022.1	1	2
304	3	594.85	1	2
304	3	726.72	1	2
304	3	845.79	1	2
304	3	595.31	1	2
304	3	570.12	1	2
304	3	506.26	1	2
304	3	722.04	1	2
304	3	881.19	1	2
304	3	1093.6	1	2
304	3	1055.6	1	2
304	3	604.79	1	2
304	3	551.9	1	2
304	3	893.49	1	2
304	3	665.42	1	2
304	3	678.6	1	2
304	3	1438.5	1	2
304	3	704.9	1	2
304	3	864.32	1	2
304	3	875.8	1	2
304	3	907.51	1	2
304	3	841.34	1	2
304	3	677.67	1	2
304	3	899.88	1	2
304	3	605.83	1	2
304	3	580.83	1	2
304	3	615.6	1	2
304	3	634.73	1	2
304	3	570.73	1	2
304	3	565.04	1	2
304	3	644.03	1	2
304	3	760.49	1	2
304	3	1441.7	1	2
304	3	708.87	1	2
304	3	797.27	1	2
304	3	592.86	1	2
304	3	545.87	1	2
304	3	639.95	1	2
304	3	846.69	1	2
304	3	626.08	1	2
304	3	674.48	1	2
304	3	659.8	1	2
304	3	624.79	1	2
304	3	391.92	1	2
304	3	436.44	1	2
304	3	602.64	1	2
304	3	655.2	1	2
304	3	627.81	1	2
304	3	870.54	1	2
304	3	625.18	1	2
304	3	731.51	1	2
304	3	658.22	1	2
304	3	1087.8	1	2
304	3	549.03	1	2
304	3	668.85	1	2
304	3	670.08	1	2
304	3	627.88	0	2
304	3	1045	1	2
304	3	671.56	1	2
304	3	666.13	1	2
304	3	572.69	1	2
304	3	669.21	1	2
304	3	604.07	1	2
304	3	805.06	1	2
304	3	615.13	1	2
304	3	785.92	1	2
304	3	767.73	1	2
304	3	576.89	1	2
304	3	701.79	1	2
304	3	621.19	1	2
304	3	782.83	1	2
304	3	560.21	1	2
304	3	764.8	1	2
304	3	603.84	1	2
304	3	604.36	1	2
304	3	593.05	1	2
304	3	1114	1	2
304	3	520.77	1	2
304	3	878.61	1	2
304	3	698.09	1	2
304	3	658.61	1	2
304	3	626.55	1	2
304	3	697.34	1	2
304	3	583.7	1	2
304	3	591.14	1	2
304	3	748.93	1	2
304	3	595.67	1	2
304	3	605.6	1	2
304	3	1164.6	1	2
304	3	626.57	1	2
304	3	648.97	1	2
304	3	591.84	1	2
304	3	651.58	1	2
304	3	474.22	1	2
304	3	489.04	1	2
304	3	630.84	1	2
304	3	772.64	1	2
304	3	656.13	1	2
304	3	607.22	1	2
304	3	626.68	1	2
304	3	682.65	1	2
304	3	740.33	1	2
304	3	504.5	1	2
304	3	621.34	1	2
304	3	642.17	1	2
304	3	1004	1	2
304	3	725.99	1	2
304	3	855.63	1	2
304	3	874.2	1	2
304	3	826.42	1	2
304	3	1520.1	1	2
304	3	621	1	2
304	3	616.91	1	2
304	3	519.56	1	2
304	3	1046.5	1	2
304	3	935.97	1	2
304	3	594.21	1	2
304	3	624.84	1	2
304	3	636.68	1	2
304	3	585.6	1	2
304	3	1173.3	1	2
304	3	800.88	1	2
304	3	699.88	1	2
304	3	580.17	1	2
304	3	893.42	1	2
304	3	606.96	1	2
304	3	711.01	1	2
304	3	603.72	1	2
304	3	517.69	1	2
304	3	704.01	1	2
304	3	660.04	1	2
304	3	602.25	1	2
304	3	610.73	1	2
304	3	715.17	1	2
304	3	638.46	1	2
304	3	776.23	1	2
304	3	681.76	1	2
304	3	871.16	1	2
304	3	1089.3	1	2
304	3	967.55	1	2
304	3	680.36	1	2
304	3	927.51	0	2
304	3	610.43	1	2
304	3	782.04	1	2
304	3	492.96	1	2
304	3	632.52	1	2
304	3	845.99	1	2
304	3	569.95	1	2
304	3	1538.9	1	2
304	3	1036.6	1	2
304	3	587.29	1	2
304	3	620.85	1	2
304	3	862.76	1	2
304	3	699.52	1	3
304	3	606.86	1	3
304	3	564.01	1	3
304	3	728.99	1	3
304	3	734.65	1	3
304	3	720.62	1	3
304	3	728.96	1	3
304	3	1034.2	1	3
304	3	936.97	1	3
304	3	579.73	1	3
304	3	586.23	1	3
304	3	681.29	1	3
304	3	843.62	1	3
304	3	679.39	1	3
304	3	568.67	1	3
304	3	856.91	1	3
304	3	789.82	1	3
304	3	644.89	1	3
304	3	687	1	3
304	3	718.72	1	3
304	3	685.42	1	3
304	3	773.98	1	3
304	3	840.72	1	3
304	3	992.29	1	3
304	3	713.52	1	3
304	3	729.79	1	3
304	3	717.27	1	3
304	3	658.91	1	3
304	3	640.39	1	3
304	3	707.16	1	3
304	3	1484.8	1	3
304	3	868.22	1	3
304	3	626	1	3
304	3	1061.6	1	3
304	3	714.66	1	3
304	3	666.37	1	3
304	3	581.54	1	3
304	3	769.61	1	3
304	3	776.14	1	3
304	3	832.24	1	3
304	3	916.96	1	3
304	3	785.79	1	3
304	3	656.41	1	3
304	3	607.7	1	3
304	3	635.49	1	3
304	3	647.49	1	3
304	3	658.4	1	3
304	3	1085	1	3
304	3	595.08	1	3
304	3	566.33	1	3
304	3	1220.6	1	3
304	3	943.48	1	3
304	3	685.36	1	3
304	3	616.55	1	3
304	3	1237.1	1	3
304	3	715.55	1	3
304	3	1109.3	1	3
304	3	732.74	1	3
304	3	751.66	1	3
304	3	822.63	1	3
304	3	716.08	1	3
304	3	800.15	1	3
304	3	640.45	1	3
304	3	633.01	1	3
304	3	647.04	1	3
304	3	661.07	1	3
304	3	1054.4	1	3
304	3	606.61	1	3
304	3	706.36	1	3
304	3	721.35	1	3
304	3	638.26	1	3
304	3	970.9	1	3
304	3	887.5	1	3
304	3	776.52	1	3
304	3	913.09	1	3
304	3	769.21	1	3
304	3	1293.4	1	3
304	3	727.65	1	3
304	3	629.43	1	3
304	3	996.76	1	3
304	3	725.92	1	3
304	3	761.88	1	3
304	3	654.1	1	3
304	3	648.9	1	3
304	3	621.21	1	3
304	3	611.88	1	3
304	3	612.9	1	3
304	3	517.99	1	3
304	3	596.96	1	3
304	3	621.63	1	3
304	3	684.4	1	3
304	3	694.51	1	3
304	3	688.83	1	3
304	3	730.34	1	3
304	3	624.97	1	3
304	3	590.76	1	3
304	3	663.64	1	3
304	3	610.76	1	3
304	3	719.04	1	3
304	3	828.17	1	3
304	3	798.46	1	3
304	3	652.34	1	3
304	3	814.64	1	3
304	3	831.41	1	3
304	3	1228.8	1	3
304	3	655.68	1	3
304	3	767.91	1	3
304	3	855.86	1	3
304	3	835.17	1	3
304	3	767.97	1	3
304	3	819.19	1	3
304	3	543.45	1	3
304	3	735.1	1	3
304	3	1040.8	1	3
304	3	556.44	1	3
304	3	685.33	1	3
304	3	654.01	1	3
304	3	724.56	1	3
304	3	775.42	1	3
304	3	1287.2	1	3
304	3	829	1	3
304	3	770.76	1	3
304	3	614.17	1	3
304	3	682.33	1	3
304	3	750.12	1	3
304	3	768.5	1	3
304	3	952.17	1	3
304	3	827.51	1	3
304	3	791.25	1	3
304	3	973.9	1	3
304	3	1073.5	1	3
304	3	1687.8	1	3
304	3	1076.4	1	3
304	3	994.68	1	3
304	3	796.68	1	3
304	3	1269.3	1	3
304	3	1325.7	1	3
304	3	1174.5	1	3
304	3	573.38	1	3
304	3	616.58	1	3
304	3	551.95	1	3
304	3	473.23	1	3
304	3	1136.9	1	3
304	3	1110	1	3
304	3	808.35	1	3
304	3	710.66	1	3
304	3	805.92	1	3
304	3	650.55	1	3
304	3	678.71	1	3
304	3	615.56	1	3
304	3	557.72	1	3
304	3	594.34	1	3
304	3	582.12	1	3
304	3	987.25	1	3
304	3	528.02	1	3
304	3	1007.4	1	3
304	3	1078.5	1	3
304	3	775.11	1	3
304	3	665.31	1	3
304	3	695.32	1	3
304	3	747.29	1	3
304	3	821.32	1	3
304	3	774.67	1	3
304	3	590.84	1	3
304	3	793.48	1	3
304	3	694.51	1	3
304	3	1838.1	1	3
304	3	705.1	1	3
304	3	642.22	1	3
304	3	784.02	1	3
304	3	652.71	1	3
304	3	763.59	1	3
304	3	813.9	1	3
304	3	671.61	1	3
304	3	619.88	1	3
304	3	753.45	1	3
304	3	701.07	1	3
304	3	549.35	1	3
304	3	734.4	1	3
304	3	1061.6	1	3
304	3	572.07	1	3
304	3	786.95	1	3
304	3	746.76	1	3
304	3	735.27	1	3
304	3	565.79	1	3
304	3	760.76	1	3
304	3	582.41	1	3
304	3	1030	1	3
304	3	888.78	1	3
304	3	1549.1	1	3
304	3	551.32	1	3
304	3	569.85	1	3
304	3	790.56	1	3
304	3	633.1	1	3
304	3	780.41	1	3
304	3	646.69	1	3
304	3	770.1	1	3
304	3	673.57	1	3
304	3	589.91	1	3
304	3	826.98	1	3
304	3	523.9	1	3
304	3	471.05	1	3
304	3	460.45	1	3
304	3	714.82	1	3
304	3	514.52	1	3
304	3	876.31	1	3
304	3	558.83	1	3
304	3	765.76	1	3
304	3	626.02	1	3
304	3	828.13	1	3
304	3	692.17	1	3
304	3	620.11	1	3
304	3	637.11	1	3
304	3	677.58	1	3
304	3	777.86	1	3
304	3	988.86	1	3
304	3	1036.7	1	3
304	3	775.05	1	3
304	3	725.95	1	3
304	3	754.25	1	3
304	3	625.47	1	3
304	3	941.84	1	3
304	3	648.98	1	3
304	3	588.96	1	3
304	3	601.48	1	3
304	3	777.58	1	3
304	3	651.86	1	3
304	3	674.6	1	3
304	3	651.93	1	3
304	3	618.77	1	3
304	3	689.05	1	3
304	3	1048.4	1	3
304	3	859.17	1	3
304	3	698.51	1	3
304	3	704.3	1	3
304	3	678.44	1	3
304	3	1095.7	1	3
304	3	698.61	1	3
304	3	581.41	1	3
304	3	513.16	1	3
304	3	455.72	1	3
304	3	425.36	1	3
304	3	594.16	1	3
304	3	679.76	1	3
304	3	788.6	1	3
304	3	958.42	1	3
304	3	617.14	1	3
304	3	639.58	1	3
304	3	719.32	1	3
304	3	577.29	1	3
304	3	989.07	1	3
304	3	682.98	1	3
304	3	1012	1	3
304	3	764.18	1	3
304	3	698.21	1	3
304	3	728.1	1	3
304	3	1468.9	1	3
304	3	654.99	1	3
304	3	607.74	1	3
304	3	570.54	1	3
304	3	680.01	1	3
304	3	507.89	1	3
304	3	531.5	1	3
304	3	745.6	1	3
304	3	634.27	1	3
304	3	634.26	1	3
304	3	593.28	1	3
304	3	531.4	1	3
304	3	703.15	1	3
304	3	1058.1	1	3
304	3	551.69	1	3
304	3	923.1	1	3
304	3	1168.1	1	3
304	3	795.98	1	3
304	3	823.08	1	3
304	3	643.78	1	3
304	3	637.19	1	3
304	3	602.36	1	3
304	3	559.41	1	3
304	3	579.05	1	3
304	3	599.16	1	3
304	3	579.3	1	3
304	3	568.74	1	3
304	3	608.73	1	3
304	3	1017.8	0	3
304	3	827.06	1	3
304	3	896.61	1	3
304	3	537.45	1	3
304	3	567.73	1	3
304	3	620.14	1	3
304	3	462.06	1	3
304	3	479.55	1	3
304	3	588.93	1	3
304	3	613.08	1	3
304	3	614.28	1	3
304	3	727.67	1	3
304	3	628.37	1	3
304	3	518.12	1	3
304	3	556.07	1	3
304	3	539.99	1	3
304	3	611.77	1	3
304	3	586.61	1	3
304	3	835.16	1	3
304	3	649.2	1	3
304	3	735.49	1	3
304	3	629.74	1	3
304	3	1060	1	3
304	3	844.82	1	3
304	3	901.55	1	3
304	3	611.03	1	3
304	3	660.16	1	3
304	3	701.82	1	3
304	3	850.98	1	3
304	3	604.07	1	3
304	3	836.63	0	3
304	3	1027.9	1	3
304	3	720.97	1	3
304	3	502.25	0	3
304	3	666.1	1	3
304	3	787.52	1	3
304	3	536.79	1	3
304	3	1249.2	1	3
304	3	806.78	1	3
304	3	866.45	1	3
304	3	855.38	1	3
304	3	547.33	1	3
304	3	767.31	1	3
304	3	752.88	1	3
304	3	798.81	1	3
304	3	697.67	1	3
304	3	580.07	1	3
304	3	592.08	1	3
304	3	1226.2	0	3
304	3	680.35	1	3
304	3	627.12	1	3
304	3	811.97	1	3
304	3	674.57	1	3
304	3	911.5	1	3
304	3	1491.4	1	3
304	3	934.35	1	3
304	3	622.1	1	3
304	3	551.95	1	3
304	3	718.87	1	3
304	3	603.56	1	3
304	3	652.15	1	3
304	3	1861.8	1	3
304	3	1029.1	1	3
304	3	746.74	1	3
304	3	552.11	1	3
304	3	620.13	1	3
304	3	661.5	1	4
304	3	807.96	1	4
304	3	705.19	1	4
304	3	1255.5	1	4
304	3	947.42	1	4
304	3	697.49	1	4
304	3	902.16	1	4
304	3	1267.2	1	4
304	3	796.52	1	4
304	3	618.49	1	4
304	3	1297.4	1	4
304	3	981.8	1	4
304	3	595.19	1	4
304	3	642.07	1	4
304	3	1222.9	1	4
304	3	653.74	1	4
304	3	1042.6	1	4
304	3	656.53	1	4
304	3	1391	1	4
304	3	831.78	1	4
304	3	951.37	1	4
304	3	745.4	1	4
304	3	1004.7	0	4
304	3	600.47	1	4
304	3	715.17	1	4
304	3	748.11	1	4
304	3	704.81	1	4
304	3	1201.4	1	4
304	3	685.17	1	4
304	3	706.5	1	4
304	3	708.21	1	4
304	3	721.43	1	4
304	3	622.38	1	4
304	3	988.92	1	4
304	3	1205.6	1	4
304	3	883.13	1	4
304	3	921.99	1	4
304	3	1433	1	4
304	3	782.35	1	4
304	3	1180.4	1	4
304	3	691.66	1	4
304	3	763.85	1	4
304	3	846.3	1	4
304	3	645.25	1	4
304	3	708.17	1	4
304	3	902.62	0	4
304	3	926.39	1	4
304	3	1071.8	1	4
304	3	700.23	1	4
304	3	1202.4	1	4
304	3	708.9	1	4
304	3	813.59	1	4
304	3	800.53	1	4
304	3	1031	1	4
304	3	712.96	1	4
304	3	1140.7	1	4
304	3	782.76	1	4
304	3	807.28	1	4
304	3	1121.8	1	4
304	3	1113.5	1	4
304	3	705.55	1	4
304	3	960.54	1	4
304	3	554.97	0	4
304	3	957.15	1	4
304	3	1189.7	1	4
304	3	707.87	1	4
304	3	1103.6	1	4
304	3	613.62	1	4
304	3	595.17	1	4
304	3	665.69	1	4
304	3	613.58	1	4
304	3	720.85	1	4
304	3	1211.2	1	4
304	3	762.51	1	4
304	3	518.87	1	4
304	3	805.46	1	4
304	3	641.91	1	4
304	3	964.37	1	4
304	3	1541.6	1	4
304	3	667.56	1	4
304	3	659.52	1	4
304	3	1057.4	1	4
304	3	801.1	1	4
304	3	796.02	1	4
304	3	583.95	1	4
304	3	643.77	1	4
304	3	654.87	1	4
304	3	741.3	1	4
304	3	785.43	1	4
304	3	703.45	1	4
304	3	532.16	1	4
304	3	670.34	1	4
304	3	538.01	1	4
304	3	532.28	1	4
304	3	633.9	1	4
304	3	932.13	1	4
304	3	588.73	1	4
304	3	670.97	1	4
304	3	765.29	1	4
304	3	1011.5	0	4
304	3	795.61	1	4
304	3	1786.7	1	4
304	3	828.71	1	4
304	3	838.35	1	4
304	3	856.51	1	4
304	3	927.63	1	4
304	3	1101.3	1	4
304	3	1158.9	1	4
304	3	1008.1	1	4
304	3	1135.7	1	4
304	3	735.45	1	4
304	3	561.44	1	4
304	3	869.93	1	4
304	3	679.08	1	4
304	3	903.51	1	4
304	3	618.57	1	4
304	3	1849.1	1	4
304	3	1344.5	1	4
304	3	1125.3	1	4
304	3	954.79	1	4
304	3	728.48	1	4
304	3	633.33	1	4
304	3	759.64	1	4
304	3	1214.5	1	4
304	3	601.68	1	4
304	3	862.6	1	4
304	3	672.91	1	4
304	3	1069.7	1	4
304	3	947.11	1	4
304	3	674.03	1	4
304	3	895.34	1	4
304	3	782.78	1	4
304	3	1361.2	1	4
304	3	1117.5	1	4
304	3	825.54	1	4
304	3	702.53	1	4
304	3	757.31	1	4
304	3	1313.9	1	4
304	3	652.71	1	4
304	3	782.33	1	4
304	3	1270.4	1	4
304	3	701	1	4
304	3	703.51	1	4
304	3	614.64	1	4
304	3	661.99	1	4
304	3	689.2	1	4
304	3	680.39	1	4
304	3	662.47	1	4
304	3	657.36	1	4
304	3	604.85	1	4
304	3	741.44	1	4
304	3	610.13	1	4
304	3	812.01	0	4
304	3	697.31	1	4
304	3	624.2	1	4
304	3	576.96	1	4
304	3	946.53	1	4
304	3	940.74	1	4
304	3	698.3	1	4
304	3	1492.9	1	4
304	3	1068.2	1	4
304	3	743.66	1	4
304	3	966.53	1	4
304	3	842.47	1	4
304	3	1004.8	1	4
304	3	958.35	1	4
304	3	652.66	1	4
304	3	963.91	1	4
304	3	949.72	1	4
304	3	646.3	1	4
304	3	1164.7	1	4
304	3	745.06	1	4
304	3	1183.3	1	4
304	3	639.25	1	4
304	3	589.3	1	4
304	3	701.81	1	4
304	3	844.5	1	4
304	3	639.64	1	4
304	3	709.59	1	4
304	3	609.67	1	4
304	3	982.56	1	4
304	3	690.56	1	4
304	3	993.27	1	4
304	3	762.73	1	4
304	3	1110.2	1	4
304	3	1059.3	1	4
304	3	642.15	1	4
304	3	1392.3	1	4
304	3	1111.8	1	4
304	3	1039.4	1	4
304	3	991.72	1	4
304	3	726.27	1	4
304	3	906.48	1	4
304	3	883.84	1	4
304	3	632.43	1	4
304	3	980.35	0	4
304	3	1826.8	1	4
304	3	651.18	1	4
304	3	992.1	1	4
304	3	565.74	1	4
304	3	797.36	1	4
304	3	661.61	1	4
304	3	1343.9	1	4
304	3	1089.8	1	4
304	3	681.59	1	4
304	3	563.56	1	4
304	3	647.63	1	4
304	3	577.38	1	4
304	3	683.11	1	4
304	3	688.98	1	4
304	3	572.27	1	4
304	3	481.21	1	4
304	3	799.12	0	4
304	3	664.19	1	4
304	3	763.64	1	4
304	3	791.42	1	4
304	3	827.63	1	4
304	3	673.53	1	4
304	3	662.21	1	4
304	3	507.17	1	4
304	3	1200.1	1	4
304	3	623.16	1	4
304	3	565.24	1	4
304	3	632.26	1	4
304	3	561.78	1	4
304	3	602.28	1	4
304	3	699.93	1	4
304	3	674.95	1	4
304	3	686.65	1	4
304	3	661.53	1	4
304	3	683.21	1	4
304	3	658.13	1	4
304	3	528.5	1	4
304	3	644.49	1	4
304	3	1057.1	1	4
304	3	682.26	1	4
304	3	987.72	1	4
304	3	632.53	1	4
304	3	752.73	1	4
304	3	666.34	1	4
304	3	898.4	1	4
304	3	671.88	1	4
304	3	655.77	1	4
304	3	608.37	1	4
304	3	596.08	1	4
304	3	701.41	1	4
304	3	712.86	1	4
304	3	749.84	1	4
304	3	731.99	1	4
304	3	587.13	1	4
304	3	692.85	1	4
304	3	689.88	1	4
304	3	637	1	4
304	3	1595.6	1	4
304	3	666.74	1	4
304	3	1217.3	1	4
304	3	692.44	1	4
304	3	1045.1	1	4
304	3	1560.5	1	4
304	3	684.2	1	4
304	3	794.5	1	4
304	3	550.29	1	4
304	3	1087.1	1	4
304	3	882.96	1	4
304	3	566.71	1	4
304	3	518.79	1	4
304	3	868.66	1	4
304	3	1038.6	1	4
304	3	832.23	1	4
304	3	544.3	1	4
304	3	733.33	1	4
304	3	1207	1	4
304	3	580.44	1	4
304	3	628.73	1	4
304	3	579.51	1	4
304	3	565.44	1	4
304	3	642.51	1	4
304	3	715.99	1	4
304	3	763.37	1	4
304	3	686.98	1	4
304	3	1136.2	1	4
304	3	654.76	1	4
304	3	528.26	1	4
304	3	794.08	1	4
304	3	1043.7	1	4
304	3	793.04	1	4
304	3	720.42	1	4
304	3	792.75	1	4
304	3	688.12	1	4
304	3	695.24	1	4
304	3	1162.8	1	4
304	3	861.19	1	4
304	3	693.85	1	4
304	3	743.67	1	4
304	3	485.92	1	4
304	3	501.2	1	4
304	3	660.48	1	4
304	3	521.5	1	4
304	3	1098.1	1	4
304	3	620.29	1	4
304	3	662.57	1	4
304	3	1039.2	0	4
304	3	822.05	1	4
304	3	1057	1	4
304	3	659.57	1	4
304	3	902.01	1	4
304	3	742.47	1	4
304	3	897.8	1	4
304	3	743.77	1	4
304	3	1078.1	1	4
304	3	788.42	1	4
304	3	627.93	1	4
304	3	910.39	1	4
304	3	881.31	1	4
304	3	744.45	1	4
304	3	690.63	1	4
304	3	1132.9	1	4
304	3	768.33	1	4
304	3	728.62	1	4
304	3	1448.9	1	4
304	3	1141.1	1	4
304	3	657.69	1	4
304	3	857.24	1	4
304	3	709.97	1	4
304	3	602.23	1	4
304	3	620.16	1	4
304	3	595.52	1	4
304	3	587.3	1	4
304	3	1171	1	4
304	3	652.76	1	4
304	3	649.5	1	4
304	3	777.46	1	4
304	3	1426.3	1	4
304	3	776.36	1	4
304	3	1415.2	1	4
304	3	602.68	1	4
304	3	971.25	1	4
304	3	619.55	1	4
304	3	906.7	1	4
304	3	822.36	0	4
304	3	1027.4	1	4
304	3	1142.3	1	4
304	3	1053.9	1	4
304	3	638.5	1	4
304	3	890.46	1	4
304	3	1030.5	1	4
304	3	756.7	1	4
304	3	1410.9	1	4
304	3	795.01	1	5
304	3	820.51	1	5
304	3	722.79	1	5
304	3	695	1	5
304	3	754.37	1	5
304	3	1001.6	1	5
304	3	863.78	1	5
304	3	1244.9	1	5
304	3	766.33	1	5
304	3	783.38	1	5
304	3	839.08	1	5
304	3	934.99	1	5
304	3	959.25	1	5
304	3	619.33	1	5
304	3	671.76	1	5
304	3	848.08	1	5
304	3	727.42	1	5
304	3	797.8	1	5
304	3	670.16	1	5
304	3	982.36	1	5
304	3	965.38	1	5
304	3	806.33	1	5
304	3	691.36	1	5
304	3	844.19	1	5
304	3	981.81	1	5
304	3	632.04	1	5
304	3	832.3	1	5
304	3	625.57	1	5
304	3	1226.9	1	5
304	3	1102.8	1	5
304	3	919.63	1	5
304	3	948.05	1	5
304	3	820.09	1	5
304	3	625.6	1	5
304	3	866.68	1	5
304	3	845.49	1	5
304	3	869.65	1	5
304	3	1220.7	1	5
304	3	927.52	1	5
304	3	811.65	1	5
304	3	877.73	1	5
304	3	739.81	1	5
304	3	1007.3	1	5
304	3	811.24	1	5
304	3	875.78	1	5
304	3	1035	1	5
304	3	810.82	1	5
304	3	999.34	0	5
304	3	762.14	1	5
304	3	1011.6	1	5
304	3	851.91	1	5
304	3	845.2	1	5
304	3	653.51	1	5
304	3	637.53	1	5
304	3	728.76	1	5
304	3	1232.7	0	5
304	3	795.49	1	5
304	3	822.81	1	5
304	3	787.02	1	5
304	3	597.37	1	5
304	3	531.98	0	5
304	3	765.74	1	5
304	3	771.38	1	5
304	3	711.73	1	5
304	3	898.89	0	5
304	3	982.81	1	5
304	3	632.14	1	5
304	3	607.62	1	5
304	3	1066.6	1	5
304	3	686.23	1	5
304	3	878.22	1	5
304	3	638.93	1	5
304	3	680.13	1	5
304	3	821.01	1	5
304	3	785.68	1	5
304	3	769.47	1	5
304	3	963.8	1	5
304	3	779.91	1	5
304	3	669.8	1	5
304	3	785.35	1	5
304	3	903.66	1	5
304	3	1020.3	1	5
304	3	704.54	1	5
304	3	809.43	0	5
304	3	777.89	1	5
304	3	1066.6	1	5
304	3	504.07	1	5
304	3	883.62	1	5
304	3	857.07	1	5
304	3	768.94	1	5
304	3	922.06	1	5
304	3	769.37	1	5
304	3	695.12	1	5
304	3	880.06	1	5
304	3	573.97	1	5
304	3	507.8	0	5
304	3	505.46	0	5
304	3	706.12	1	5
304	3	776.15	1	5
304	3	625.65	1	5
304	3	923.76	0	5
304	3	1260.3	0	5
304	3	1652.9	0	5
304	3	1099.2	1	5
304	3	854.08	1	5
304	3	992.11	1	5
304	3	905.69	1	5
304	3	890.14	1	5
304	3	825.92	1	5
304	3	942.5	1	5
304	3	860.01	1	5
304	3	963.29	1	5
304	3	959.56	1	5
304	3	948.56	1	5
304	3	793.89	1	5
304	3	1328	1	5
304	3	1100.2	1	5
304	3	845.02	1	5
304	3	779.93	1	5
304	3	1002.1	0	5
304	3	944.73	1	5
304	3	844.35	1	5
304	3	1227	1	5
304	3	735.74	1	5
304	3	858.79	1	5
304	3	974.06	1	5
304	3	704.29	1	5
304	3	809.72	1	5
304	3	1348	1	5
304	3	844.4	1	5
304	3	1333.9	1	5
304	3	1153.6	1	5
304	3	845.85	1	5
304	3	846.58	1	5
304	3	872.09	1	5
304	3	787.73	1	5
304	3	1053.5	1	5
304	3	1013.5	1	5
304	3	1001.3	1	5
304	3	760.77	1	5
304	3	715.32	1	5
304	3	817.36	1	5
304	3	668.62	1	5
304	3	942.84	1	5
304	3	1124.7	1	5
304	3	840.7	1	5
304	3	1432.3	1	5
304	3	1083.6	1	5
304	3	1028.8	1	5
304	3	1017.6	1	5
304	3	649.47	1	5
304	3	677.14	1	5
304	3	747.98	1	5
304	3	581.47	1	5
304	3	1153.5	1	5
304	3	924.41	1	5
304	3	817.98	1	5
304	3	993.51	1	5
304	3	722.95	1	5
304	3	633.52	1	5
304	3	1366.5	0	5
304	3	861.43	1	5
304	3	845.86	1	5
304	3	730.13	1	5
304	3	754.24	1	5
304	3	1550.5	1	5
304	3	736.56	1	5
304	3	1118.9	1	5
304	3	774.49	1	5
304	3	802.13	1	5
304	3	889.88	1	5
304	3	709.74	1	5
304	3	602.59	1	5
304	3	794.94	1	5
304	3	932.17	1	5
304	3	738.15	1	5
304	3	1172	1	5
304	3	745.47	1	5
304	3	796.53	1	5
304	3	784.83	1	5
304	3	826.79	1	5
304	3	1254.3	1	5
304	3	571.91	1	5
304	3	689.24	1	5
304	3	745.42	1	5
304	3	630.29	0	5
304	3	743.97	1	5
304	3	1023.2	1	5
304	3	779.66	1	5
304	3	909.13	1	5
304	3	773.86	1	5
304	3	819.79	1	5
304	3	1017.1	1	5
304	3	930.33	1	5
304	3	746.58	0	5
304	3	946.97	0	5
304	3	789.52	1	5
304	3	925.84	1	5
304	3	815.29	1	5
304	3	771.35	1	5
304	3	581.21	1	5
304	3	814.04	1	5
304	3	645.63	1	5
304	3	534.74	1	5
304	3	843.7	0	5
304	3	825.93	1	5
304	3	736.08	1	5
304	3	763.4	1	5
304	3	872.44	1	5
304	3	680.08	1	5
304	3	793.23	1	5
304	3	745.79	0	5
304	3	916.63	1	5
304	3	1040.5	1	5
304	3	1265.7	1	5
304	3	1085.4	1	5
304	3	807.14	1	5
304	3	798.46	1	5
304	3	834.86	1	5
304	3	681.37	1	5
304	3	769.03	1	5
304	3	666.3	1	5
304	3	717.54	1	5
304	3	1211.6	1	5
304	3	834.01	1	5
304	3	1084.4	1	5
304	3	720.15	1	5
304	3	579.47	0	5
304	3	820.15	1	5
304	3	1005.5	1	5
304	3	748.37	1	5
304	3	706.54	1	5
304	3	929.5	1	5
304	3	823.96	1	5
304	3	941.99	1	5
304	3	811.47	1	5
304	3	918.46	1	5
304	3	709.92	1	5
304	3	684.96	1	5
304	3	709.78	1	5
304	3	765.11	1	5
304	3	940.97	1	5
304	3	630.44	1	5
304	3	835.42	1	5
304	3	1096.7	1	5
304	3	747.4	1	5
304	3	595.15	1	5
304	3	637.48	1	5
304	3	674.6	1	5
304	3	670.79	1	5
304	3	682.69	1	5
304	3	830.64	1	5
304	3	1043.8	1	5
304	3	832.76	1	5
304	3	879.19	1	5
304	3	747.28	1	5
304	3	786.17	1	5
304	3	895.34	1	5
304	3	825.01	1	5
304	3	863.92	1	5
304	3	707.57	1	5
304	3	1025.8	1	5
304	3	871.55	1	5
304	3	752.76	1	5
304	3	787.42	1	5
304	3	942.61	1	5
304	3	702.99	1	5
304	3	1128.7	1	5
304	3	644.28	0	5
304	3	846.97	1	5
304	3	822.85	1	5
304	3	762.78	1	5
304	3	672.77	1	5
304	3	777.35	1	5
304	3	1143.4	0	5
304	3	825.97	1	5
304	3	636.88	1	5
304	3	1183.4	1	5
304	3	632.11	1	5
304	3	595.33	1	5
304	3	645.38	1	5
304	3	591.15	1	5
304	3	596.62	1	5
304	3	966.49	1	5
304	3	743.86	1	5
304	3	810.81	1	5
304	3	996.91	1	5
304	3	781.89	1	5
304	3	839.12	1	5
304	3	806.46	1	5
304	3	858.83	1	5
304	3	789.51	1	5
304	3	588.36	1	5
304	3	792.5	1	5
304	3	632.03	1	5
304	3	835.33	1	5
304	3	992.61	1	5
304	3	581.42	1	5
304	3	816.83	1	5
304	3	1325.2	1	5
304	3	688.04	0	5
304	3	751.68	1	5
304	3	644.63	1	5
304	3	539.6	1	5
304	3	1107.2	1	5
304	3	848.49	1	5
304	3	674.9	1	5
304	3	743.93	1	5
304	3	947.79	1	5
304	3	649.97	1	5
304	3	878.96	1	5
304	3	701.81	1	5
304	3	1283.9	1	5
304	3	818.62	1	5
304	3	650.82	1	5
304	3	715.3	0	5
304	3	822.31	1	5
304	3	680.66	1	5
304	3	761.05	1	5
304	3	798.57	1	5
304	3	1169.8	1	5
304	3	638.49	1	5
304	3	701.58	1	5
304	3	891.91	1	5
304	3	731.74	1	5
304	3	903.01	1	5
304	3	993.83	1	5
304	3	676.02	1	5
304	3	994.92	1	5
304	3	653.26	1	5
304	3	605.01	0	5
304	3	995.27	1	5
304	3	786.63	1	5
304	3	745.78	1	5
304	3	853.01	1	5
304	3	878.26	0	5
304	3	859.2	1	5
304	3	1680.7	1	5
304	3	973.48	1	5
304	3	841.17	0	5
304	3	860.22	1	5
304	3	722.88	1	5
304	3	720.36	1	5
304	3	765.31	1	5
304	3	875.2	1	5
304	3	736.03	1	5
304	3	780.24	1	5
304	3	580.47	1	5
304	3	1128.2	1	5
304	3	612.36	1	5
304	3	948.05	1	6
304	3	617.88	1	6
304	3	876.46	0	6
304	3	1590.3	1	6
304	3	689.15	1	6
304	3	764.77	1	6
304	3	1416.9	1	6
304	3	1071.7	1	6
304	3	844.64	1	6
304	3	674.13	1	6
304	3	1658.1	1	6
304	3	718.19	1	6
304	3	947.14	1	6
304	3	1382	0	6
304	3	1094.9	1	6
304	3	853.35	1	6
304	3	649.22	1	6
304	3	797.5	1	6
304	3	663.52	1	6
304	3	961.62	1	6
304	3	910.33	1	6
304	3	652.68	1	6
304	3	906.91	1	6
304	3	826.03	1	6
304	3	715.16	1	6
304	3	658.24	1	6
304	3	690.06	1	6
304	3	892.67	1	6
304	3	1066.3	1	6
304	3	754.91	1	6
304	3	951.24	1	6
304	3	954.73	1	6
304	3	1207.2	1	6
304	3	898.11	1	6
304	3	1053.4	1	6
304	3	851.49	1	6
304	3	889.96	1	6
304	3	753.65	1	6
304	3	1231.1	1	6
304	3	740.42	1	6
304	3	1260.1	1	6
304	3	960.2	1	6
304	3	683.1	1	6
304	3	628.92	1	6
304	3	732.36	1	6
304	3	886.23	1	6
304	3	718.99	1	6
304	3	829.12	0	6
304	3	881.06	1	6
304	3	1098.6	1	6
304	3	727.7	1	6
304	3	740.2	1	6
304	3	1096.7	1	6
304	3	1019	1	6
304	3	602.14	1	6
304	3	1248.3	0	6
304	3	814.38	1	6
304	3	965.65	1	6
304	3	642.42	1	6
304	3	575.23	1	6
304	3	768.3	1	6
304	3	895.7	1	6
304	3	611.48	1	6
304	3	610.75	1	6
304	3	754.87	1	6
304	3	756.2	1	6
304	3	831.92	1	6
304	3	650.94	1	6
304	3	484.65	1	6
304	3	994.93	1	6
304	3	895.12	1	6
304	3	559.11	1	6
304	3	650.89	1	6
304	3	758.18	1	6
304	3	657.52	0	6
304	3	658.5	1	6
304	3	722.19	1	6
304	3	762.21	1	6
304	3	823.07	1	6
304	3	759.3	1	6
304	3	882.08	1	6
304	3	1394.6	1	6
304	3	643.02	1	6
304	3	784.81	1	6
304	3	619.42	1	6
304	3	920.48	1	6
304	3	737.05	1	6
304	3	714.12	1	6
304	3	672.77	1	6
304	3	552.66	1	6
304	3	565.6	1	6
304	3	832.7	1	6
304	3	641.35	1	6
304	3	513.88	1	6
304	3	977.85	1	6
304	3	621.38	1	6
304	3	940.12	1	6
304	3	676.97	1	6
304	3	745.76	1	6
304	3	1316.1	1	6
304	3	914.76	1	6
304	3	1199.8	1	6
304	3	1261.7	1	6
304	3	626.4	1	6
304	3	781.97	1	6
304	3	1375.9	1	6
304	3	1017.1	1	6
304	3	1420.6	1	6
304	3	812.92	1	6
304	3	885.29	1	6
304	3	743.64	1	6
304	3	738.74	1	6
304	3	884.59	1	6
304	3	727.73	1	6
304	3	744.47	1	6
304	3	654.34	1	6
304	3	998.04	1	6
304	3	1129.1	1	6
304	3	879.44	1	6
304	3	867.69	1	6
304	3	822.71	1	6
304	3	852.42	1	6
304	3	753.18	1	6
304	3	1346	0	6
304	3	1062.5	1	6
304	3	599.17	1	6
304	3	764.27	1	6
304	3	870.33	1	6
304	3	675.11	1	6
304	3	774.83	1	6
304	3	1353.4	1	6
304	3	739.45	1	6
304	3	753.29	1	6
304	3	1116.5	1	6
304	3	724.42	1	6
304	3	774.78	1	6
304	3	1179.7	1	6
304	3	992.66	0	6
304	3	1301.4	1	6
304	3	690.99	1	6
304	3	938.05	1	6
304	3	829.87	1	6
304	3	865.1	1	6
304	3	966.5	1	6
304	3	1301.2	0	6
304	3	926.03	1	6
304	3	755.45	1	6
304	3	636.92	1	6
304	3	720.18	1	6
304	3	1129.5	1	6
304	3	603.15	1	6
304	3	984.77	1	6
304	3	718.83	1	6
304	3	581.95	1	6
304	3	655.43	1	6
304	3	919.14	1	6
304	3	1391.1	0	6
304	3	870.83	1	6
304	3	1703.5	1	6
304	3	861.76	1	6
304	3	897.82	1	6
304	3	657.2	1	6
304	3	789.85	0	6
304	3	901.7	1	6
304	3	690.66	1	6
304	3	813.46	1	6
304	3	682.33	1	6
304	3	738.86	1	6
304	3	765.56	1	6
304	3	988.63	1	6
304	3	584.3	1	6
304	3	899.51	1	6
304	3	681.53	1	6
304	3	596.64	1	6
304	3	987.39	1	6
304	3	720.74	1	6
304	3	704.24	1	6
304	3	834	1	6
304	3	731.9	1	6
304	3	588.99	1	6
304	3	1264.7	1	6
304	3	648.31	1	6
304	3	597.83	1	6
304	3	1332.2	1	6
304	3	661.89	1	6
304	3	679.89	1	6
304	3	671.7	1	6
304	3	1264.4	1	6
304	3	844.57	1	6
304	3	788.26	1	6
304	3	863.46	1	6
304	3	744.02	1	6
304	3	949.94	1	6
304	3	836.15	1	6
304	3	1059.9	1	6
304	3	724.06	1	6
304	3	975.83	1	6
304	3	676.78	1	6
304	3	796.47	1	6
304	3	750.17	1	6
304	3	539.7	1	6
304	3	955.29	1	6
304	3	1579.1	1	6
304	3	631.67	1	6
304	3	620.65	1	6
304	3	753.93	1	6
304	3	892.15	1	6
304	3	938.25	1	6
304	3	514.59	1	6
304	3	1092.9	1	6
304	3	1195.7	1	6
304	3	648.38	1	6
304	3	966.44	1	6
304	3	1158.3	1	6
304	3	522.01	1	6
304	3	785.06	1	6
304	3	573.17	1	6
304	3	636.81	1	6
304	3	783.52	1	6
304	3	1053.3	1	6
304	3	588.13	1	6
304	3	747.29	1	6
304	3	521.38	1	6
304	3	750.65	1	6
304	3	1043.8	1	6
304	3	665.74	1	6
304	3	819.26	1	6
304	3	800.33	1	6
304	3	656.01	1	6
304	3	559.34	1	6
304	3	712.2	1	6
304	3	598.08	1	6
304	3	778.7	1	6
304	3	1239.1	1	6
304	3	655.45	1	6
304	3	1128.5	1	6
304	3	760.49	1	6
304	3	907.16	1	6
304	3	530.17	1	6
304	3	1092.6	1	6
304	3	772.81	1	6
304	3	1073.4	1	6
304	3	669.87	1	6
304	3	554.97	1	6
304	3	783.57	1	6
304	3	614.39	1	6
304	3	655.16	1	6
304	3	680.41	1	6
304	3	687.75	1	6
304	3	788.11	1	6
304	3	628.85	1	6
304	3	817.32	1	6
304	3	822.88	1	6
304	3	492.56	1	6
304	3	692.56	1	6
304	3	708.39	1	6
304	3	578.01	1	6
304	3	529.55	1	6
304	3	632.57	1	6
304	3	711.34	1	6
304	3	513.11	1	6
304	3	484.86	1	6
304	3	1170.2	1	6
304	3	814.95	1	6
304	3	1127.7	1	6
304	3	611.85	1	6
304	3	749.74	1	6
304	3	1098.8	1	6
304	3	731.72	1	6
304	3	981.11	1	6
304	3	472.61	1	6
304	3	1108.9	1	6
304	3	612.44	1	6
304	3	836.48	1	6
304	3	834.25	1	6
304	3	550.77	1	6
304	3	709.42	1	6
304	3	719.38	1	6
304	3	707.35	1	6
304	3	590.94	1	6
304	3	821.95	0	6
304	3	1026.5	1	6
304	3	654.55	1	6
304	3	1045.9	0	6
304	3	744.25	1	6
304	3	1142.5	1	6
304	3	928.94	1	6
304	3	821.78	1	6
304	3	570.3	1	6
304	3	1193.2	1	6
304	3	755.29	1	6
304	3	997.32	1	6
304	3	633.42	1	6
304	3	542.71	1	6
304	3	803.91	1	6
304	3	637.56	1	6
304	3	892.85	1	6
304	3	807.36	1	6
304	3	604.66	1	6
304	3	785.33	1	6
304	3	909.93	1	6
304	3	557.63	1	6
304	3	766.37	1	6
304	3	597.31	1	6
304	3	552.05	1	6
304	3	637.74	1	6
304	3	714.94	1	6
304	3	1044.3	1	6
304	3	585.65	1	6
304	3	737.62	0	6
304	3	725.64	1	6
304	3	803.62	1	6
304	3	751.11	1	6
304	3	516.7	1	6
304	3	777.23	0	6
304	3	631.44	1	6
304	3	670.08	1	6
304	3	571.94	1	6
304	3	740.41	1	6
304	3	1338.7	1	6
304	3	716.84	1	6
304	3	1168.7	1	6
304	3	670.44	1	6
304	3	696.43	1	6
304	3	466.92	1	6
304	3	747.53	1	6
304	3	1622	0	6
304	3	667.36	1	6
304	3	675.51	1	6
304	3	632.61	1	6
304	3	1015.4	1	6
304	3	958.87	0	6
304	3	1004.5	1	6
304	3	967.7	1	6
304	3	859.74	1	6
304	3	1250.9	1	6
304	3	1281.8	1	6
304	3	837.49	1	6
304	3	895.18	1	6
304	3	796.35	1	6
304	3	561.36	1	6
304	3	821.48	1	6
304	3	926.19	1	6
304	3	923.62	1	6
304	3	947.2	1	6
304	3	709.88	1	6
304	3	624.85	1	6
304	3	1064.7	1	6
304	3	739.43	1	6
304	3	663.93	1	7
304	3	522.36	1	7
304	3	667.42	1	7
304	3	572.65	1	7
304	3	671.08	1	7
304	3	648.73	1	7
304	3	680.52	1	7
304	3	623.4	1	7
304	3	650.66	1	7
304	3	607.9	1	7
304	3	1019.9	1	7
304	3	555.53	1	7
304	3	579.51	1	7
304	3	673.91	1	7
304	3	587.16	1	7
304	3	832.24	1	7
304	3	620.9	1	7
304	3	618.23	1	7
304	3	630.48	1	7
304	3	660.82	1	7
304	3	642.44	1	7
304	3	518.7	1	7
304	3	600.91	1	7
304	3	663.81	1	7
304	3	596.5	1	7
304	3	755.86	1	7
304	3	656.96	1	7
304	3	563.48	1	7
304	3	578.02	1	7
304	3	501.17	1	7
304	3	593.66	1	7
304	3	607.23	1	7
304	3	476.52	1	7
304	3	557.74	1	7
304	3	516.37	1	7
304	3	541.39	1	7
304	3	605.95	1	7
304	3	594.4	1	7
304	3	573.81	1	7
304	3	530.25	1	7
304	3	678.21	1	7
304	3	587.02	1	7
304	3	521.03	1	7
304	3	528.42	1	7
304	3	565.89	1	7
304	3	482.64	1	7
304	3	1003.4	1	7
304	3	568.28	1	7
304	3	574.47	1	7
304	3	530.48	1	7
304	3	614.28	1	7
304	3	531.69	1	7
304	3	539.32	1	7
304	3	498.68	1	7
304	3	579	1	7
304	3	565.78	1	7
304	3	878.51	1	7
304	3	651.36	1	7
304	3	558.62	1	7
304	3	781.99	1	7
304	3	729.23	1	7
304	3	489.37	1	7
304	3	445.71	1	7
304	3	529.23	1	7
304	3	545.07	1	7
304	3	619.48	1	7
304	3	561.73	1	7
304	3	581.49	1	7
304	3	428.44	1	7
304	3	606.3	1	7
304	3	823.64	1	7
304	3	530.84	1	7
304	3	562.19	1	7
304	3	533.75	1	7
304	3	595.53	1	7
304	3	602.3	1	7
304	3	618.62	1	7
304	3	558.19	1	7
304	3	606.01	1	7
304	3	513.77	1	7
304	3	676.71	1	7
304	3	849.13	1	7
304	3	515.78	1	7
304	3	489.75	1	7
304	3	456.42	1	7
304	3	564.2	1	7
304	3	491.35	1	7
304	3	558.21	1	7
304	3	442.31	1	7
304	3	477.77	1	7
304	3	429.6	1	7
304	3	459.04	1	7
304	3	501.52	1	7
304	3	545.4	1	7
304	3	567.79	1	7
304	3	535.47	1	7
304	3	853.82	1	7
304	3	592.86	1	7
304	3	481.84	1	7
304	3	566.26	1	7
304	3	800.97	1	7
304	3	670.8	1	7
304	3	686.66	1	7
304	3	647.88	1	7
304	3	789.12	1	7
304	3	634.34	1	7
304	3	760.73	1	7
304	3	656.63	1	7
304	3	644.27	1	7
304	3	1055.9	1	7
304	3	749.89	1	7
304	3	684.54	1	7
304	3	698.26	1	7
304	3	709.42	1	7
304	3	608.3	1	7
304	3	795.42	1	7
304	3	538.01	1	7
304	3	670.28	1	7
304	3	698.72	1	7
304	3	687.85	1	7
304	3	533.76	1	7
304	3	592.38	1	7
304	3	587.1	1	7
304	3	540.55	1	7
304	3	490.47	1	7
304	3	629.05	1	7
304	3	625.61	1	7
304	3	655.01	1	7
304	3	558.96	1	7
304	3	561.58	1	7
304	3	468.43	1	7
304	3	594.53	1	7
304	3	612.72	1	7
304	3	624.48	1	7
304	3	616.25	1	7
304	3	586.65	1	7
304	3	560.92	1	7
304	3	572.88	1	7
304	3	543.08	1	7
304	3	544.99	1	7
304	3	521.43	1	7
304	3	645.57	1	7
304	3	694.69	1	7
304	3	467.2	1	7
304	3	644.45	1	7
304	3	615.06	1	7
304	3	692.62	1	7
304	3	650.21	1	7
304	3	565.12	1	7
304	3	554.59	1	7
304	3	797.18	1	7
304	3	595.24	1	7
304	3	673.87	0	7
304	3	518.69	1	7
304	3	480.94	1	7
304	3	567.62	1	7
304	3	644.06	1	7
304	3	545.38	1	7
304	3	685.61	1	7
304	3	840.15	1	7
304	3	776.21	1	7
304	3	565	1	7
304	3	587.76	1	7
304	3	605.83	1	7
304	3	547.22	1	7
304	3	560.38	1	7
304	3	509.76	1	7
304	3	564.21	1	7
304	3	545.18	1	7
304	3	527.02	1	7
304	3	508.97	1	7
304	3	628.77	1	7
304	3	926.72	1	7
304	3	588.89	1	7
304	3	548.02	1	7
304	3	572.05	1	7
304	3	555.5	1	7
304	3	512.98	1	7
304	3	510.37	1	7
304	3	589.85	1	7
304	3	614.01	1	7
304	3	895.94	1	7
304	3	527.63	1	7
304	3	501.87	1	7
304	3	634.62	1	7
304	3	559.93	1	7
304	3	779.15	1	7
304	3	669.52	1	7
304	3	551.5	1	7
304	3	585.05	1	7
304	3	963.54	1	7
304	3	519.97	1	7
304	3	546.55	1	7
304	3	562.36	1	7
304	3	497.97	1	7
304	3	601.13	1	7
304	3	685.53	1	7
304	3	553.05	1	7
304	3	546.29	1	7
304	3	1036.8	1	7
304	3	501.85	1	7
304	3	458.64	1	7
304	3	573.84	1	7
304	3	541.33	1	7
304	3	429.59	1	7
304	3	537.5	1	7
304	3	960.74	1	7
304	3	477.36	1	7
304	3	530.59	1	7
304	3	583.56	1	7
304	3	781.91	1	7
304	3	533.2	1	7
304	3	475.87	1	7
304	3	614.68	1	7
304	3	491.78	1	7
304	3	631.4	1	7
304	3	570.92	1	7
304	3	526.39	1	7
304	3	521.07	1	7
304	3	713.45	1	7
304	3	678.09	1	7
304	3	534.46	1	7
304	3	536.73	1	7
304	3	513.8	1	7
304	3	471.59	1	7
304	3	613.59	1	7
304	3	498.65	1	7
304	3	537.85	1	7
304	3	480.68	1	7
304	3	470.78	1	7
304	3	463.81	1	7
304	3	518.98	1	7
304	3	495.99	1	7
304	3	433.08	1	7
304	3	415.49	1	7
304	3	568.21	1	7
304	3	743.57	1	7
304	3	558.41	1	7
304	3	494.99	1	7
304	3	606.55	1	7
304	3	605.83	1	7
304	3	496.18	1	7
304	3	585.67	1	7
304	3	568.07	1	7
304	3	539.91	1	7
304	3	427.6	1	7
304	3	522.23	1	7
304	3	492.04	1	7
304	3	857.84	1	7
304	3	674.82	1	7
304	3	622.99	1	7
304	3	546.33	1	7
304	3	586.63	1	7
304	3	571.29	1	7
304	3	697.04	1	7
304	3	486.29	1	7
304	3	576.61	1	7
304	3	558.89	1	7
304	3	487.35	1	7
304	3	596.1	0	7
304	3	532.41	1	7
304	3	494.2	1	7
304	3	495.34	1	7
304	3	512.39	1	7
304	3	539.1	1	7
304	3	851.9	1	7
304	3	516.23	1	7
304	3	631.16	1	7
304	3	504.02	1	7
304	3	569.87	1	7
304	3	469.88	1	7
304	3	525.24	1	7
304	3	444.3	1	7
304	3	543.52	1	7
304	3	588.85	1	7
304	3	491.19	1	7
304	3	547.28	1	7
304	3	493.37	1	7
304	3	520.01	0	7
304	3	753.12	1	7
304	3	503.26	1	7
304	3	482.26	1	7
304	3	1235.7	1	7
304	3	588.64	1	7
304	3	553.56	1	7
304	3	777.17	1	7
304	3	811.32	1	7
304	3	617.45	1	7
304	3	542.49	1	7
304	3	508.75	1	7
304	3	521.46	1	7
304	3	477.7	1	7
304	3	691.15	1	7
304	3	560.5	1	7
304	3	816.09	1	7
304	3	558.19	1	7
304	3	738.04	1	7
304	3	454.55	1	7
304	3	657.88	1	7
304	3	475.21	1	7
304	3	596.93	1	7
304	3	510.49	1	7
304	3	499.74	1	7
304	3	484.23	1	7
304	3	539.15	1	7
304	3	433.63	1	7
304	3	593.16	1	7
304	3	485.94	1	7
304	3	573.72	1	7
304	3	672.23	1	7
304	3	643.4	1	7
304	3	653.69	1	7
304	3	721.64	1	7
304	3	435.1	1	7
304	3	485.51	1	7
304	3	966.78	1	7
304	3	556.25	1	7
304	3	619.84	1	7
304	3	713.68	1	7
304	3	734.97	1	7
304	3	691.38	1	7
304	3	848.78	1	7
304	3	885.18	1	7
304	3	692.64	1	7
304	3	581.37	1	7
304	3	597.93	1	7
304	3	536.85	1	7
304	3	482.31	1	7
304	3	685.1	1	7
304	3	551.64	1	7
304	3	1136.3	1	7
304	3	715.41	1	7
304	3	507.77	1	7
304	3	741.98	1	7
304	3	628.68	1	7
304	3	639.76	1	7
304	3	535.17	1	7
304	3	649.14	1	7
304	3	522.6	1	7
304	3	560.1	1	7
304	3	570.86	1	7
304	3	470.16	1	7
304	3	563.01	1	7
304	3	467.2	1	7
304	3	623.52	1	7
304	3	488.31	1	7
304	3	517.17	1	7
304	3	558.37	1	7
304	3	583.55	1	7
304	3	614.44	1	7
304	3	601.56	1	8
304	3	921.49	1	8
304	3	529.2	1	8
304	3	589.86	1	8
304	3	635.17	1	8
304	3	1034.6	1	8
304	3	686.61	1	8
304	3	611.24	1	8
304	3	1022.6	1	8
304	3	619.85	1	8
304	3	671.81	1	8
304	3	613.06	1	8
304	3	787.17	1	8
304	3	665.18	0	8
304	3	780.09	1	8
304	3	756.93	1	8
304	3	577.71	1	8
304	3	589.44	1	8
304	3	551.85	1	8
304	3	710.57	1	8
304	3	505.65	1	8
304	3	755.82	1	8
304	3	706.93	1	8
304	3	634.06	1	8
304	3	517.39	1	8
304	3	634.21	1	8
304	3	684.39	1	8
304	3	584.34	1	8
304	3	623.44	1	8
304	3	539.33	1	8
304	3	618.84	1	8
304	3	703.97	1	8
304	3	561.43	1	8
304	3	507.21	1	8
304	3	519.68	1	8
304	3	665.2	1	8
304	3	704.35	1	8
304	3	725.31	1	8
304	3	547.31	1	8
304	3	1131.8	1	8
304	3	511	1	8
304	3	577.13	1	8
304	3	654.75	1	8
304	3	529.49	1	8
304	3	563.56	1	8
304	3	646.62	1	8
304	3	557.26	1	8
304	3	605.8	1	8
304	3	757.27	1	8
304	3	468.64	1	8
304	3	504.83	1	8
304	3	511.19	1	8
304	3	557.87	1	8
304	3	534.92	1	8
304	3	606.44	1	8
304	3	643.54	1	8
304	3	642.95	1	8
304	3	766.97	1	8
304	3	595.2	1	8
304	3	581.31	1	8
304	3	489.17	1	8
304	3	938.59	1	8
304	3	512.65	1	8
304	3	569.87	1	8
304	3	520.73	1	8
304	3	624.09	1	8
304	3	648.11	1	8
304	3	559.37	1	8
304	3	587.97	1	8
304	3	541.22	1	8
304	3	489.34	1	8
304	3	758	1	8
304	3	519.73	1	8
304	3	556.97	1	8
304	3	812.38	1	8
304	3	592.02	1	8
304	3	920.29	1	8
304	3	606.17	1	8
304	3	595.6	1	8
304	3	581.36	1	8
304	3	594.23	1	8
304	3	609.63	1	8
304	3	956.2	1	8
304	3	600.24	1	8
304	3	418.08	1	8
304	3	479.34	1	8
304	3	451.5	1	8
304	3	595.49	1	8
304	3	601.15	0	8
304	3	512.07	1	8
304	3	475.16	1	8
304	3	478.3	1	8
304	3	487.96	1	8
304	3	592.7	1	8
304	3	855.91	1	8
304	3	559.61	1	8
304	3	453.09	1	8
304	3	505.32	1	8
304	3	491.61	1	8
304	3	521	1	8
304	3	730.53	1	8
304	3	1035.4	1	8
304	3	758.95	1	8
304	3	869.88	1	8
304	3	803.17	1	8
304	3	1298.9	1	8
304	3	813.16	1	8
304	3	734.13	1	8
304	3	681.84	1	8
304	3	749.97	1	8
304	3	618.29	1	8
304	3	1149.7	1	8
304	3	676.96	1	8
304	3	675.31	1	8
304	3	604.7	1	8
304	3	505.99	1	8
304	3	597.99	1	8
304	3	579.7	1	8
304	3	1007.7	1	8
304	3	785.53	1	8
304	3	690.14	1	8
304	3	872.9	1	8
304	3	536.44	1	8
304	3	532	1	8
304	3	986.33	1	8
304	3	580.73	1	8
304	3	570.54	1	8
304	3	682.11	1	8
304	3	607.08	1	8
304	3	957.72	1	8
304	3	1086	1	8
304	3	553.89	1	8
304	3	567.01	1	8
304	3	656.72	1	8
304	3	716.89	1	8
304	3	661.22	1	8
304	3	662.48	1	8
304	3	567.52	1	8
304	3	544.74	1	8
304	3	538.1	1	8
304	3	564.11	1	8
304	3	602.99	1	8
304	3	530.92	1	8
304	3	663.79	1	8
304	3	566.82	1	8
304	3	625.9	1	8
304	3	634.63	1	8
304	3	650.48	1	8
304	3	614.18	1	8
304	3	725.58	1	8
304	3	692.01	1	8
304	3	620.85	1	8
304	3	749.16	1	8
304	3	765.92	1	8
304	3	588.69	1	8
304	3	705.87	1	8
304	3	599.83	1	8
304	3	599.97	1	8
304	3	667.14	1	8
304	3	1457.4	1	8
304	3	541.28	1	8
304	3	549.7	1	8
304	3	550.09	1	8
304	3	639.76	1	8
304	3	509.76	1	8
304	3	599.87	1	8
304	3	541.57	1	8
304	3	634.9	1	8
304	3	609.86	1	8
304	3	627.11	1	8
304	3	521.85	1	8
304	3	760.32	1	8
304	3	644.3	1	8
304	3	539.68	1	8
304	3	556.07	1	8
304	3	716.33	1	8
304	3	548.82	1	8
304	3	605.75	1	8
304	3	545.78	1	8
304	3	657.7	1	8
304	3	918.96	1	8
304	3	531.9	1	8
304	3	623.56	1	8
304	3	519.42	1	8
304	3	455.37	1	8
304	3	589.08	1	8
304	3	630.07	1	8
304	3	531.37	1	8
304	3	588.53	1	8
304	3	575.97	1	8
304	3	576.18	1	8
304	3	526.7	1	8
304	3	756.34	1	8
304	3	503.39	1	8
304	3	536.51	1	8
304	3	483.04	1	8
304	3	557.66	1	8
304	3	503.5	1	8
304	3	506.52	1	8
304	3	584.95	1	8
304	3	729.03	0	8
304	3	427.29	1	8
304	3	1091.2	1	8
304	3	562.26	1	8
304	3	549.7	1	8
304	3	511.77	1	8
304	3	508.47	1	8
304	3	505.92	1	8
304	3	795.75	1	8
304	3	543.22	1	8
304	3	491.24	1	8
304	3	609.28	1	8
304	3	544.41	1	8
304	3	558.41	1	8
304	3	524.99	1	8
304	3	703.63	1	8
304	3	523.9	1	8
304	3	486.59	1	8
304	3	460.86	1	8
304	3	575.62	1	8
304	3	523.64	1	8
304	3	513.85	1	8
304	3	519.03	1	8
304	3	585.18	1	8
304	3	526.44	1	8
304	3	499.35	1	8
304	3	540.48	1	8
304	3	503.53	1	8
304	3	498.45	1	8
304	3	465.51	1	8
304	3	543.45	1	8
304	3	582.85	1	8
304	3	566.89	1	8
304	3	503.28	1	8
304	3	442.23	1	8
304	3	561.15	1	8
304	3	759.57	1	8
304	3	517.3	1	8
304	3	550.86	1	8
304	3	914.99	1	8
304	3	785.15	1	8
304	3	455.2	1	8
304	3	577.13	1	8
304	3	580.56	1	8
304	3	525.72	1	8
304	3	519.55	1	8
304	3	477.62	1	8
304	3	504.91	1	8
304	3	493.88	1	8
304	3	496.07	1	8
304	3	1047.2	1	8
304	3	641.96	1	8
304	3	907.24	1	8
304	3	626.61	1	8
304	3	592.03	1	8
304	3	530.16	1	8
304	3	514.87	1	8
304	3	517.66	1	8
304	3	531.52	1	8
304	3	931.67	1	8
304	3	527.56	1	8
304	3	544.15	1	8
304	3	569.7	1	8
304	3	589.35	1	8
304	3	508.38	1	8
304	3	476.51	1	8
304	3	1194.1	1	8
304	3	486.34	1	8
304	3	493.56	1	8
304	3	1370.5	0	8
304	3	448.41	1	8
304	3	807.37	1	8
304	3	450.71	1	8
304	3	437.82	1	8
304	3	532.42	1	8
304	3	428.86	1	8
304	3	589.71	1	8
304	3	480.98	1	8
304	3	680.23	1	8
304	3	514.65	1	8
304	3	508.21	1	8
304	3	523.51	1	8
304	3	546.03	1	8
304	3	549.71	1	8
304	3	516.35	1	8
304	3	696.05	1	8
304	3	635.93	1	8
304	3	588.12	1	8
304	3	526.26	1	8
304	3	579.56	1	8
304	3	529.82	1	8
304	3	539.46	1	8
304	3	569.3	1	8
304	3	523.67	1	8
304	3	499.95	1	8
304	3	610.61	1	8
304	3	520.15	1	8
304	3	477.26	1	8
304	3	565.68	1	8
304	3	556.85	1	8
304	3	581.31	1	8
304	3	921.18	1	8
304	3	572.33	1	8
304	3	887.23	1	8
304	3	521.94	1	8
304	3	583.75	0	8
304	3	520.04	1	8
304	3	622.42	1	8
304	3	685.83	1	8
304	3	590.27	1	8
304	3	565.89	1	8
304	3	1122.3	1	8
304	3	544.24	1	8
304	3	570.01	1	8
304	3	557.18	1	8
304	3	551.39	1	8
304	3	709.95	1	8
304	3	578.03	1	8
304	3	927.5	1	8
304	3	829.16	1	8
304	3	437.11	1	8
304	3	807.75	1	8
304	3	633.92	1	8
304	3	610.93	1	8
304	3	1031.3	1	8
304	3	1248.4	1	8
304	3	648.64	1	8
304	3	609.3	1	8
304	3	818.33	1	8
304	3	619.37	1	8
304	3	595.72	1	8
304	3	565.93	1	8
304	3	571.35	1	8
304	3	491.48	1	8
304	3	610.18	1	8
304	3	512.52	1	8
304	3	523.82	1	8
304	3	529.67	1	8
304	3	912.52	1	8
304	3	570.97	1	8
304	3	697.85	1	8
304	3	578.09	1	8
304	3	469.76	1	8
304	3	567.81	1	8
304	3	613	1	8
304	3	639.87	1	8
304	3	507.78	1	8
304	3	563.06	1	8
304	3	566.9	1	8
304	3	499.67	1	8
304	3	625.95	1	9
304	3	641.1	1	9
304	3	598.64	1	9
304	3	655.35	1	9
304	3	1438.1	1	9
304	3	618.09	1	9
304	3	616.77	1	9
304	3	816.17	1	9
304	3	649.17	1	9
304	3	725.64	1	9
304	3	606.26	1	9
304	3	634.65	1	9
304	3	609.28	1	9
304	3	544.44	1	9
304	3	602.31	1	9
304	3	635.39	1	9
304	3	570.74	1	9
304	3	670.7	1	9
304	3	698.2	1	9
304	3	652.48	1	9
304	3	520.76	1	9
304	3	549.88	1	9
304	3	628.08	1	9
304	3	502.85	1	9
304	3	612.81	1	9
304	3	684.95	1	9
304	3	686.59	1	9
304	3	556.6	1	9
304	3	516.62	1	9
304	3	592.55	1	9
304	3	547.18	1	9
304	3	619.45	1	9
304	3	561.99	1	9
304	3	613.42	1	9
304	3	528.31	1	9
304	3	620.68	1	9
304	3	715.15	1	9
304	3	563.04	1	9
304	3	617.85	1	9
304	3	584.25	1	9
304	3	591.08	1	9
304	3	601.85	1	9
304	3	554.83	1	9
304	3	502.55	1	9
304	3	695.19	1	9
304	3	603.94	1	9
304	3	874.69	1	9
304	3	469.65	1	9
304	3	475.41	1	9
304	3	482.81	1	9
304	3	447.41	1	9
304	3	509.17	1	9
304	3	541.18	1	9
304	3	521.79	1	9
304	3	569.47	1	9
304	3	645.32	1	9
304	3	743.88	1	9
304	3	674.15	1	9
304	3	619.13	1	9
304	3	662.37	1	9
304	3	463.1	1	9
304	3	454.49	1	9
304	3	529.42	1	9
304	3	609.48	1	9
304	3	606.67	1	9
304	3	570.79	1	9
304	3	1093.8	1	9
304	3	659.72	1	9
304	3	929.83	1	9
304	3	679.22	1	9
304	3	583.26	1	9
304	3	517.76	1	9
304	3	587.94	1	9
304	3	657.44	1	9
304	3	564.74	1	9
304	3	533.47	1	9
304	3	697.04	1	9
304	3	533	1	9
304	3	618.72	1	9
304	3	544.76	1	9
304	3	636.96	1	9
304	3	531	1	9
304	3	595.92	1	9
304	3	612.47	1	9
304	3	548.35	1	9
304	3	537.62	1	9
304	3	527.61	1	9
304	3	522.74	1	9
304	3	463.36	1	9
304	3	756.93	1	9
304	3	545.59	1	9
304	3	688.51	1	9
304	3	419.41	1	9
304	3	407.76	1	9
304	3	468.31	1	9
304	3	490.41	1	9
304	3	824.44	1	9
304	3	464.11	1	9
304	3	462.07	1	9
304	3	539.59	1	9
304	3	690.03	1	9
304	3	1075.9	1	9
304	3	621.05	1	9
304	3	654.03	1	9
304	3	611.53	1	9
304	3	1043.4	1	9
304	3	598.31	1	9
304	3	600.86	1	9
304	3	887.71	1	9
304	3	867.09	1	9
304	3	991.51	1	9
304	3	615.09	1	9
304	3	659.75	1	9
304	3	688.23	1	9
304	3	660.91	1	9
304	3	688.19	1	9
304	3	555.59	1	9
304	3	603.29	1	9
304	3	1028.3	1	9
304	3	728.43	1	9
304	3	675.84	1	9
304	3	662.24	1	9
304	3	558.64	1	9
304	3	613.53	1	9
304	3	624.43	1	9
304	3	548.9	1	9
304	3	647.07	1	9
304	3	534.33	1	9
304	3	597.06	1	9
304	3	531.78	1	9
304	3	734.56	1	9
304	3	563.57	1	9
304	3	648.82	1	9
304	3	616.35	1	9
304	3	553.44	1	9
304	3	642.92	1	9
304	3	568.69	1	9
304	3	937.74	1	9
304	3	590.25	1	9
304	3	551.4	1	9
304	3	510.21	1	9
304	3	603.52	1	9
304	3	528.77	1	9
304	3	1346.8	1	9
304	3	571.69	1	9
304	3	558.34	1	9
304	3	781.87	1	9
304	3	663.21	1	9
304	3	683.22	1	9
304	3	943.67	1	9
304	3	645.65	1	9
304	3	524.59	1	9
304	3	930.66	1	9
304	3	579.07	1	9
304	3	610.21	1	9
304	3	524.58	1	9
304	3	560.7	1	9
304	3	681.04	1	9
304	3	727.27	1	9
304	3	621.51	1	9
304	3	555.06	1	9
304	3	618.91	1	9
304	3	1547.2	1	9
304	3	539.16	1	9
304	3	508.65	1	9
304	3	506.87	1	9
304	3	529.77	1	9
304	3	609.39	1	9
304	3	551.84	1	9
304	3	513.41	1	9
304	3	900.33	1	9
304	3	688.48	1	9
304	3	538.67	1	9
304	3	557.7	1	9
304	3	586.65	1	9
304	3	572.56	1	9
304	3	626.64	1	9
304	3	515.53	1	9
304	3	556	1	9
304	3	503.76	1	9
304	3	455.13	1	9
304	3	507.69	1	9
304	3	497.69	1	9
304	3	541.89	1	9
304	3	581.65	1	9
304	3	545.04	1	9
304	3	596.55	1	9
304	3	564.55	1	9
304	3	1627.4	1	9
304	3	510.72	1	9
304	3	580.47	1	9
304	3	518.66	1	9
304	3	463.91	1	9
304	3	470.1	1	9
304	3	531.04	1	9
304	3	498.93	1	9
304	3	495.05	1	9
304	3	825	1	9
304	3	561.83	1	9
304	3	518.42	1	9
304	3	579.7	1	9
304	3	456.33	1	9
304	3	501.75	1	9
304	3	901	1	9
304	3	960.05	1	9
304	3	557.03	1	9
304	3	510.81	1	9
304	3	504.07	1	9
304	3	499.96	1	9
304	3	1322	1	9
304	3	593.79	1	9
304	3	492.6	1	9
304	3	524.44	1	9
304	3	543.89	1	9
304	3	1250.9	1	9
304	3	412.48	1	9
304	3	548.55	1	9
304	3	465.4	1	9
304	3	476.43	1	9
304	3	511.18	1	9
304	3	495.12	1	9
304	3	497.73	1	9
304	3	826.03	1	9
304	3	532.68	1	9
304	3	506.92	1	9
304	3	1009.4	1	9
304	3	507.95	1	9
304	3	488.35	1	9
304	3	583.65	1	9
304	3	607.49	1	9
304	3	495.68	1	9
304	3	474.03	1	9
304	3	471.78	1	9
304	3	556.39	1	9
304	3	584.5	1	9
304	3	448.56	1	9
304	3	559.43	1	9
304	3	568.36	1	9
304	3	541.88	1	9
304	3	594.07	1	9
304	3	507.19	1	9
304	3	480.33	1	9
304	3	480.47	1	9
304	3	463.28	1	9
304	3	492.91	1	9
304	3	470.44	1	9
304	3	519.28	1	9
304	3	454.9	1	9
304	3	443.35	1	9
304	3	635.93	1	9
304	3	458.14	1	9
304	3	601.42	1	9
304	3	489.85	1	9
304	3	501.98	1	9
304	3	887.59	1	9
304	3	473.62	1	9
304	3	541.96	1	9
304	3	898.14	1	9
304	3	536.06	1	9
304	3	489.9	1	9
304	3	568.11	1	9
304	3	524.83	1	9
304	3	479.64	1	9
304	3	779.91	1	9
304	3	449.91	1	9
304	3	500.12	1	9
304	3	566.3	1	9
304	3	598.31	1	9
304	3	553.76	1	9
304	3	497.79	1	9
304	3	518.81	1	9
304	3	526.16	1	9
304	3	873.49	1	9
304	3	615.89	1	9
304	3	472.87	1	9
304	3	461.59	1	9
304	3	447.32	1	9
304	3	515.12	1	9
304	3	530.76	1	9
304	3	483.81	1	9
304	3	477.6	1	9
304	3	551.68	1	9
304	3	437.68	1	9
304	3	600.87	1	9
304	3	714.06	1	9
304	3	504.33	1	9
304	3	739.54	1	9
304	3	462.75	1	9
304	3	471.08	1	9
304	3	568.48	1	9
304	3	574.88	1	9
304	3	536.55	1	9
304	3	1004.8	1	9
304	3	544.62	1	9
304	3	436.62	1	9
304	3	1063.1	1	9
304	3	498.48	1	9
304	3	475.14	1	9
304	3	470.89	1	9
304	3	581.52	1	9
304	3	527.16	1	9
304	3	575.83	1	9
304	3	693.61	1	9
304	3	773.06	1	9
304	3	868.08	1	9
304	3	512.57	1	9
304	3	675.92	1	9
304	3	624.95	1	9
304	3	580.62	1	9
304	3	520.87	1	9
304	3	882.26	1	9
304	3	574.8	1	9
304	3	800.35	1	9
304	3	517.73	1	9
304	3	653.78	1	9
304	3	1082.4	1	9
304	3	646.48	1	9
304	3	648.84	1	9
304	3	575.76	1	9
304	3	1073.4	1	9
304	3	734.34	1	9
304	3	1221.3	1	9
304	3	533.04	1	9
304	3	589.37	1	9
304	3	541.05	1	9
304	3	833.03	1	9
304	3	478.64	1	9
304	3	506.37	1	9
304	3	473.45	1	9
304	3	738.64	1	9
304	3	734.09	1	9
304	3	523.74	1	9
304	3	725.09	1	9
304	3	656.81	1	9
304	3	1195.3	1	9
304	3	571.5	1	9
304	3	546.81	1	9
304	3	584.31	1	9
304	3	567.25	1	9
304	3	518.36	1	9
304	3	1201	1	9
304	3	543.9	1	9
304	3	955.53	1	9
304	3	684.36	1	9
304	3	590.89	1	9
304	3	1049.2	1	9
304	3	508.51	1	9
304	3	1304.5	1	9
304	3	487.75	1	9
