303	3	920.06	1	1
303	3	945.25	1	1
303	3	1696.9	1	1
303	3	889.72	1	1
303	3	761.16	1	1
303	3	1281.7	1	1
303	3	1231.2	1	1
303	3	941.21	1	1
303	3	748.21	1	1
303	3	991.77	1	1
303	3	651.41	1	1
303	3	1917	1	1
303	3	782.02	1	1
303	3	996.16	1	1
303	3	713.07	1	1
303	3	774.53	1	1
303	3	1124	1	1
303	3	791.83	1	1
303	3	1616.9	1	1
303	3	676.09	1	1
303	3	783.25	1	1
303	3	1109.2	1	1
303	3	1295.3	1	1
303	3	820.77	1	1
303	3	2090	1	1
303	3	1790.3	1	1
303	3	1771.7	1	1
303	3	1051.8	1	1
303	3	1176.5	1	1
303	3	915.82	1	1
303	3	683.67	1	1
303	3	1709.3	1	1
303	3	1422.7	1	1
303	3	822.89	1	1
303	3	750.62	1	1
303	3	1697.9	1	1
303	3	954.08	1	1
303	3	853.28	1	1
303	3	1226.4	1	1
303	3	3225.2	1	1
303	3	818.45	1	1
303	3	951.74	1	1
303	3	991.27	1	1
303	3	1312.1	1	1
303	3	1007.3	1	1
303	3	947.72	1	1
303	3	828.49	1	1
303	3	748.18	1	1
303	3	940.4	1	1
303	3	961.23	1	1
303	3	870.44	1	1
303	3	914.01	1	1
303	3	1771	1	1
303	3	1203.3	1	1
303	3	654.41	1	1
303	3	896.83	1	1
303	3	654.25	1	1
303	3	833.59	1	1
303	3	2038.1	1	1
303	3	1402.3	1	1
303	3	988.59	1	1
303	3	819.35	1	1
303	3	1088	1	1
303	3	793.45	1	1
303	3	1319.2	1	1
303	3	1317.8	1	1
303	3	856.72	1	1
303	3	771.19	1	1
303	3	1126.8	1	1
303	3	1010.2	1	1
303	3	824.79	1	1
303	3	854.93	1	1
303	3	784.12	1	1
303	3	1064.4	1	1
303	3	1613.7	1	1
303	3	1024.2	1	1
303	3	740.62	1	1
303	3	638.7	1	1
303	3	653.11	1	1
303	3	612.41	1	1
303	3	1110.5	1	1
303	3	687.73	1	1
303	3	1094	1	1
303	3	737.41	1	1
303	3	1167.3	1	1
303	3	1124.9	1	1
303	3	597.07	1	1
303	3	839.04	1	1
303	3	850.06	1	1
303	3	822.19	1	1
303	3	1074.9	1	1
303	3	755.14	1	1
303	3	740.41	1	1
303	3	968.89	1	1
303	3	2101.7	1	1
303	3	1255.5	1	1
303	3	1508.6	1	1
303	3	1406.1	1	1
303	3	1058.6	1	1
303	3	741.61	1	1
303	3	1706	1	1
303	3	1408.9	1	1
303	3	1462	1	1
303	3	1389.8	1	1
303	3	885.95	1	1
303	3	1091.7	1	1
303	3	872.12	1	1
303	3	815.35	1	1
303	3	842.95	1	1
303	3	1232.3	1	1
303	3	718.33	1	1
303	3	959.19	1	1
303	3	663.6	1	1
303	3	869.8	1	1
303	3	1756.3	1	1
303	3	680.17	1	1
303	3	1272.6	1	1
303	3	772.94	1	1
303	3	710.4	1	1
303	3	917.18	1	1
303	3	3489.5	1	1
303	3	2648.1	1	1
303	3	832.52	1	1
303	3	737.8	1	1
303	3	1508.2	1	1
303	3	561.95	1	1
303	3	875.83	1	1
303	3	950.06	1	1
303	3	1101.1	1	1
303	3	645.65	1	1
303	3	1089.4	1	1
303	3	1850.5	1	1
303	3	1382.8	1	1
303	3	864.59	1	1
303	3	681.69	1	1
303	3	1308.5	1	1
303	3	1551.1	1	1
303	3	792.73	1	1
303	3	1550.3	1	1
303	3	922.46	1	1
303	3	654.7	1	1
303	3	783.82	1	1
303	3	1298.8	1	1
303	3	1244	1	1
303	3	751.47	1	1
303	3	1119	0	1
303	3	969.07	1	1
303	3	1786.4	1	1
303	3	1291.3	1	1
303	3	1051.2	1	1
303	3	856.95	1	1
303	3	877.53	1	1
303	3	2108.2	1	1
303	3	1903.4	1	1
303	3	648.62	1	1
303	3	679.26	1	1
303	3	840.03	1	1
303	3	698.25	1	1
303	3	1832.7	1	1
303	3	799.95	1	1
303	3	1229.6	1	1
303	3	822.2	1	1
303	3	2096.6	1	1
303	3	639.6	1	1
303	3	2210.5	1	1
303	3	805.69	1	1
303	3	794.22	1	1
303	3	3550.5	1	1
303	3	2040.7	1	1
303	3	1653	1	1
303	3	1024.3	1	1
303	3	829.81	1	1
303	3	1184.7	1	1
303	3	920.51	1	1
303	3	1658.4	1	1
303	3	1231.9	1	1
303	3	2071.4	1	1
303	3	2186.8	1	1
303	3	1485	1	1
303	3	2131.3	1	1
303	3	743.7	1	1
303	3	2321.4	1	1
303	3	1332.1	1	1
303	3	1946.2	1	1
303	3	2137.7	1	1
303	3	2025.5	1	1
303	3	1445.7	1	1
303	3	3955.5	1	1
303	3	3366.8	1	1
303	3	862.25	1	1
303	3	2712.4	1	1
303	3	2273.9	1	1
303	3	4030.2	1	1
303	3	2420.4	1	1
303	3	2087	1	1
303	3	1443.9	1	1
303	3	2785.1	1	1
303	3	1211.2	1	1
303	3	1146.9	1	1
303	3	1175.9	1	1
303	3	997.5	1	1
303	3	958.03	1	1
303	3	1760.4	1	1
303	3	1638.5	1	1
303	3	907.12	1	1
303	3	840.11	1	1
303	3	692.45	1	1
303	3	1569.1	1	1
303	3	1144.8	1	1
303	3	1752.4	1	1
303	3	998.93	1	1
303	3	2640.8	1	1
303	3	2251.1	1	1
303	3	638.24	1	1
303	3	1057.5	1	1
303	3	2270.6	1	1
303	3	3131.7	1	1
303	3	2891.6	1	1
303	3	1283.4	1	1
303	3	1889.8	1	1
303	3	1414.1	1	1
303	3	860.41	1	1
303	3	1156.1	1	1
303	3	1732.4	1	1
303	3	1375.8	1	1
303	3	1768.2	1	1
303	3	885.85	1	1
303	3	627.32	1	1
303	3	1405.3	1	1
303	3	829.24	1	1
303	3	1254.5	1	1
303	3	2573.7	1	1
303	3	4071	1	1
303	3	1026.3	1	1
303	3	858.11	1	1
303	3	1838.8	1	1
303	3	1658.1	1	1
303	3	4044.9	1	1
303	3	2206.6	1	1
303	3	769.08	1	1
303	3	1548.4	1	1
303	3	1472.6	1	1
303	3	774.26	1	1
303	3	991.13	1	1
303	3	1367.3	1	1
303	3	969.22	1	1
303	3	1368.7	1	1
303	3	939.99	1	1
303	3	1500.7	1	1
303	3	1164.8	1	1
303	3	2950.1	0	1
303	3	1095	1	1
303	3	674.3	1	1
303	3	1085	1	1
303	3	919.55	1	1
303	3	1315.1	1	1
303	3	1283.6	1	1
303	3	1038.9	1	1
303	3	649.85	1	1
303	3	2023.4	1	1
303	3	757.44	1	1
303	3	682.46	1	1
303	3	1955.6	1	1
303	3	2140	1	1
303	3	944.02	1	1
303	3	1584.3	0	1
303	3	3362.3	1	1
303	3	2179	0	1
303	3	1725.7	1	1
303	3	645.65	1	1
303	3	727.83	1	1
303	3	827.92	1	1
303	3	868.84	1	1
303	3	2114.6	1	1
303	3	2518.3	1	1
303	3	1377.8	1	1
303	3	532.32	1	1
303	3	1670.6	1	1
303	3	968.82	1	1
303	3	1983.1	1	1
303	3	697.2	1	1
303	3	811.32	1	1
303	3	644.28	1	1
303	3	732.64	1	1
303	3	804.97	1	1
303	3	920.46	1	1
303	3	598.2	1	1
303	3	1515	1	1
303	3	743.09	1	1
303	3	1697.3	1	1
303	3	613.38	1	1
303	3	1163.5	1	1
303	3	1001	1	1
303	3	1793.2	1	1
303	3	803.29	1	1
303	3	969.99	1	1
303	3	889.37	1	1
303	3	552.35	1	1
303	3	821.54	1	1
303	3	1123.9	1	1
303	3	853.78	1	1
303	3	780.59	1	1
303	3	712.85	1	1
303	3	583.76	1	1
303	3	696.62	1	1
303	3	879.05	1	1
303	3	879.98	1	1
303	3	954.55	1	1
303	3	951.31	1	1
303	3	1487.8	1	1
303	3	1780.4	1	1
303	3	950.84	1	1
303	3	1132.6	1	1
303	3	595.29	1	1
303	3	2500	1	1
303	3	2462.1	0	1
303	3	680.76	1	1
303	3	2220.1	1	1
303	3	835.77	1	1
303	3	639.39	1	1
303	3	1882.5	1	1
303	3	2661.3	1	1
303	3	1229.1	1	1
303	3	705.02	1	1
303	3	1282.4	1	1
303	3	1184.2	1	1
303	3	928	1	1
303	3	687.04	1	1
303	3	1362.3	1	1
303	3	1540.9	1	1
303	3	763.57	1	1
303	3	1079.1	1	1
303	3	1234.5	1	1
303	3	1394.3	1	1
303	3	2870.8	1	1
303	3	987.67	1	1
303	3	691.77	1	1
303	3	730.13	1	1
303	3	776.39	1	1
303	3	775.7	1	1
303	3	3211.1	1	1
303	3	1152.8	1	1
303	3	640.38	1	1
303	3	894.19	1	1
303	3	819.6	1	1
303	3	756.72	1	1
303	3	793.85	1	1
303	3	1379.4	1	1
303	3	1042.7	1	1
303	3	1109.4	1	2
303	3	1899.6	1	2
303	3	1164.5	1	2
303	3	960.08	1	2
303	3	804.45	1	2
303	3	1389.1	1	2
303	3	1140.7	1	2
303	3	805.11	1	2
303	3	1092.4	1	2
303	3	805.82	1	2
303	3	1448.9	0	2
303	3	666.87	1	2
303	3	772.72	1	2
303	3	1996.1	1	2
303	3	792.27	1	2
303	3	671.48	1	2
303	3	764.04	1	2
303	3	921.63	1	2
303	3	1656.9	1	2
303	3	1531.4	1	2
303	3	722.87	1	2
303	3	986.2	0	2
303	3	1347.9	1	2
303	3	2606.5	0	2
303	3	1173.2	1	2
303	3	1102.8	1	2
303	3	1475.8	1	2
303	3	1550.5	1	2
303	3	1885.9	1	2
303	3	835.82	1	2
303	3	1967.6	0	2
303	3	902.2	1	2
303	3	1108.3	1	2
303	3	848.65	1	2
303	3	1706.5	1	2
303	3	3075	0	2
303	3	926.31	1	2
303	3	979.4	1	2
303	3	1075.5	1	2
303	3	1538	1	2
303	3	1226.9	1	2
303	3	2091.1	1	2
303	3	948.44	1	2
303	3	1026.9	1	2
303	3	1027.7	1	2
303	3	773.38	1	2
303	3	1718.8	1	2
303	3	1956.9	0	2
303	3	1188.5	1	2
303	3	2618.6	1	2
303	3	876.59	1	2
303	3	759.1	1	2
303	3	1060.3	1	2
303	3	720.07	1	2
303	3	667.44	1	2
303	3	759.33	1	2
303	3	1241.8	1	2
303	3	1923.8	1	2
303	3	1770.6	1	2
303	3	1346.3	1	2
303	3	832	1	2
303	3	936.51	1	2
303	3	1019.1	1	2
303	3	849.49	1	2
303	3	630.25	1	2
303	3	610.8	1	2
303	3	1120.5	1	2
303	3	1363	1	2
303	3	846.02	1	2
303	3	1130.3	1	2
303	3	730.36	1	2
303	3	1267.6	1	2
303	3	1431.2	1	2
303	3	1713.9	1	2
303	3	1140.2	1	2
303	3	694.39	1	2
303	3	543.21	1	2
303	3	774.48	1	2
303	3	607.92	1	2
303	3	764.6	1	2
303	3	1453.5	1	2
303	3	763.45	1	2
303	3	893.21	1	2
303	3	846.94	1	2
303	3	886.7	1	2
303	3	714.34	1	2
303	3	591.72	1	2
303	3	1746.9	1	2
303	3	759.25	1	2
303	3	878.12	1	2
303	3	932.71	1	2
303	3	724.68	1	2
303	3	1036.1	1	2
303	3	838.73	1	2
303	3	2330.9	1	2
303	3	1591	1	2
303	3	1759.7	1	2
303	3	1907.9	1	2
303	3	966.95	1	2
303	3	1888.1	1	2
303	3	1963.7	1	2
303	3	1839.7	1	2
303	3	806.89	1	2
303	3	1991.2	1	2
303	3	741.7	1	2
303	3	833.48	1	2
303	3	1791.2	1	2
303	3	617.65	1	2
303	3	1452.9	1	2
303	3	2795.9	1	2
303	3	1312.3	1	2
303	3	1132.4	1	2
303	3	586.84	1	2
303	3	793.79	1	2
303	3	668.46	1	2
303	3	806.3	1	2
303	3	642.87	1	2
303	3	658.08	1	2
303	3	824.19	1	2
303	3	1521.7	1	2
303	3	879.21	1	2
303	3	697.08	1	2
303	3	850.38	1	2
303	3	1299.9	1	2
303	3	686.6	1	2
303	3	1144.1	1	2
303	3	1026.9	1	2
303	3	615.71	1	2
303	3	626.22	1	2
303	3	965.84	1	2
303	3	1212.2	1	2
303	3	1903.3	1	2
303	3	988.81	1	2
303	3	974.77	1	2
303	3	1026.5	1	2
303	3	1459.5	1	2
303	3	3145.3	1	2
303	3	1205.7	1	2
303	3	1169.6	1	2
303	3	998.53	1	2
303	3	666.99	1	2
303	3	2285.8	1	2
303	3	1294	1	2
303	3	706.88	1	2
303	3	2061.7	1	2
303	3	1773.7	0	2
303	3	1894.2	1	2
303	3	1114.6	1	2
303	3	853.39	1	2
303	3	1414.9	1	2
303	3	1158.7	1	2
303	3	2028.3	1	2
303	3	1922.5	0	2
303	3	966.55	1	2
303	3	1677.3	1	2
303	3	868.62	1	2
303	3	3111.2	1	2
303	3	619.78	1	2
303	3	1485.8	1	2
303	3	2760.6	1	2
303	3	1647.5	1	2
303	3	2051.6	0	2
303	3	682.02	1	2
303	3	1509	1	2
303	3	1079.2	1	2
303	3	2332.7	1	2
303	3	2245.3	1	2
303	3	1646.6	1	2
303	3	2752.2	1	2
303	3	3841.6	1	2
303	3	1125.8	1	2
303	3	1304.3	1	2
303	3	1049.6	1	2
303	3	2030.6	1	2
303	3	3797.4	1	2
303	3	2636.5	1	2
303	3	1470.9	1	2
303	3	1176.7	1	2
303	3	1392.2	1	2
303	3	1501.8	1	2
303	3	3307.7	1	2
303	3	857.43	1	2
303	3	2787.1	1	2
303	3	2693.3	1	2
303	3	1984.7	1	2
303	3	1928.1	1	2
303	3	4204.2	1	2
303	3	1380.5	1	2
303	3	2465.5	1	2
303	3	2757.2	0	2
303	3	1022.4	1	2
303	3	1320.5	1	2
303	3	2089.8	1	2
303	3	2082.7	1	2
303	3	2405.7	1	2
303	3	1528	1	2
303	3	2608.3	1	2
303	3	901.07	1	2
303	3	2778.6	1	2
303	3	1991.6	1	2
303	3	936.81	1	2
303	3	1954.1	1	2
303	3	1432.4	1	2
303	3	1725.7	1	2
303	3	2722.7	1	2
303	3	1844.9	1	2
303	3	1506.8	1	2
303	3	934.21	1	2
303	3	3815.6	1	2
303	3	883.39	1	2
303	3	1814.2	1	2
303	3	1347.3	1	2
303	3	2282.1	1	2
303	3	1503.7	0	2
303	3	2819.6	1	2
303	3	1154.9	0	2
303	3	1217.3	1	2
303	3	2747.3	1	2
303	3	1664.9	1	2
303	3	2375	1	2
303	3	692.69	1	2
303	3	1186.3	1	2
303	3	825.18	1	2
303	3	3681.3	1	2
303	3	1281.8	0	2
303	3	3794.4	0	2
303	3	3863.1	1	2
303	3	695.6	1	2
303	3	1485.1	1	2
303	3	2137.4	1	2
303	3	1097.6	1	2
303	3	1627	1	2
303	3	2085.2	1	2
303	3	1320.9	1	2
303	3	1474.8	1	2
303	3	1187.5	1	2
303	3	2229	1	2
303	3	1676.9	0	2
303	3	603.15	1	2
303	3	1271.6	1	2
303	3	821.25	1	2
303	3	1811.1	1	2
303	3	1177.4	1	2
303	3	1865.3	1	2
303	3	881.92	1	2
303	3	674.32	1	2
303	3	2356.6	1	2
303	3	940.23	1	2
303	3	1619.4	1	2
303	3	2874.5	1	2
303	3	1192.9	1	2
303	3	1753.5	1	2
303	3	1031.9	1	2
303	3	1834.9	0	2
303	3	1113.1	1	2
303	3	2816.1	1	2
303	3	2248.9	1	2
303	3	632.6	1	2
303	3	1842.8	1	2
303	3	1815.4	1	2
303	3	705.61	1	2
303	3	1328.2	1	2
303	3	2624.5	1	2
303	3	2494.7	1	2
303	3	953.44	1	2
303	3	1897.1	1	2
303	3	927.35	1	2
303	3	3011.2	1	2
303	3	684.25	1	2
303	3	1161.6	1	2
303	3	1345.1	1	2
303	3	787.51	1	2
303	3	614.84	1	2
303	3	1927.9	1	2
303	3	795.13	1	2
303	3	1157.5	1	2
303	3	1238.3	0	2
303	3	1064.7	1	2
303	3	1754	1	2
303	3	1309.8	1	2
303	3	958.8	1	2
303	3	895.43	1	2
303	3	1592.2	1	2
303	3	711.07	1	2
303	3	1932.3	1	2
303	3	749.18	1	2
303	3	1375.5	1	2
303	3	1597.7	1	2
303	3	1421.2	1	2
303	3	701.56	1	2
303	3	3269.9	1	2
303	3	1695.8	1	2
303	3	1598	1	2
303	3	1094	1	2
303	3	722.55	1	2
303	3	1649.8	1	2
303	3	1006.4	1	2
303	3	1515.8	1	2
303	3	1002.8	1	2
303	3	1116.6	1	2
303	3	817.51	1	2
303	3	690.16	1	2
303	3	1904.1	1	2
303	3	838.6	1	2
303	3	1053.5	1	2
303	3	2247.3	1	2
303	3	2201.4	1	2
303	3	1848.5	1	2
303	3	1308.3	1	2
303	3	1002.7	1	2
303	3	1155.9	1	2
303	3	4586.6	1	2
303	3	671	1	2
303	3	789.07	1	2
303	3	1607.3	1	2
303	3	1957.5	1	2
303	3	1389.8	1	2
303	3	860.21	1	2
303	3	1678.2	1	2
303	3	1794.9	1	2
303	3	1907.8	1	2
303	3	2061.1	1	2
303	3	2204.8	1	2
303	3	988.2	1	2
303	3	1927	1	2
303	3	1228.1	1	2
303	3	1140.4	1	2
303	3	754.93	1	2
303	3	1544	1	2
303	3	1791.7	1	2
303	3	1133.3	1	2
303	3	606.6	1	2
303	3	2019.5	1	2
303	3	1233.1	1	2
303	3	1102.8	1	2
303	3	745.45	1	2
303	3	917.21	1	2
303	3	1211.8	0	2
303	3	705.1	1	2
303	3	1782.2	1	2
303	3	670.29	1	2
303	3	1477.2	1	2
303	3	1168.4	1	2
303	3	834.1	1	2
303	3	1008.5	1	2
303	3	840.19	1	2
303	3	1393.6	1	2
303	3	1637.9	1	2
303	3	815.28	1	3
303	3	923.5	1	3
303	3	883.81	1	3
303	3	1199.7	1	3
303	3	1636	1	3
303	3	696.3	1	3
303	3	905.67	1	3
303	3	584.93	1	3
303	3	824.87	1	3
303	3	3565.4	1	3
303	3	844.21	1	3
303	3	1687.4	1	3
303	3	1801.5	1	3
303	3	1102.5	1	3
303	3	865.67	1	3
303	3	970.42	1	3
303	3	1235.9	1	3
303	3	1296.2	1	3
303	3	885.56	1	3
303	3	1993	1	3
303	3	974.73	1	3
303	3	1011.9	1	3
303	3	2191.9	1	3
303	3	1129.9	1	3
303	3	755.41	1	3
303	3	1904.8	1	3
303	3	2077.9	1	3
303	3	2213.4	1	3
303	3	959.44	1	3
303	3	1545.9	1	3
303	3	931.79	1	3
303	3	1030	1	3
303	3	1572.9	1	3
303	3	2217.5	1	3
303	3	1633	1	3
303	3	2046.1	1	3
303	3	1503.9	1	3
303	3	1989.7	1	3
303	3	1779.4	1	3
303	3	1254.8	1	3
303	3	3021.8	1	3
303	3	916.23	1	3
303	3	1077.9	1	3
303	3	1245.4	1	3
303	3	1664.7	1	3
303	3	1299.8	1	3
303	3	1575	1	3
303	3	2031.9	1	3
303	3	1323.7	1	3
303	3	2273.2	1	3
303	3	1070.7	1	3
303	3	973.62	1	3
303	3	1858.2	1	3
303	3	1310.9	1	3
303	3	948.1	1	3
303	3	642	1	3
303	3	718.04	1	3
303	3	851.49	1	3
303	3	2297.9	1	3
303	3	2483.6	1	3
303	3	502.75	1	3
303	3	930.87	1	3
303	3	731.25	1	3
303	3	771.99	1	3
303	3	3416.2	1	3
303	3	605.32	1	3
303	3	1215.8	1	3
303	3	690.35	1	3
303	3	1625.6	1	3
303	3	1351.9	1	3
303	3	651.71	1	3
303	3	1862.9	1	3
303	3	1513.7	1	3
303	3	1865.2	1	3
303	3	618.66	1	3
303	3	982.46	0	3
303	3	1252.6	1	3
303	3	1074.3	1	3
303	3	724.24	1	3
303	3	2647.6	1	3
303	3	1035.2	1	3
303	3	811.23	1	3
303	3	1099.8	1	3
303	3	2522.6	1	3
303	3	1354.1	1	3
303	3	657.88	1	3
303	3	798.13	1	3
303	3	939.81	1	3
303	3	1104.2	1	3
303	3	773.05	1	3
303	3	3330.2	1	3
303	3	1013.3	1	3
303	3	1414.9	1	3
303	3	1080.7	1	3
303	3	1696.3	1	3
303	3	1130.8	1	3
303	3	2885.9	1	3
303	3	2090.2	1	3
303	3	1068	1	3
303	3	1508.8	1	3
303	3	2118.5	0	3
303	3	2243.2	1	3
303	3	1857.9	1	3
303	3	1720.4	1	3
303	3	3678.2	1	3
303	3	994.96	1	3
303	3	1012.8	1	3
303	3	2025.5	1	3
303	3	1365.6	1	3
303	3	1881.6	1	3
303	3	954.15	1	3
303	3	683.94	1	3
303	3	715.18	1	3
303	3	2025.2	1	3
303	3	1375.9	1	3
303	3	1112.5	1	3
303	3	1298.7	1	3
303	3	768.5	1	3
303	3	585.53	1	3
303	3	802.33	1	3
303	3	2941	1	3
303	3	1525.1	1	3
303	3	919.25	1	3
303	3	670.45	1	3
303	3	1487.6	1	3
303	3	901.51	1	3
303	3	1237.7	1	3
303	3	2237.6	1	3
303	3	1234	0	3
303	3	1790.8	1	3
303	3	1099.4	1	3
303	3	826.75	1	3
303	3	1363.1	1	3
303	3	822.56	1	3
303	3	876.56	0	3
303	3	898.62	1	3
303	3	1253.3	1	3
303	3	1632.8	1	3
303	3	764.64	1	3
303	3	1077.9	1	3
303	3	1950.7	1	3
303	3	926.79	1	3
303	3	1631.1	1	3
303	3	1246.7	1	3
303	3	1949.1	1	3
303	3	2461.9	1	3
303	3	1605.8	1	3
303	3	1432.2	1	3
303	3	1414.2	1	3
303	3	1180.4	1	3
303	3	1331.2	1	3
303	3	925.98	1	3
303	3	3072.9	1	3
303	3	1148.9	1	3
303	3	932.25	1	3
303	3	734.64	1	3
303	3	2792.3	1	3
303	3	892.46	1	3
303	3	676.69	1	3
303	3	2042	1	3
303	3	1516.1	1	3
303	3	710.31	1	3
303	3	2237.6	1	3
303	3	1735.8	1	3
303	3	3860.7	1	3
303	3	1288.9	1	3
303	3	1297.4	1	3
303	3	1148	1	3
303	3	1091	1	3
303	3	877.02	1	3
303	3	2421.1	1	3
303	3	1014.2	1	3
303	3	864.6	1	3
303	3	3366.5	1	3
303	3	3277.6	1	3
303	3	1283.3	1	3
303	3	1242.1	1	3
303	3	1603.4	1	3
303	3	1383.7	1	3
303	3	1409.7	1	3
303	3	1604.7	1	3
303	3	1991.4	1	3
303	3	913.04	1	3
303	3	1037.4	1	3
303	3	1945.7	1	3
303	3	3249.1	1	3
303	3	1335.5	1	3
303	3	1327.7	1	3
303	3	2105.2	1	3
303	3	1718.9	1	3
303	3	1017.2	1	3
303	3	1232.3	1	3
303	3	2387.1	1	3
303	3	1990	1	3
303	3	1413.3	1	3
303	3	786.19	1	3
303	3	2068.5	1	3
303	3	2477.2	1	3
303	3	1553.7	1	3
303	3	1045.5	1	3
303	3	1230	1	3
303	3	796.26	1	3
303	3	2748.9	1	3
303	3	947.23	1	3
303	3	1925.4	0	3
303	3	2931.3	1	3
303	3	1064.7	1	3
303	3	676.14	1	3
303	3	949.1	1	3
303	3	1358.1	1	3
303	3	653.78	1	3
303	3	1610.1	1	3
303	3	2947.7	1	3
303	3	1955.2	1	3
303	3	1997.3	1	3
303	3	1451.5	1	3
303	3	1724.4	1	3
303	3	898.45	1	3
303	3	4250.5	1	3
303	3	3420	1	3
303	3	2004	1	3
303	3	1504.9	1	3
303	3	888.17	1	3
303	3	1193.4	1	3
303	3	926.31	1	3
303	3	1609.2	1	3
303	3	4391	0	3
303	3	763.92	1	3
303	3	798.29	1	3
303	3	956.4	1	3
303	3	1890.6	1	3
303	3	1690.7	1	3
303	3	2539.1	1	3
303	3	1353.7	1	3
303	3	1637.7	1	3
303	3	738.39	1	3
303	3	1946.1	1	3
303	3	1920.5	1	3
303	3	1083.4	1	3
303	3	1257.5	1	3
303	3	1656.1	1	3
303	3	2219.9	1	3
303	3	1117.3	1	3
303	3	866.16	1	3
303	3	893.16	1	3
303	3	1377.6	1	3
303	3	1423.6	1	3
303	3	805.4	1	3
303	3	1812.2	1	3
303	3	1070	1	3
303	3	2210.1	1	3
303	3	1460.6	1	3
303	3	4224.2	1	3
303	3	1987.8	1	3
303	3	1834.4	1	3
303	3	935.93	1	3
303	3	2295.1	1	3
303	3	1222.4	1	3
303	3	719.28	1	3
303	3	698.68	1	3
303	3	910.59	1	3
303	3	1093.8	1	3
303	3	2261.8	1	3
303	3	1249.7	1	3
303	3	937.24	1	3
303	3	1927	1	3
303	3	3405	1	3
303	3	2453	1	3
303	3	2414.2	1	3
303	3	1012.8	1	3
303	3	1105.7	1	3
303	3	1422.7	1	3
303	3	2615.2	1	3
303	3	1012.8	1	3
303	3	1331.5	1	3
303	3	1208.8	1	3
303	3	3342.1	1	3
303	3	1261.6	0	3
303	3	1274.6	1	3
303	3	3639.6	1	3
303	3	1737.2	1	3
303	3	1269.6	1	3
303	3	3321.7	1	3
303	3	880.71	1	3
303	3	939.51	1	3
303	3	1440.6	1	3
303	3	1199.5	1	3
303	3	708.9	1	3
303	3	817.76	1	3
303	3	3077.7	1	3
303	3	2385.9	1	3
303	3	638.41	1	3
303	3	745.41	1	3
303	3	784.69	1	3
303	3	845.83	1	3
303	3	929.22	1	3
303	3	682.61	1	3
303	3	1028.8	1	3
303	3	1476.4	1	3
303	3	1481.6	1	3
303	3	848.1	1	3
303	3	1144.8	1	3
303	3	1102.1	1	3
303	3	1389.9	1	3
303	3	1507.3	1	3
303	3	929.8	1	3
303	3	913.84	1	3
303	3	1119.6	1	3
303	3	1509.9	1	3
303	3	731.25	1	3
303	3	963.6	1	3
303	3	2088.1	1	3
303	3	648.63	1	3
303	3	646.54	1	3
303	3	1738.8	1	3
303	3	836.34	1	3
303	3	1466.3	1	3
303	3	689.35	1	3
303	3	663.59	1	3
303	3	680.17	1	3
303	3	1216.2	1	3
303	3	771.99	1	3
303	3	1212.8	1	3
303	3	1469.7	1	3
303	3	997.52	1	3
303	3	656.98	1	3
303	3	1986.1	1	3
303	3	779.6	1	3
303	3	891.07	1	3
303	3	767.77	1	3
303	3	624.87	1	3
303	3	648.55	1	3
303	3	888.93	1	3
303	3	932.87	1	3
303	3	783.03	1	3
303	3	1887.3	1	3
303	3	1626.1	1	3
303	3	2847.8	1	3
303	3	2357.7	1	3
303	3	873.19	1	3
303	3	1130.7	1	3
303	3	1079.7	1	3
303	3	3258.7	1	3
303	3	2117.7	1	3
303	3	566.93	1	3
303	3	684.27	1	3
303	3	1384.7	1	3
303	3	765.74	1	3
303	3	829.66	1	3
303	3	1703.6	1	3
303	3	2280.7	1	4
303	3	1777.2	1	4
303	3	1111.5	1	4
303	3	2503.6	1	4
303	3	1947.9	1	4
303	3	1428.9	1	4
303	3	3820.9	0	4
303	3	2353.6	1	4
303	3	2023.9	0	4
303	3	1842.6	1	4
303	3	2699.7	1	4
303	3	2720.7	1	4
303	3	1064.1	1	4
303	3	1215.9	0	4
303	3	1870.4	1	4
303	3	897.95	1	4
303	3	1761.4	1	4
303	3	2167.1	1	4
303	3	2226.8	0	4
303	3	2634.3	0	4
303	3	3424.7	0	4
303	3	3081.9	1	4
303	3	2243.5	1	4
303	3	1365.3	0	4
303	3	2306.2	1	4
303	3	2213.1	1	4
303	3	1106.1	0	4
303	3	2154.5	1	4
303	3	2012.7	0	4
303	3	825.04	1	4
303	3	1595.4	1	4
303	3	870.58	1	4
303	3	2140.6	1	4
303	3	1984.9	1	4
303	3	1755	1	4
303	3	2118.7	1	4
303	3	2270.2	1	4
303	3	3469.9	0	4
303	3	3239.5	1	4
303	3	1250.3	1	4
303	3	1866.1	1	4
303	3	1270.2	1	4
303	3	1184.5	1	4
303	3	2481.9	1	4
303	3	2225.5	1	4
303	3	1831.8	1	4
303	3	3258.9	1	4
303	3	2915	1	4
303	3	2239.1	1	4
303	3	1753.4	1	4
303	3	1203.5	1	4
303	3	1670.9	1	4
303	3	1551	1	4
303	3	830.23	1	4
303	3	586.69	1	4
303	3	1460.1	1	4
303	3	1051.8	1	4
303	3	828.3	1	4
303	3	1071	0	4
303	3	1498.1	1	4
303	3	1148.1	1	4
303	3	1789.3	0	4
303	3	1859.3	1	4
303	3	1126.6	1	4
303	3	1304.6	1	4
303	3	601.74	1	4
303	3	734.36	1	4
303	3	1796.7	1	4
303	3	1049.1	1	4
303	3	1831.5	0	4
303	3	1391.2	1	4
303	3	1516.2	1	4
303	3	1864.6	1	4
303	3	977.55	1	4
303	3	1418.2	1	4
303	3	1276.9	1	4
303	3	1811.2	1	4
303	3	623.06	1	4
303	3	702.2	1	4
303	3	727.88	1	4
303	3	1425.7	1	4
303	3	1662.5	1	4
303	3	1558.9	1	4
303	3	1636.4	1	4
303	3	1633.4	1	4
303	3	1132.9	1	4
303	3	734.12	1	4
303	3	1938.5	1	4
303	3	1524.2	1	4
303	3	1194.9	1	4
303	3	645.36	1	4
303	3	1871.9	1	4
303	3	744.28	1	4
303	3	2416.5	1	4
303	3	1454.6	1	4
303	3	2479.8	0	4
303	3	2572.7	0	4
303	3	2283.4	1	4
303	3	2245	1	4
303	3	3800.8	0	4
303	3	1648.7	0	4
303	3	2534.3	1	4
303	3	1271.3	1	4
303	3	1148.4	1	4
303	3	2333.4	0	4
303	3	2227.6	1	4
303	3	2170.9	1	4
303	3	3267	1	4
303	3	2701.2	1	4
303	3	1038.2	1	4
303	3	1226.6	1	4
303	3	2656.7	1	4
303	3	701.14	1	4
303	3	1632.3	1	4
303	3	878.54	1	4
303	3	1553.3	1	4
303	3	735.82	1	4
303	3	1261.6	1	4
303	3	1260.9	1	4
303	3	751.4	1	4
303	3	1406.6	1	4
303	3	1450.5	1	4
303	3	1202.2	1	4
303	3	1816	1	4
303	3	1688.8	1	4
303	3	1231.8	1	4
303	3	1832.6	1	4
303	3	760.56	1	4
303	3	633.47	1	4
303	3	1289.8	1	4
303	3	2029.9	1	4
303	3	1330.9	1	4
303	3	1998.2	1	4
303	3	1316.6	1	4
303	3	989.13	0	4
303	3	1003.5	1	4
303	3	1869.8	1	4
303	3	3629.7	0	4
303	3	1592.1	1	4
303	3	1991.6	1	4
303	3	1597.9	1	4
303	3	873.67	1	4
303	3	1175	1	4
303	3	1739.6	1	4
303	3	789.77	0	4
303	3	1195	0	4
303	3	1431.3	0	4
303	3	1946.6	1	4
303	3	1285.5	0	4
303	3	1224.1	1	4
303	3	1009.7	1	4
303	3	1683.8	1	4
303	3	1367.6	1	4
303	3	1732.5	1	4
303	3	674.05	1	4
303	3	838.28	1	4
303	3	1277.5	1	4
303	3	2986.4	1	4
303	3	1400	1	4
303	3	2591.3	1	4
303	3	905.44	0	4
303	3	3248.9	0	4
303	3	1567.6	1	4
303	3	1848.8	1	4
303	3	1953.4	0	4
303	3	2027.2	1	4
303	3	1449.1	1	4
303	3	2611.7	0	4
303	3	3863.8	1	4
303	3	1261.9	1	4
303	3	1357.9	1	4
303	3	1756.8	1	4
303	3	1137	1	4
303	3	3304	1	4
303	3	1917.1	1	4
303	3	2362.1	1	4
303	3	1244	1	4
303	3	1458.6	1	4
303	3	999.44	1	4
303	3	1610.4	1	4
303	3	1373.4	1	4
303	3	1867.3	1	4
303	3	2172	1	4
303	3	1743.5	1	4
303	3	1203.1	1	4
303	3	971.29	1	4
303	3	2975.8	1	4
303	3	2372.4	0	4
303	3	2672.2	0	4
303	3	1278.3	1	4
303	3	1586.5	1	4
303	3	1916.6	1	4
303	3	3347.1	0	4
303	3	2860.4	1	4
303	3	2015.6	0	4
303	3	2039	1	4
303	3	2684.6	1	4
303	3	1818.3	1	4
303	3	3094.7	1	4
303	3	2458.2	1	4
303	3	891.91	1	4
303	3	936.92	0	4
303	3	2203.2	1	4
303	3	953.9	1	4
303	3	2788.2	0	4
303	3	2090.5	1	4
303	3	2516.4	0	4
303	3	917.68	1	4
303	3	1292.9	1	4
303	3	770.57	1	4
303	3	4495.3	1	4
303	3	621.22	1	4
303	3	1977.8	1	4
303	3	804.88	1	4
303	3	2041.9	1	4
303	3	2337.5	1	4
303	3	910.75	1	4
303	3	3325.6	1	4
303	3	2376.5	1	4
303	3	803.97	1	4
303	3	1208.8	0	4
303	3	2357.3	0	4
303	3	892.09	1	4
303	3	2124.4	1	4
303	3	1760.8	0	4
303	3	862.61	0	4
303	3	2044.1	1	4
303	3	1631.6	1	4
303	3	1024.7	1	4
303	3	1188.3	1	4
303	3	2958.9	1	4
303	3	1915.3	1	4
303	3	2141.8	1	4
303	3	964.75	1	4
303	3	1889.1	1	4
303	3	4553.8	1	4
303	3	3500.4	1	4
303	3	657.62	1	4
303	3	1405	1	4
303	3	1987.9	1	4
303	3	1815.2	1	4
303	3	1179.3	1	4
303	3	1542	1	4
303	3	1961.6	0	4
303	3	1021.1	1	4
303	3	3236	1	4
303	3	1444.2	0	4
303	3	1388.9	1	4
303	3	2550.1	1	4
303	3	1267.9	1	4
303	3	1703.1	0	4
303	3	2030.6	1	4
303	3	1693	1	4
303	3	1847.7	1	4
303	3	2752.3	1	4
303	3	1846.1	1	4
303	3	957.97	1	4
303	3	1620.7	1	4
303	3	2239.6	1	4
303	3	1547.2	0	4
303	3	1253.9	1	4
303	3	1790	1	4
303	3	1053.9	1	4
303	3	679.08	1	4
303	3	1840.6	1	4
303	3	804.15	1	4
303	3	925.89	1	4
303	3	1055	1	4
303	3	786.73	1	4
303	3	1666.5	1	4
303	3	1791.9	1	4
303	3	2778.2	1	4
303	3	1437.8	1	4
303	3	854.2	1	4
303	3	2079.5	1	4
303	3	1351.8	1	4
303	3	1369.4	1	4
303	3	1247.2	1	4
303	3	1046.7	1	4
303	3	1175.5	1	4
303	3	872.05	1	4
303	3	713.72	0	4
303	3	887.62	1	4
303	3	711.69	1	4
303	3	1943.6	1	4
303	3	2566.9	1	4
303	3	989.25	1	4
303	3	2176.5	1	4
303	3	2656.2	1	4
303	3	669.5	1	4
303	3	1544.1	1	4
303	3	1717.9	1	4
303	3	1516.8	1	4
303	3	1080	1	4
303	3	737.01	1	4
303	3	619.92	1	4
303	3	944.83	1	4
303	3	1095.6	1	4
303	3	741.68	1	4
303	3	2074.8	1	4
303	3	1770.7	1	4
303	3	1030.4	1	4
303	3	1087.3	1	4
303	3	1892.8	1	4
303	3	677.32	1	4
303	3	1192.6	1	4
303	3	1138.8	1	4
303	3	844.2	1	4
303	3	626.8	1	4
303	3	1235.4	1	4
303	3	959.73	1	4
303	3	2264	1	4
303	3	1415.6	1	4
303	3	625.7	1	4
303	3	2137.8	1	4
303	3	1442.1	1	4
303	3	2111.6	1	4
303	3	1828.2	1	4
303	3	1973.7	1	4
303	3	1392.6	1	4
303	3	1281.5	1	4
303	3	715.77	1	4
303	3	995.43	1	4
303	3	771.13	1	4
303	3	1630.6	1	4
303	3	1815.8	1	4
303	3	2300.4	1	4
303	3	1051.7	1	4
303	3	1273.6	1	4
303	3	1061.8	1	4
303	3	1697.2	1	4
303	3	1498.5	1	4
303	3	3076.7	1	4
303	3	664.42	1	4
303	3	1196.4	1	4
303	3	671.06	1	4
303	3	943.69	1	4
303	3	1231.6	1	4
303	3	670.76	1	4
303	3	1470.5	1	4
303	3	1489.6	0	4
303	3	731.47	1	4
303	3	832.79	1	4
303	3	1153.9	1	4
303	3	845.24	1	4
303	3	1178.2	1	4
303	3	2288.1	1	4
303	3	1236.6	1	4
303	3	1318.3	1	5
303	3	1329.6	1	5
303	3	853.17	1	5
303	3	1748.7	1	5
303	3	2202.1	1	5
303	3	1146.9	1	5
303	3	1284.4	1	5
303	3	1292.4	1	5
303	3	1068.9	1	5
303	3	1344.8	1	5
303	3	1961.7	1	5
303	3	2459.1	1	5
303	3	1198.4	1	5
303	3	1941.7	0	5
303	3	755.77	0	5
303	3	2614.7	1	5
303	3	922.69	1	5
303	3	1010.8	1	5
303	3	1517.5	1	5
303	3	2349.3	1	5
303	3	2407.4	1	5
303	3	2288.6	1	5
303	3	1509.8	1	5
303	3	2369	1	5
303	3	1479.2	1	5
303	3	2635.6	1	5
303	3	2381.1	0	5
303	3	1865.3	1	5
303	3	1113.1	1	5
303	3	1129.3	1	5
303	3	1630	1	5
303	3	1157	1	5
303	3	893.83	0	5
303	3	2666.2	1	5
303	3	1566.3	1	5
303	3	788.5	1	5
303	3	1737.8	1	5
303	3	1656.6	1	5
303	3	718.51	1	5
303	3	2769.7	1	5
303	3	1487.8	1	5
303	3	1917.4	1	5
303	3	1410.2	1	5
303	3	3585.9	0	5
303	3	1202.7	1	5
303	3	1096.9	1	5
303	3	1483.3	1	5
303	3	932.56	1	5
303	3	2148.4	1	5
303	3	1642	1	5
303	3	810.95	1	5
303	3	1892.9	1	5
303	3	967.15	0	5
303	3	2078.7	1	5
303	3	895.37	1	5
303	3	1927.4	0	5
303	3	1055.9	1	5
303	3	2184.6	0	5
303	3	2209.5	1	5
303	3	1964.2	0	5
303	3	846.27	1	5
303	3	1006.8	1	5
303	3	1199.8	1	5
303	3	1504.9	1	5
303	3	920.47	1	5
303	3	912.09	1	5
303	3	935.17	1	5
303	3	1704.1	1	5
303	3	1219.7	1	5
303	3	680.48	1	5
303	3	1259.5	0	5
303	3	950.1	1	5
303	3	1950	1	5
303	3	1288.1	1	5
303	3	1385.5	1	5
303	3	1080.6	1	5
303	3	988.44	1	5
303	3	892.41	1	5
303	3	1414.3	0	5
303	3	769.39	1	5
303	3	1078.9	1	5
303	3	1162.2	1	5
303	3	770.47	1	5
303	3	1274.5	1	5
303	3	995.44	1	5
303	3	681.77	0	5
303	3	1036.9	0	5
303	3	685.51	1	5
303	3	1049.2	1	5
303	3	1358.5	1	5
303	3	1979.2	1	5
303	3	786.38	0	5
303	3	2019.3	1	5
303	3	1492.4	1	5
303	3	1315.4	0	5
303	3	1609.4	0	5
303	3	3103.2	1	5
303	3	1404.8	1	5
303	3	2459.1	1	5
303	3	1320.5	1	5
303	3	826.67	1	5
303	3	1360.6	1	5
303	3	800.93	0	5
303	3	2276.2	1	5
303	3	3759.7	0	5
303	3	1441.7	0	5
303	3	2457.8	1	5
303	3	2084.6	1	5
303	3	2043.7	0	5
303	3	1917.8	0	5
303	3	799.68	0	5
303	3	1227.9	1	5
303	3	2325.8	0	5
303	3	1405.6	1	5
303	3	2124.4	1	5
303	3	914.77	1	5
303	3	2829.2	1	5
303	3	1330.5	1	5
303	3	1328.7	1	5
303	3	1191.1	1	5
303	3	1576.7	0	5
303	3	1186.7	1	5
303	3	1149.1	1	5
303	3	1455.4	1	5
303	3	964.76	0	5
303	3	2084.8	1	5
303	3	1735.9	1	5
303	3	1835.6	1	5
303	3	1186	0	5
303	3	1570.3	1	5
303	3	1338.5	0	5
303	3	1792.6	1	5
303	3	1375.5	0	5
303	3	1334.8	0	5
303	3	1157.9	1	5
303	3	1204.2	1	5
303	3	1580	1	5
303	3	1097.5	1	5
303	3	1219.8	0	5
303	3	1078.1	0	5
303	3	2332.7	1	5
303	3	1579.6	1	5
303	3	1783.5	1	5
303	3	1837.9	1	5
303	3	2320.2	0	5
303	3	1360	1	5
303	3	1554.1	1	5
303	3	923.91	1	5
303	3	726.97	1	5
303	3	1908.1	1	5
303	3	2849.4	0	5
303	3	1602.5	1	5
303	3	1231.9	0	5
303	3	1980.9	1	5
303	3	1237.3	1	5
303	3	1989.3	1	5
303	3	1237	1	5
303	3	2046.8	1	5
303	3	3088.9	1	5
303	3	1536.4	1	5
303	3	2779.8	1	5
303	3	1785.5	1	5
303	3	1240	1	5
303	3	1554.6	1	5
303	3	1703.6	1	5
303	3	1692.3	0	5
303	3	1721.8	1	5
303	3	3078.3	0	5
303	3	2191.4	1	5
303	3	2101.7	0	5
303	3	3794.4	1	5
303	3	1650.1	1	5
303	3	3272.8	0	5
303	3	1034.9	1	5
303	3	1717.5	1	5
303	3	1316.7	1	5
303	3	1279.9	1	5
303	3	2563.7	1	5
303	3	4330	1	5
303	3	2070.1	1	5
303	3	1074.7	1	5
303	3	1941.5	1	5
303	3	1660.9	1	5
303	3	2963.3	1	5
303	3	1982	1	5
303	3	2686.4	0	5
303	3	1305.2	1	5
303	3	1259	1	5
303	3	1376.7	1	5
303	3	2174.4	1	5
303	3	1231.5	1	5
303	3	2077.6	1	5
303	3	2517.6	1	5
303	3	1066.3	1	5
303	3	1244.9	1	5
303	3	2307.9	1	5
303	3	1962.1	1	5
303	3	996.08	1	5
303	3	3593	1	5
303	3	978.72	1	5
303	3	868.51	1	5
303	3	1184.7	1	5
303	3	1410	1	5
303	3	795.46	1	5
303	3	990.32	1	5
303	3	1856.2	1	5
303	3	1086.2	1	5
303	3	1252.5	1	5
303	3	1196.7	1	5
303	3	1337.2	1	5
303	3	1901.4	0	5
303	3	2128.8	1	5
303	3	1815.3	1	5
303	3	673.59	0	5
303	3	2340.9	1	5
303	3	1685.6	1	5
303	3	2566.1	1	5
303	3	1257.8	1	5
303	3	1457.5	1	5
303	3	1932.1	1	5
303	3	2339	1	5
303	3	829.15	1	5
303	3	1370.8	1	5
303	3	629.47	1	5
303	3	1765.1	1	5
303	3	2504.9	1	5
303	3	1276.1	1	5
303	3	817.66	1	5
303	3	1247.3	1	5
303	3	3202	1	5
303	3	1396.9	1	5
303	3	1234.8	1	5
303	3	1312.7	1	5
303	3	1439.1	1	5
303	3	2755.2	0	5
303	3	1343.7	1	5
303	3	1036.3	1	5
303	3	1122	1	5
303	3	710.95	1	5
303	3	769.94	1	5
303	3	3054	1	5
303	3	2332.5	0	5
303	3	1817.3	1	5
303	3	3353.8	1	5
303	3	1600.8	1	5
303	3	995.2	1	5
303	3	1096.4	1	5
303	3	971.35	1	5
303	3	887.37	1	5
303	3	956.28	1	5
303	3	1495.1	1	5
303	3	806.26	1	5
303	3	1604.5	1	5
303	3	1460	1	5
303	3	1457.1	1	5
303	3	1013.1	0	5
303	3	1462.7	1	5
303	3	1129	0	5
303	3	3235.5	1	5
303	3	3676.1	0	5
303	3	1097.7	1	5
303	3	1530.7	1	5
303	3	2413.8	1	5
303	3	902.7	1	5
303	3	776.75	1	5
303	3	1824.5	1	5
303	3	1417.2	1	5
303	3	1475.5	1	5
303	3	855.08	1	5
303	3	957.36	1	5
303	3	1786.7	0	5
303	3	3331.9	1	5
303	3	3664.7	0	5
303	3	1732.6	0	5
303	3	1357.9	1	5
303	3	2103.6	1	5
303	3	1406.3	1	5
303	3	2478.1	0	5
303	3	1145.9	1	5
303	3	1143.4	1	5
303	3	4106.2	0	5
303	3	967.95	1	5
303	3	1417.5	1	5
303	3	921.01	1	5
303	3	1316.9	1	5
303	3	1037.1	1	5
303	3	3346.7	1	5
303	3	2856.1	1	5
303	3	1553.4	0	5
303	3	1503.2	1	5
303	3	640.46	0	5
303	3	1014.5	1	5
303	3	1456.8	1	5
303	3	1220.8	1	5
303	3	1460.9	1	5
303	3	1286.4	1	5
303	3	1805.4	1	5
303	3	1320.3	1	5
303	3	598.61	1	5
303	3	1614.9	1	5
303	3	1094.7	1	5
303	3	1052.8	1	5
303	3	1611.3	1	5
303	3	1141	1	5
303	3	1125.9	1	5
303	3	1382	1	5
303	3	1809.9	1	5
303	3	1470.2	1	5
303	3	892.74	1	5
303	3	773.05	1	5
303	3	669.57	1	5
303	3	902.13	1	5
303	3	1153.3	1	5
303	3	3968.9	0	5
303	3	848.74	1	5
303	3	1373.2	1	5
303	3	1102.1	1	5
303	3	981.23	1	5
303	3	1440	1	5
303	3	728.72	1	5
303	3	2115.8	1	5
303	3	911.67	1	5
303	3	1169.1	1	5
303	3	2201.1	0	5
303	3	1131.7	1	5
303	3	1296.6	0	5
303	3	1802.4	1	5
303	3	1002.1	1	5
303	3	935.96	1	5
303	3	898.72	1	5
303	3	767.25	1	5
303	3	2264.1	1	5
303	3	1127.9	1	5
303	3	837.07	1	5
303	3	1755.9	1	5
303	3	1754.6	0	5
303	3	1223.9	1	5
303	3	803.12	1	5
303	3	1003.2	1	5
303	3	1109	1	5
303	3	1021	0	5
303	3	2202.7	1	5
303	3	1110.8	0	5
303	3	820.57	0	5
303	3	1105.2	1	5
303	3	1032.7	1	5
303	3	1253.6	1	5
303	3	1818.2	0	5
303	3	753.75	1	5
303	3	2033.4	1	5
303	3	3552.4	1	6
303	3	1499.5	1	6
303	3	1044.1	1	6
303	3	1689.9	1	6
303	3	813.84	1	6
303	3	1361.6	1	6
303	3	1819.6	0	6
303	3	1425.9	1	6
303	3	1043.9	1	6
303	3	956.46	1	6
303	3	720.32	1	6
303	3	775.27	1	6
303	3	1165.5	1	6
303	3	741.6	1	6
303	3	1627.1	1	6
303	3	1110.8	1	6
303	3	1406.9	1	6
303	3	1746.4	1	6
303	3	770.28	1	6
303	3	2364.9	0	6
303	3	2609.7	1	6
303	3	2220.5	0	6
303	3	1289.5	1	6
303	3	2601.6	0	6
303	3	1362	1	6
303	3	1439.8	1	6
303	3	1112.6	1	6
303	3	1858.2	1	6
303	3	792.39	1	6
303	3	1822.2	1	6
303	3	1140.9	1	6
303	3	753.79	1	6
303	3	2986.8	1	6
303	3	1321.6	1	6
303	3	1713.2	1	6
303	3	1157.1	1	6
303	3	1685.7	1	6
303	3	1677.7	1	6
303	3	2763.3	1	6
303	3	1968.6	1	6
303	3	824.88	1	6
303	3	1761.6	1	6
303	3	1665.5	1	6
303	3	1645.9	1	6
303	3	926.66	1	6
303	3	1975	1	6
303	3	1912.3	1	6
303	3	1575.7	1	6
303	3	2242.6	1	6
303	3	2288.1	1	6
303	3	812.6	1	6
303	3	1843.4	1	6
303	3	1114.7	1	6
303	3	2956.5	1	6
303	3	687.15	1	6
303	3	949.31	1	6
303	3	2574.3	1	6
303	3	1038.9	1	6
303	3	949.16	1	6
303	3	1853.6	1	6
303	3	829.64	0	6
303	3	646.01	1	6
303	3	763.62	1	6
303	3	2402.7	1	6
303	3	903.43	1	6
303	3	697.98	1	6
303	3	675.38	1	6
303	3	1312.4	1	6
303	3	1285.2	1	6
303	3	1271.4	1	6
303	3	1220.9	1	6
303	3	1545.2	1	6
303	3	1868.1	0	6
303	3	945.71	1	6
303	3	987.26	1	6
303	3	2318.6	1	6
303	3	568.74	1	6
303	3	747.31	1	6
303	3	1500.8	1	6
303	3	760.73	1	6
303	3	685.45	1	6
303	3	1282.9	1	6
303	3	1041.5	0	6
303	3	1170.1	0	6
303	3	1156.7	1	6
303	3	887.92	1	6
303	3	1043	1	6
303	3	665.26	1	6
303	3	1267.4	1	6
303	3	2529.9	0	6
303	3	1321.7	1	6
303	3	2741	1	6
303	3	1671.3	0	6
303	3	1136.2	1	6
303	3	1061	1	6
303	3	3149.6	1	6
303	3	1300.9	1	6
303	3	710.94	1	6
303	3	876.22	1	6
303	3	1173.9	1	6
303	3	788.48	1	6
303	3	1250.2	1	6
303	3	1206.5	1	6
303	3	2395.1	0	6
303	3	667.36	0	6
303	3	1884.8	0	6
303	3	2076.3	1	6
303	3	1904	0	6
303	3	697.03	1	6
303	3	1112.3	0	6
303	3	2291.2	1	6
303	3	1505	1	6
303	3	1191.3	1	6
303	3	1628.6	1	6
303	3	2197.7	1	6
303	3	1676	1	6
303	3	1330.5	1	6
303	3	1281.7	1	6
303	3	1056.8	1	6
303	3	2221.1	1	6
303	3	1906.7	1	6
303	3	958.69	1	6
303	3	1633.2	1	6
303	3	2195	0	6
303	3	655.36	1	6
303	3	619.41	1	6
303	3	736.77	1	6
303	3	2101.5	1	6
303	3	1242.4	1	6
303	3	2415.2	0	6
303	3	1428	0	6
303	3	2264.4	1	6
303	3	1509.7	1	6
303	3	1516.9	1	6
303	3	1336.6	1	6
303	3	955.77	1	6
303	3	2144.9	1	6
303	3	600.33	1	6
303	3	1032.3	1	6
303	3	1728.1	1	6
303	3	1853.3	1	6
303	3	1404.1	1	6
303	3	1415.1	0	6
303	3	938.46	1	6
303	3	1378.4	1	6
303	3	1272.6	1	6
303	3	1204.3	1	6
303	3	1230.6	1	6
303	3	1191.4	1	6
303	3	761.04	1	6
303	3	1538.9	1	6
303	3	859.27	1	6
303	3	1463.7	1	6
303	3	2174.7	1	6
303	3	3818.5	0	6
303	3	2224.5	1	6
303	3	1155.5	1	6
303	3	2095	1	6
303	3	1079.4	1	6
303	3	2434.2	1	6
303	3	954.68	1	6
303	3	1330.5	0	6
303	3	2277.1	1	6
303	3	1583.9	1	6
303	3	2399	1	6
303	3	983.43	1	6
303	3	905.32	1	6
303	3	1260	1	6
303	3	1905.3	1	6
303	3	2180.4	1	6
303	3	2549.7	1	6
303	3	1666.7	1	6
303	3	1304.8	1	6
303	3	3973.8	1	6
303	3	1625.8	1	6
303	3	1196.6	1	6
303	3	2091.5	1	6
303	3	1899.1	1	6
303	3	2731.1	1	6
303	3	3385.9	1	6
303	3	1857.4	1	6
303	3	4651.6	1	6
303	3	2217.9	1	6
303	3	4034.9	0	6
303	3	1338.4	1	6
303	3	1546.6	1	6
303	3	3440.8	1	6
303	3	2886.6	1	6
303	3	1535.4	1	6
303	3	3144.2	1	6
303	3	1579.8	1	6
303	3	1735.3	0	6
303	3	1407.2	1	6
303	3	1499.6	1	6
303	3	3244.8	1	6
303	3	1492.5	1	6
303	3	2838.1	1	6
303	3	903.2	1	6
303	3	2214.3	1	6
303	3	1173.3	1	6
303	3	1493.4	1	6
303	3	1121.7	1	6
303	3	2376.1	1	6
303	3	1102.7	1	6
303	3	1248.1	1	6
303	3	1076.1	1	6
303	3	641.88	1	6
303	3	822.48	1	6
303	3	1159.9	1	6
303	3	2233.8	1	6
303	3	1276.4	1	6
303	3	614.47	0	6
303	3	1198.4	1	6
303	3	1551.7	1	6
303	3	1574.3	1	6
303	3	1395.3	1	6
303	3	1312	1	6
303	3	1628.1	1	6
303	3	895.08	1	6
303	3	980.62	1	6
303	3	742.57	1	6
303	3	919.25	1	6
303	3	1282.8	1	6
303	3	1968.4	1	6
303	3	1109.9	1	6
303	3	1062.9	1	6
303	3	1445.4	1	6
303	3	1073	1	6
303	3	1330.3	1	6
303	3	1190.9	1	6
303	3	2230	1	6
303	3	1840.4	1	6
303	3	1908.3	0	6
303	3	1281.5	1	6
303	3	699.14	1	6
303	3	1786.6	0	6
303	3	1845.8	1	6
303	3	1978.1	1	6
303	3	1366.2	1	6
303	3	644.75	1	6
303	3	1272.2	1	6
303	3	2103.1	1	6
303	3	2101.6	1	6
303	3	1176.4	1	6
303	3	910.16	1	6
303	3	1630.8	1	6
303	3	1599.8	1	6
303	3	762.55	1	6
303	3	743.8	1	6
303	3	1032.6	0	6
303	3	797.77	1	6
303	3	1263.1	0	6
303	3	1991.3	1	6
303	3	2408.8	0	6
303	3	2609.5	0	6
303	3	1606.9	1	6
303	3	2115.2	0	6
303	3	2399.6	1	6
303	3	1005.6	1	6
303	3	889.83	1	6
303	3	877.82	1	6
303	3	920.55	1	6
303	3	1007.4	0	6
303	3	1611.9	1	6
303	3	3004.9	1	6
303	3	1036.2	0	6
303	3	2270.3	0	6
303	3	1901.1	0	6
303	3	2427.1	1	6
303	3	2024.2	1	6
303	3	3616.4	0	6
303	3	1703.7	1	6
303	3	2508.3	1	6
303	3	791.05	1	6
303	3	1358.6	1	6
303	3	2417.5	1	6
303	3	1229.6	1	6
303	3	1868.4	1	6
303	3	1332.4	1	6
303	3	976.22	1	6
303	3	1217.1	1	6
303	3	1673.3	1	6
303	3	1682	0	6
303	3	1191.5	1	6
303	3	942.04	1	6
303	3	1045.4	1	6
303	3	1297.7	0	6
303	3	1310.7	1	6
303	3	1568.8	1	6
303	3	2646.6	1	6
303	3	800.48	1	6
303	3	1755.1	1	6
303	3	1063.7	1	6
303	3	1908.4	0	6
303	3	885.18	1	6
303	3	601.96	1	6
303	3	901.95	1	6
303	3	1396.5	1	6
303	3	836.09	1	6
303	3	1755.8	0	6
303	3	2340.5	0	6
303	3	863.56	1	6
303	3	556.04	1	6
303	3	656.38	1	6
303	3	1273.5	1	6
303	3	2619.6	1	6
303	3	1212.1	0	6
303	3	983.67	1	6
303	3	2064.8	1	6
303	3	1430.4	1	6
303	3	1717.3	1	6
303	3	1215.2	1	6
303	3	2277.4	1	6
303	3	974.03	1	6
303	3	2290.9	1	6
303	3	1398.9	1	6
303	3	1084.6	0	6
303	3	1432.5	1	6
303	3	1219.7	1	6
303	3	1040.4	1	6
303	3	1304.3	1	6
303	3	1421.3	1	6
303	3	825.96	1	6
303	3	1073.5	1	6
303	3	1196.1	1	6
303	3	3129.8	1	6
303	3	634.73	1	6
303	3	2277.7	0	6
303	3	1341.6	1	6
303	3	1415	1	6
303	3	1185.2	1	6
303	3	1776.9	1	6
303	3	1017.5	1	6
303	3	1243.1	1	6
303	3	1308.7	1	6
303	3	2089.5	0	6
303	3	1309.2	1	6
303	3	1398.4	1	6
303	3	1268.3	0	6
303	3	1078.8	1	6
303	3	594.01	1	6
303	3	1198.4	1	6
303	3	543.54	1	6
303	3	978.06	1	6
303	3	1281.2	1	6
303	3	1045.8	1	7
303	3	973.26	1	7
303	3	1300.7	1	7
303	3	694.6	1	7
303	3	930.26	1	7
303	3	884.18	1	7
303	3	1299.6	1	7
303	3	754.74	1	7
303	3	1522.5	1	7
303	3	828.58	1	7
303	3	1395	1	7
303	3	696.56	1	7
303	3	1054.5	1	7
303	3	701.21	1	7
303	3	880.05	1	7
303	3	831.36	1	7
303	3	3230.7	1	7
303	3	1473.7	1	7
303	3	1203.1	1	7
303	3	769.68	1	7
303	3	1280.6	1	7
303	3	1755.9	1	7
303	3	1165.4	1	7
303	3	921.64	1	7
303	3	561.8	1	7
303	3	853.64	1	7
303	3	1092.4	1	7
303	3	1780.4	1	7
303	3	3065.9	1	7
303	3	1418.4	1	7
303	3	1105.6	1	7
303	3	1756.3	1	7
303	3	1167.8	1	7
303	3	1462.7	1	7
303	3	1787.1	0	7
303	3	917.65	1	7
303	3	938.7	1	7
303	3	1170.4	1	7
303	3	2753.4	1	7
303	3	836.1	1	7
303	3	827.55	1	7
303	3	683.5	1	7
303	3	612.31	1	7
303	3	1205.2	1	7
303	3	1008.4	1	7
303	3	731.41	1	7
303	3	955.01	1	7
303	3	771.53	0	7
303	3	1548	1	7
303	3	797.91	1	7
303	3	1422.3	1	7
303	3	830.4	1	7
303	3	1017.8	1	7
303	3	770.97	1	7
303	3	846.24	1	7
303	3	827.27	1	7
303	3	653.14	1	7
303	3	868.46	1	7
303	3	1274	1	7
303	3	1744	1	7
303	3	2384.1	1	7
303	3	679.74	1	7
303	3	923.23	1	7
303	3	1227.8	1	7
303	3	946.09	1	7
303	3	980.78	0	7
303	3	964.63	1	7
303	3	1216	1	7
303	3	1179.5	1	7
303	3	1127.2	1	7
303	3	797.04	1	7
303	3	642.55	1	7
303	3	621.15	1	7
303	3	680.73	1	7
303	3	898.28	1	7
303	3	602.44	1	7
303	3	629.75	1	7
303	3	1107	1	7
303	3	563.16	1	7
303	3	819.06	1	7
303	3	651.55	1	7
303	3	684.85	1	7
303	3	920.05	1	7
303	3	981.36	1	7
303	3	685.95	1	7
303	3	664.26	1	7
303	3	1015.2	1	7
303	3	1065.3	1	7
303	3	1900	1	7
303	3	1339	1	7
303	3	943.52	1	7
303	3	791	1	7
303	3	666.23	1	7
303	3	579.43	1	7
303	3	806.69	1	7
303	3	2400.7	1	7
303	3	1007.2	1	7
303	3	2886	1	7
303	3	1896.9	1	7
303	3	664.07	1	7
303	3	875.89	1	7
303	3	621.63	1	7
303	3	1072.8	1	7
303	3	1822.3	1	7
303	3	719.18	1	7
303	3	702.26	1	7
303	3	562.13	1	7
303	3	1352.2	1	7
303	3	819.11	1	7
303	3	1803.3	1	7
303	3	1356.5	1	7
303	3	1282.3	0	7
303	3	1131	1	7
303	3	1511.9	1	7
303	3	722.49	1	7
303	3	676.25	1	7
303	3	889.8	1	7
303	3	584.96	1	7
303	3	601.18	1	7
303	3	649.05	1	7
303	3	2076.1	1	7
303	3	2432	1	7
303	3	1552.5	1	7
303	3	589.65	1	7
303	3	633	1	7
303	3	600.26	1	7
303	3	1210	1	7
303	3	715.71	1	7
303	3	565.18	1	7
303	3	845.68	1	7
303	3	553.68	1	7
303	3	1062.4	1	7
303	3	892.77	1	7
303	3	571.33	1	7
303	3	1723.1	1	7
303	3	629.96	1	7
303	3	818.11	1	7
303	3	1009.2	0	7
303	3	625.45	1	7
303	3	509.24	1	7
303	3	529.47	1	7
303	3	1129.2	1	7
303	3	712.7	1	7
303	3	894.4	1	7
303	3	1002.5	1	7
303	3	1435.2	1	7
303	3	909.62	1	7
303	3	711.15	1	7
303	3	668.75	1	7
303	3	620.92	1	7
303	3	1031.6	1	7
303	3	827.99	1	7
303	3	981.91	1	7
303	3	3287.5	1	7
303	3	790.34	1	7
303	3	680.28	1	7
303	3	1363.1	1	7
303	3	898.86	1	7
303	3	663.29	1	7
303	3	618.15	1	7
303	3	1228.7	1	7
303	3	1268.2	1	7
303	3	1256.8	1	7
303	3	1566.8	1	7
303	3	828.98	1	7
303	3	604.12	1	7
303	3	1198.6	1	7
303	3	998.35	1	7
303	3	2310.8	1	7
303	3	946.21	1	7
303	3	1489.7	1	7
303	3	1657.6	1	7
303	3	752.53	1	7
303	3	692.93	1	7
303	3	1100.9	1	7
303	3	692.43	1	7
303	3	1079.9	1	7
303	3	821.33	1	7
303	3	1326.9	1	7
303	3	1494.1	1	7
303	3	1968.5	1	7
303	3	3810.5	1	7
303	3	881.4	1	7
303	3	2052.3	1	7
303	3	2868.4	1	7
303	3	924.28	1	7
303	3	986.61	1	7
303	3	1247.4	1	7
303	3	681.24	1	7
303	3	1770.5	1	7
303	3	657.09	1	7
303	3	1175.5	1	7
303	3	1547.7	1	7
303	3	730.27	1	7
303	3	1011.1	1	7
303	3	1320	1	7
303	3	796.88	1	7
303	3	1653.4	1	7
303	3	805.97	1	7
303	3	1552.5	1	7
303	3	628.44	1	7
303	3	742.87	1	7
303	3	657.34	1	7
303	3	1345.3	1	7
303	3	693.65	1	7
303	3	1109.4	1	7
303	3	948.63	1	7
303	3	2073.6	1	7
303	3	668.29	1	7
303	3	1366.4	1	7
303	3	708.66	1	7
303	3	628.45	1	7
303	3	1364.7	1	7
303	3	755.12	1	7
303	3	657.43	1	7
303	3	920.18	1	7
303	3	2082.3	1	7
303	3	3902.7	1	7
303	3	2917.9	1	7
303	3	915.29	1	7
303	3	1388	1	7
303	3	1360	1	7
303	3	668.22	1	7
303	3	1041.8	1	7
303	3	1805.5	1	7
303	3	3292.9	1	7
303	3	762.86	1	7
303	3	1304.4	1	7
303	3	753.45	1	7
303	3	1224.2	1	7
303	3	775.06	1	7
303	3	1443.3	1	7
303	3	1198.6	1	7
303	3	1351.5	1	7
303	3	1288.4	1	7
303	3	2412.9	1	7
303	3	809.99	1	7
303	3	895.64	1	7
303	3	551.63	1	7
303	3	943.95	1	7
303	3	1564.4	1	7
303	3	945.67	1	7
303	3	1614	1	7
303	3	1317	1	7
303	3	568.91	1	7
303	3	699.44	1	7
303	3	905.39	1	7
303	3	1003.5	1	7
303	3	653.61	1	7
303	3	932.06	1	7
303	3	811.81	1	7
303	3	1667.9	1	7
303	3	675.94	1	7
303	3	1209.3	1	7
303	3	2035.5	1	7
303	3	575.54	1	7
303	3	1829.4	1	7
303	3	1367.1	1	7
303	3	677.77	1	7
303	3	1017.9	1	7
303	3	1256	1	7
303	3	1080.7	1	7
303	3	666.06	1	7
303	3	1127	1	7
303	3	1765.5	1	7
303	3	620.25	1	7
303	3	1247.7	0	7
303	3	986.65	1	7
303	3	1622.4	1	7
303	3	2680.5	1	7
303	3	966.56	1	7
303	3	844.94	1	7
303	3	1108.8	1	7
303	3	1766.8	1	7
303	3	832.84	1	7
303	3	1631.7	1	7
303	3	633.14	1	7
303	3	916.84	1	7
303	3	2130.3	0	7
303	3	894.58	1	7
303	3	641.26	1	7
303	3	1242.1	1	7
303	3	546.69	1	7
303	3	790.82	1	7
303	3	1339.2	1	7
303	3	729.62	1	7
303	3	1423.1	1	7
303	3	853.27	1	7
303	3	529.9	1	7
303	3	1292.7	1	7
303	3	572.16	1	7
303	3	892.84	1	7
303	3	579.71	1	7
303	3	978.61	1	7
303	3	763.38	1	7
303	3	801.42	1	7
303	3	788.51	1	7
303	3	1842.4	1	7
303	3	704.02	1	7
303	3	666.45	1	7
303	3	814.48	1	7
303	3	843.94	1	7
303	3	1709.6	1	7
303	3	793.32	1	7
303	3	900.52	1	7
303	3	976.85	1	7
303	3	657.37	1	7
303	3	966.78	1	7
303	3	1283.3	1	7
303	3	724.54	1	7
303	3	554.27	1	7
303	3	1022	1	7
303	3	668.77	1	7
303	3	1251.6	1	7
303	3	1411.1	1	7
303	3	742.24	1	7
303	3	672.9	1	7
303	3	937.17	1	7
303	3	1071.6	1	7
303	3	1033.5	1	7
303	3	1615.8	1	7
303	3	633.82	1	7
303	3	1462.7	1	7
303	3	900.93	1	7
303	3	1176.7	1	7
303	3	619.28	1	7
303	3	1828.5	1	7
303	3	590.42	1	7
303	3	1859.8	1	7
303	3	704.7	1	7
303	3	610.35	1	7
303	3	853.4	1	7
303	3	1410.3	1	7
303	3	1004.8	1	7
303	3	1742.8	1	7
303	3	708.53	1	7
303	3	512.47	1	7
303	3	571.98	1	7
303	3	684.37	1	7
303	3	2090.9	1	7
303	3	674.53	1	7
303	3	955.45	1	7
303	3	1089.3	1	7
303	3	494.46	1	7
303	3	574.64	1	7
303	3	1068.8	1	7
303	3	637.99	1	7
303	3	1192.4	1	7
303	3	811.38	1	8
303	3	980.51	1	8
303	3	1046.4	1	8
303	3	869.45	1	8
303	3	1058.8	1	8
303	3	964.9	1	8
303	3	1145.9	1	8
303	3	846.96	1	8
303	3	922.5	1	8
303	3	2084.1	1	8
303	3	1391.5	1	8
303	3	771.17	1	8
303	3	819.68	1	8
303	3	830.89	0	8
303	3	786.89	0	8
303	3	1381	1	8
303	3	688.99	1	8
303	3	827.01	1	8
303	3	2020.9	0	8
303	3	823.59	1	8
303	3	724.54	1	8
303	3	691.91	1	8
303	3	777.65	1	8
303	3	1651.1	1	8
303	3	921.95	1	8
303	3	786.07	1	8
303	3	1330.1	1	8
303	3	1083.4	1	8
303	3	1070	1	8
303	3	1260.1	1	8
303	3	775.24	1	8
303	3	1014.1	1	8
303	3	1240.7	1	8
303	3	1297.1	1	8
303	3	1694	1	8
303	3	1706.5	1	8
303	3	698.54	1	8
303	3	1736.1	1	8
303	3	1807.2	1	8
303	3	651.23	1	8
303	3	777.67	1	8
303	3	1969.5	1	8
303	3	812.57	1	8
303	3	1733.2	1	8
303	3	1759.1	1	8
303	3	955.2	1	8
303	3	1141.2	1	8
303	3	854.17	1	8
303	3	1030.1	1	8
303	3	1705.9	1	8
303	3	612.9	1	8
303	3	745.46	1	8
303	3	713.56	1	8
303	3	751.58	1	8
303	3	1912.9	1	8
303	3	924.97	1	8
303	3	1010.3	1	8
303	3	863.58	1	8
303	3	2556.4	1	8
303	3	1490.8	1	8
303	3	601.33	1	8
303	3	1110.2	1	8
303	3	1027.9	1	8
303	3	945.96	1	8
303	3	2655.5	1	8
303	3	598.98	1	8
303	3	1451.9	0	8
303	3	2234.4	0	8
303	3	869.5	1	8
303	3	1103.2	1	8
303	3	626.03	1	8
303	3	581.98	1	8
303	3	1187.3	1	8
303	3	749.39	1	8
303	3	987.49	1	8
303	3	1123.8	1	8
303	3	685.05	1	8
303	3	801.97	1	8
303	3	548.75	1	8
303	3	585.02	1	8
303	3	651.93	1	8
303	3	1147.6	1	8
303	3	702.53	1	8
303	3	1367.5	1	8
303	3	1886.3	1	8
303	3	739.96	1	8
303	3	881.22	1	8
303	3	786.97	1	8
303	3	1142.9	1	8
303	3	670.19	1	8
303	3	408.05	1	8
303	3	653.95	1	8
303	3	957.95	1	8
303	3	630.11	1	8
303	3	850.02	1	8
303	3	853.69	1	8
303	3	1672.2	1	8
303	3	3749.4	1	8
303	3	2478.1	1	8
303	3	2073.5	1	8
303	3	920.1	1	8
303	3	909.98	1	8
303	3	639.92	1	8
303	3	1028.4	1	8
303	3	556.41	1	8
303	3	643.48	1	8
303	3	1233.9	1	8
303	3	561.99	1	8
303	3	823.2	1	8
303	3	874.16	1	8
303	3	844.7	1	8
303	3	772.93	1	8
303	3	1395.8	1	8
303	3	1202.3	1	8
303	3	1401	1	8
303	3	1067.9	1	8
303	3	603.01	1	8
303	3	523.04	1	8
303	3	1125.3	1	8
303	3	603.11	1	8
303	3	1061	1	8
303	3	1004.4	1	8
303	3	684.72	1	8
303	3	2464.3	0	8
303	3	2419.5	1	8
303	3	636.65	1	8
303	3	604.37	1	8
303	3	701.93	1	8
303	3	751.18	1	8
303	3	639.3	1	8
303	3	1340.9	1	8
303	3	638.75	1	8
303	3	716.71	1	8
303	3	651.96	1	8
303	3	2100.4	1	8
303	3	1117.4	1	8
303	3	665.33	1	8
303	3	1058.1	1	8
303	3	562.39	1	8
303	3	532.98	1	8
303	3	699.53	1	8
303	3	773.54	1	8
303	3	903.8	1	8
303	3	532.56	1	8
303	3	655.24	1	8
303	3	2284.8	1	8
303	3	605.65	1	8
303	3	1077.4	1	8
303	3	1390.3	1	8
303	3	1110.6	1	8
303	3	996.66	1	8
303	3	1896.8	1	8
303	3	722.2	1	8
303	3	884.27	1	8
303	3	655.29	1	8
303	3	1197.4	1	8
303	3	996.81	1	8
303	3	597.23	1	8
303	3	735.42	1	8
303	3	659.81	1	8
303	3	1469.7	1	8
303	3	1082.2	1	8
303	3	737.02	1	8
303	3	1394.4	1	8
303	3	706.5	1	8
303	3	1241.3	1	8
303	3	1947.7	1	8
303	3	640.77	1	8
303	3	2323.6	1	8
303	3	1168.2	1	8
303	3	1586.7	1	8
303	3	983.22	1	8
303	3	2776.7	1	8
303	3	2287.8	1	8
303	3	793.08	1	8
303	3	575.54	1	8
303	3	1536.5	1	8
303	3	872.5	1	8
303	3	1753.5	1	8
303	3	1643.7	1	8
303	3	1228.1	1	8
303	3	1192.1	1	8
303	3	726.2	1	8
303	3	1353.5	1	8
303	3	1053.7	1	8
303	3	2198.8	1	8
303	3	1555.5	1	8
303	3	1253.8	1	8
303	3	2590.5	1	8
303	3	942.11	1	8
303	3	760.76	1	8
303	3	1734.5	1	8
303	3	2450	1	8
303	3	1963.8	1	8
303	3	645.65	1	8
303	3	995.36	1	8
303	3	726.4	1	8
303	3	891.08	1	8
303	3	1862.8	1	8
303	3	616.16	1	8
303	3	699.53	1	8
303	3	584.09	1	8
303	3	761.06	1	8
303	3	1185.4	1	8
303	3	1390.5	1	8
303	3	2663.1	1	8
303	3	1118.4	1	8
303	3	2623.5	1	8
303	3	826.15	1	8
303	3	2792.9	1	8
303	3	602.6	1	8
303	3	774	1	8
303	3	682.14	1	8
303	3	952.26	1	8
303	3	596.95	1	8
303	3	2049.5	1	8
303	3	1435.2	1	8
303	3	995.18	1	8
303	3	974.76	1	8
303	3	1234.8	1	8
303	3	757.21	1	8
303	3	2226.1	1	8
303	3	1672.9	1	8
303	3	560.76	1	8
303	3	723.55	1	8
303	3	1226.6	1	8
303	3	772.85	1	8
303	3	681.99	1	8
303	3	1005.2	1	8
303	3	706.44	1	8
303	3	837.22	1	8
303	3	724.44	1	8
303	3	740.14	1	8
303	3	580.78	1	8
303	3	1153.1	1	8
303	3	1306.6	1	8
303	3	921.63	1	8
303	3	1330.3	1	8
303	3	1855.5	1	8
303	3	2004.3	1	8
303	3	1380.7	1	8
303	3	881.67	1	8
303	3	1014.5	1	8
303	3	857.67	1	8
303	3	982.29	1	8
303	3	848.67	1	8
303	3	2928.8	1	8
303	3	580.1	1	8
303	3	548.65	1	8
303	3	527.45	1	8
303	3	1617.6	1	8
303	3	1645.8	0	8
303	3	1795.8	1	8
303	3	2007.4	0	8
303	3	854.56	1	8
303	3	995.07	1	8
303	3	2501.5	1	8
303	3	1007.4	1	8
303	3	1467.6	1	8
303	3	590.94	1	8
303	3	768.42	1	8
303	3	546.88	1	8
303	3	2322.9	1	8
303	3	686.28	1	8
303	3	622.31	1	8
303	3	1685.7	1	8
303	3	1348	1	8
303	3	661.72	1	8
303	3	1218.7	1	8
303	3	1703	1	8
303	3	788.58	1	8
303	3	587.88	1	8
303	3	1060.9	1	8
303	3	833.66	1	8
303	3	753.18	1	8
303	3	1449.8	1	8
303	3	557.77	1	8
303	3	1209.4	1	8
303	3	1892.2	1	8
303	3	848.59	1	8
303	3	1077.2	1	8
303	3	1058.7	1	8
303	3	1204.7	1	8
303	3	2891.9	1	8
303	3	761.73	1	8
303	3	813.88	1	8
303	3	593.03	1	8
303	3	752.19	1	8
303	3	1193.2	1	8
303	3	801.66	1	8
303	3	739.43	1	8
303	3	2638.1	1	8
303	3	809.74	1	8
303	3	1516.4	1	8
303	3	1914.4	1	8
303	3	1457.8	1	8
303	3	1138.7	1	8
303	3	690.92	1	8
303	3	1033.9	1	8
303	3	828.63	1	8
303	3	800.46	1	8
303	3	683.38	1	8
303	3	646.71	1	8
303	3	654.56	1	8
303	3	1100.8	1	8
303	3	554.59	1	8
303	3	777.41	1	8
303	3	500.36	1	8
303	3	2406.9	1	8
303	3	1504.8	1	8
303	3	624.4	1	8
303	3	1208.8	1	8
303	3	1098	1	8
303	3	1021.7	1	8
303	3	1147.7	1	8
303	3	764.24	1	8
303	3	871.89	1	8
303	3	1095.3	1	8
303	3	623.76	1	8
303	3	730.81	1	8
303	3	1092.3	0	8
303	3	758.36	1	8
303	3	612.43	1	8
303	3	650.96	1	8
303	3	1098.3	1	8
303	3	1177.7	1	8
303	3	640.91	1	8
303	3	855	1	8
303	3	734.73	1	8
303	3	1117.4	1	8
303	3	889.8	1	8
303	3	1260.9	1	8
303	3	999.74	1	8
303	3	732.94	1	8
303	3	1320.4	1	8
303	3	1242.6	1	8
303	3	753.86	1	8
303	3	1717.2	1	8
303	3	948.94	1	8
303	3	629.59	1	8
303	3	1007.4	1	8
303	3	602.92	1	8
303	3	790.33	1	8
303	3	1212	1	8
303	3	833.71	1	8
303	3	825.79	1	8
303	3	847.49	1	8
303	3	473.64	1	8
303	3	520.86	1	8
303	3	880.12	1	8
303	3	1290.4	1	9
303	3	1206	1	9
303	3	762.66	1	9
303	3	1102.1	1	9
303	3	848.44	1	9
303	3	1522.7	1	9
303	3	685.51	1	9
303	3	821.42	1	9
303	3	1315.7	1	9
303	3	1551	1	9
303	3	2827.8	1	9
303	3	1233	1	9
303	3	601.55	1	9
303	3	552.11	1	9
303	3	1314	1	9
303	3	705.61	1	9
303	3	771.2	1	9
303	3	1022.7	1	9
303	3	688.5	1	9
303	3	741.14	1	9
303	3	772.22	1	9
303	3	1187.4	1	9
303	3	1319.1	1	9
303	3	1325.1	1	9
303	3	615.13	1	9
303	3	1115.2	1	9
303	3	916.68	1	9
303	3	802.61	1	9
303	3	1134.6	1	9
303	3	630.85	1	9
303	3	641.27	1	9
303	3	864.79	1	9
303	3	1052.8	1	9
303	3	876.41	1	9
303	3	826.18	1	9
303	3	587.63	1	9
303	3	1099.7	1	9
303	3	1343.5	1	9
303	3	907.66	1	9
303	3	1064	1	9
303	3	845.16	1	9
303	3	1294.1	1	9
303	3	596.71	1	9
303	3	624.52	1	9
303	3	1052.6	1	9
303	3	1632.3	1	9
303	3	1096.5	1	9
303	3	1665.4	1	9
303	3	938.55	1	9
303	3	686.43	1	9
303	3	1186.6	1	9
303	3	625.82	1	9
303	3	1318.8	1	9
303	3	917.71	1	9
303	3	556.57	1	9
303	3	620.99	1	9
303	3	807.3	1	9
303	3	869.89	1	9
303	3	814.63	1	9
303	3	733.38	1	9
303	3	1181.5	1	9
303	3	1439.9	1	9
303	3	1773.7	1	9
303	3	997.92	1	9
303	3	727.88	1	9
303	3	752.17	1	9
303	3	1396.8	1	9
303	3	944.46	1	9
303	3	904.85	1	9
303	3	739.33	1	9
303	3	670.19	1	9
303	3	1400.7	1	9
303	3	775.2	1	9
303	3	1364.2	1	9
303	3	762.77	1	9
303	3	664.2	1	9
303	3	637	1	9
303	3	576.12	1	9
303	3	583.26	1	9
303	3	1136.6	1	9
303	3	1440.9	1	9
303	3	576.35	1	9
303	3	760.42	1	9
303	3	1113.4	1	9
303	3	1202.6	1	9
303	3	767.31	1	9
303	3	813.48	1	9
303	3	799.85	1	9
303	3	1129.8	1	9
303	3	893.82	1	9
303	3	648.96	1	9
303	3	601.77	1	9
303	3	712.97	1	9
303	3	624.53	1	9
303	3	776.83	1	9
303	3	934.97	1	9
303	3	903.44	1	9
303	3	592.48	1	9
303	3	1168.4	1	9
303	3	712.27	1	9
303	3	733.63	1	9
303	3	759.67	1	9
303	3	1277.3	1	9
303	3	1484.7	1	9
303	3	647.74	1	9
303	3	616.55	1	9
303	3	2073.4	1	9
303	3	1855.9	1	9
303	3	1966.2	1	9
303	3	662.46	1	9
303	3	1021.9	1	9
303	3	807.81	1	9
303	3	936.32	1	9
303	3	522.64	1	9
303	3	1647.6	1	9
303	3	704.28	1	9
303	3	709.49	1	9
303	3	958.13	1	9
303	3	553.58	1	9
303	3	590.59	1	9
303	3	1347.4	1	9
303	3	589.43	1	9
303	3	714.53	1	9
303	3	711.26	1	9
303	3	763.77	1	9
303	3	709.39	1	9
303	3	457.85	1	9
303	3	640.05	1	9
303	3	601.9	1	9
303	3	973.3	1	9
303	3	1237.7	1	9
303	3	1058.5	1	9
303	3	589.87	1	9
303	3	932	1	9
303	3	650.95	1	9
303	3	595.67	1	9
303	3	1460	1	9
303	3	761.72	1	9
303	3	559.81	1	9
303	3	509.72	1	9
303	3	861.31	1	9
303	3	918.69	1	9
303	3	858.94	1	9
303	3	1406.4	1	9
303	3	777	1	9
303	3	744.3	1	9
303	3	1149.3	1	9
303	3	1028.5	1	9
303	3	914.87	1	9
303	3	940.64	1	9
303	3	760.5	1	9
303	3	1187.5	1	9
303	3	1468.5	1	9
303	3	1732.4	1	9
303	3	2817.6	1	9
303	3	617.34	1	9
303	3	661.86	1	9
303	3	1126.4	1	9
303	3	879.82	1	9
303	3	995.82	1	9
303	3	1605.1	1	9
303	3	1720.4	1	9
303	3	1171.1	1	9
303	3	1275.4	1	9
303	3	744.43	1	9
303	3	1429.2	1	9
303	3	804.81	1	9
303	3	1851.6	1	9
303	3	934.04	1	9
303	3	1049.9	1	9
303	3	1550	1	9
303	3	825.63	1	9
303	3	3674.8	1	9
303	3	841.65	1	9
303	3	1675.3	1	9
303	3	1580.5	1	9
303	3	1141.4	1	9
303	3	1810.2	1	9
303	3	670.26	1	9
303	3	980.78	1	9
303	3	920.36	1	9
303	3	2310.2	1	9
303	3	1059.1	1	9
303	3	1878.7	1	9
303	3	1937.6	1	9
303	3	1902.7	1	9
303	3	1129.2	1	9
303	3	2433	1	9
303	3	998.03	1	9
303	3	934.07	1	9
303	3	632.97	1	9
303	3	1066.9	1	9
303	3	1016.4	1	9
303	3	645	1	9
303	3	1337.1	1	9
303	3	666.96	1	9
303	3	1003.6	1	9
303	3	870.05	1	9
303	3	1814.7	1	9
303	3	590.03	1	9
303	3	1200.2	1	9
303	3	814.51	1	9
303	3	910.24	1	9
303	3	1286.8	1	9
303	3	1302.3	1	9
303	3	1032.8	1	9
303	3	644.22	1	9
303	3	824.08	1	9
303	3	1064	1	9
303	3	1767.6	1	9
303	3	1260.9	1	9
303	3	1470.4	1	9
303	3	2056.2	1	9
303	3	893.97	1	9
303	3	755.5	1	9
303	3	1680.6	1	9
303	3	664.17	1	9
303	3	1314.7	1	9
303	3	823.27	1	9
303	3	880.98	1	9
303	3	960.98	1	9
303	3	576.34	1	9
303	3	892.96	1	9
303	3	663.44	1	9
303	3	519.42	1	9
303	3	1568.8	1	9
303	3	711.27	1	9
303	3	607.2	1	9
303	3	814.23	1	9
303	3	535.09	1	9
303	3	1260.5	1	9
303	3	1362.6	1	9
303	3	1965.9	1	9
303	3	908.11	1	9
303	3	1463.8	1	9
303	3	2245.1	1	9
303	3	846.83	1	9
303	3	927.32	1	9
303	3	604.61	1	9
303	3	1323.6	1	9
303	3	1556	1	9
303	3	1696.2	1	9
303	3	1926.4	1	9
303	3	874.27	1	9
303	3	1686.5	1	9
303	3	983.32	1	9
303	3	558.77	1	9
303	3	705.29	1	9
303	3	1029.2	1	9
303	3	937.7	1	9
303	3	613.76	1	9
303	3	1058.9	1	9
303	3	2073.3	1	9
303	3	1077.5	1	9
303	3	607.64	1	9
303	3	2676.3	1	9
303	3	668.25	1	9
303	3	1110.2	1	9
303	3	814.26	1	9
303	3	608.97	1	9
303	3	1407.4	1	9
303	3	1136.6	1	9
303	3	582.65	1	9
303	3	625.97	1	9
303	3	653.55	1	9
303	3	1172.6	1	9
303	3	1302.2	1	9
303	3	1443.6	1	9
303	3	868	1	9
303	3	1176.4	1	9
303	3	977.9	1	9
303	3	765.99	1	9
303	3	1747.1	1	9
303	3	1069.8	1	9
303	3	929.5	1	9
303	3	977.09	1	9
303	3	722.63	1	9
303	3	710.8	1	9
303	3	1220.4	1	9
303	3	1326.8	1	9
303	3	700.57	1	9
303	3	605.37	1	9
303	3	623.62	1	9
303	3	2130.8	1	9
303	3	808.09	1	9
303	3	641.86	0	9
303	3	1044	1	9
303	3	1582.2	1	9
303	3	1168.3	1	9
303	3	637.79	1	9
303	3	709.89	1	9
303	3	1347	1	9
303	3	859.48	1	9
303	3	564.86	1	9
303	3	1922.7	1	9
303	3	921.17	1	9
303	3	1220.7	0	9
303	3	766.03	1	9
303	3	879.27	1	9
303	3	739.71	1	9
303	3	784.04	1	9
303	3	1014.1	1	9
303	3	807.74	1	9
303	3	1049.3	1	9
303	3	895.48	1	9
303	3	702.04	1	9
303	3	617.7	1	9
303	3	978.29	1	9
303	3	602.1	1	9
303	3	696.18	1	9
303	3	633.24	1	9
303	3	892.69	1	9
303	3	547.77	1	9
303	3	944.65	1	9
303	3	622.03	1	9
303	3	1940.3	1	9
303	3	1121.6	1	9
303	3	2370.7	1	9
303	3	2770.2	1	9
303	3	575.17	1	9
303	3	836.27	1	9
303	3	691.57	1	9
303	3	568.11	1	9
303	3	517.35	1	9
303	3	721.8	1	9
303	3	1502.3	1	9
303	3	637	1	9
303	3	575.92	1	9
303	3	1091.9	1	9
303	3	962.85	1	9
303	3	652.23	1	9
303	3	638.78	1	9
303	3	609.27	1	9
303	3	1245.5	1	9
303	3	926.24	1	9
303	3	768.98	1	9
303	3	810.77	1	9
303	3	856.41	1	9
303	3	671.93	1	9
303	3	496.73	1	9
303	3	577.76	1	9
303	3	1124.5	1	9
303	3	930.33	1	9
303	3	847.86	1	9
303	3	604.11	1	9
303	3	433.97	1	9
303	3	536.79	1	9
303	3	576.54	1	9
303	3	599.2	1	9
303	3	583.51	1	9
