5	1	1026.6	1	1
5	1	1166	1	1
5	1	993.08	1	1
5	1	1023.3	0	1
5	1	1168.4	1	1
5	1	876.56	1	1
5	1	1048	0	1
5	1	708.09	1	1
5	1	898.91	1	1
5	1	800.96	1	1
5	1	1007.7	0	1
5	1	693.14	1	1
5	1	904.2	1	1
5	1	1367.9	1	1
5	1	1048.3	1	1
5	1	1464.7	1	1
5	1	919.88	1	1
5	1	1190.7	1	1
5	1	918.37	1	1
5	1	1615.5	1	1
5	1	826.03	1	1
5	1	1639.7	1	1
5	1	1074.9	1	1
5	1	821.23	1	1
5	1	1442.4	1	1
5	1	1339	1	1
5	1	1086.8	1	1
5	1	1495.3	1	1
5	1	1302.9	1	1
5	1	1686.3	1	1
5	1	1606.4	1	1
5	1	1335.4	1	1
5	1	1130.4	1	1
5	1	922.07	1	1
5	1	1549.4	1	1
5	1	804.58	1	1
5	1	720.93	1	1
5	1	999.04	1	1
5	1	1127.7	1	1
5	1	796.33	1	1
5	1	974.17	1	1
5	1	1104	1	1
5	1	712.05	1	1
5	1	962.68	1	1
5	1	1104.2	1	1
5	1	639.73	1	1
5	1	846.18	1	1
5	1	778.86	1	1
5	1	946.41	1	1
5	1	802.09	1	1
5	1	1021.1	1	1
5	1	1117.5	1	1
5	1	805.56	1	1
5	1	758	1	1
5	1	1025.2	1	1
5	1	765.36	1	1
5	1	845.41	1	1
5	1	875.81	1	1
5	1	909.85	1	1
5	1	724.67	1	1
5	1	1006.8	1	1
5	1	708.08	1	1
5	1	900.63	1	1
5	1	648.65	1	1
5	1	769.04	1	1
5	1	848.23	1	1
5	1	665.05	1	1
5	1	763.53	1	1
5	1	1003.8	1	1
5	1	914.62	1	1
5	1	884	1	1
5	1	856.22	1	1
5	1	901.64	1	1
5	1	755.64	1	1
5	1	1379.8	1	1
5	1	708.19	1	1
5	1	641.58	1	1
5	1	686.95	1	1
5	1	728.33	1	1
5	1	693.4	1	1
5	1	921.6	1	1
5	1	787.01	1	1
5	1	748.08	1	1
5	1	918.58	1	1
5	1	705.56	1	1
5	1	755.02	1	1
5	1	769.3	1	1
5	1	729.77	1	1
5	1	1068.3	1	1
5	1	686.87	1	1
5	1	766.87	1	1
5	1	868.31	1	1
5	1	800.59	1	1
5	1	686.71	1	1
5	1	765.15	1	1
5	1	598.14	1	1
5	1	740.49	1	1
5	1	835.45	1	1
5	1	931.76	1	1
5	1	709.71	1	1
5	1	693.83	1	1
5	1	609.73	1	1
5	1	606.31	1	1
5	1	665.48	1	1
5	1	1413.2	1	1
5	1	564.68	1	1
5	1	527.45	1	1
5	1	767.64	1	1
5	1	880.86	1	1
5	1	695.21	1	1
5	1	578.48	1	1
5	1	726.85	1	1
5	1	742.11	1	1
5	1	598.95	1	1
5	1	794.69	1	1
5	1	679.52	1	1
5	1	790.69	1	1
5	1	612.75	1	1
5	1	592.8	1	1
5	1	641.49	1	1
5	1	647.12	1	1
5	1	605.36	1	1
5	1	697.5	1	1
5	1	659.25	1	1
5	1	689.77	1	1
5	1	601.05	1	1
5	1	557.46	1	1
5	1	607.57	1	1
5	1	601.8	1	1
5	1	583.59	1	1
5	1	685.31	1	1
5	1	630.51	1	1
5	1	649.88	1	1
5	1	661.07	1	1
5	1	540.14	1	1
5	1	863.79	1	1
5	1	1499.3	1	1
5	1	644.94	1	1
5	1	1311.2	1	1
5	1	799.38	1	1
5	1	795.24	1	1
5	1	788.77	1	1
5	1	886.82	1	1
5	1	594.57	1	1
5	1	700.1	1	1
5	1	692.66	1	1
5	1	756.27	1	1
5	1	653.33	1	1
5	1	662.02	1	1
5	1	609.21	1	1
5	1	609.78	1	1
5	1	730.89	1	1
5	1	555.35	1	1
5	1	665.96	1	1
5	1	669.41	1	1
5	1	688.07	1	1
5	1	659.86	1	1
5	1	641.89	1	1
5	1	829.63	1	1
5	1	636.66	1	1
5	1	609.92	1	1
5	1	629.47	1	1
5	1	668.5	1	1
5	1	581.25	1	1
5	1	569.05	1	1
5	1	719.8	1	1
5	1	666.25	1	1
5	1	588.94	1	1
5	1	568.11	1	1
5	1	670.76	1	1
5	1	645.94	1	1
5	1	798.87	1	1
5	1	794.44	1	1
5	1	838.27	1	1
5	1	741.53	1	1
5	1	653.94	1	1
5	1	636.87	1	1
5	1	773.39	1	1
5	1	730.48	1	1
5	1	697.58	1	1
5	1	699.46	1	1
5	1	1049.3	1	1
5	1	632.84	1	1
5	1	636.19	1	1
5	1	529.01	1	1
5	1	695.58	1	1
5	1	610.35	1	1
5	1	610.04	1	1
5	1	695.98	1	1
5	1	634.59	1	1
5	1	651.74	1	1
5	1	766.36	1	1
5	1	731.67	1	1
5	1	915.11	1	1
5	1	631.81	1	1
5	1	753.13	1	1
5	1	1146.2	1	1
5	1	932.65	1	1
5	1	1902.4	1	1
5	1	824.11	1	1
5	1	681.53	1	1
5	1	843.12	1	1
5	1	541.02	1	1
5	1	630.6	1	1
5	1	539.34	1	1
5	1	707.11	1	1
5	1	512.06	1	1
5	1	631.29	1	1
5	1	640.89	1	1
5	1	1081.5	1	1
5	1	982.33	1	1
5	1	581.18	1	1
5	1	614.12	1	1
5	1	886.59	1	1
5	1	630.84	1	1
5	1	829.2	1	1
5	1	562.44	1	1
5	1	526.33	1	1
5	1	614.48	1	1
5	1	894.65	1	1
5	1	762.04	1	1
5	1	2118.6	1	1
5	1	593.65	1	1
5	1	571.16	1	1
5	1	699.38	1	1
5	1	676.41	1	1
5	1	590.78	1	1
5	1	641.44	1	1
5	1	660.27	1	1
5	1	688.64	1	1
5	1	1070.4	1	1
5	1	574.82	1	1
5	1	815.38	1	1
5	1	744.7	1	1
5	1	574.07	1	1
5	1	780.96	1	1
5	1	639.77	1	1
5	1	586.95	1	1
5	1	888.05	1	1
5	1	1581.1	1	1
5	1	946.76	1	1
5	1	630.02	1	1
5	1	693.88	1	1
5	1	634.98	1	1
5	1	748.03	1	1
5	1	814.11	1	1
5	1	713.85	1	1
5	1	896.77	1	1
5	1	1436.7	1	1
5	1	722.81	1	1
5	1	704.23	1	1
5	1	600.05	1	1
5	1	550.01	1	1
5	1	882.77	1	1
5	1	1053.7	1	1
5	1	703.77	1	1
5	1	546.28	1	1
5	1	749.21	1	1
5	1	676.46	1	1
5	1	671.28	1	1
5	1	806.5	1	1
5	1	509	1	1
5	1	665.7	1	1
5	1	649.69	1	1
5	1	886.65	1	1
5	1	704.45	1	1
5	1	698.83	1	1
5	1	829.01	1	1
5	1	588.32	1	1
5	1	1002.4	1	1
5	1	581.87	1	1
5	1	3048	1	1
5	1	703.59	1	1
5	1	519.21	1	1
5	1	844.16	1	1
5	1	746.9	1	1
5	1	626.44	1	1
5	1	1048.3	1	1
5	1	624.64	1	1
5	1	557.11	1	1
5	1	802.22	1	1
5	1	721.6	1	1
5	1	592.32	1	1
5	1	590.96	1	1
5	1	553.05	1	1
5	1	757.86	1	1
5	1	628.55	1	1
5	1	573.88	1	1
5	1	692.71	1	1
5	1	643.57	1	1
5	1	635.24	1	1
5	1	1158.7	1	1
5	1	697.89	1	1
5	1	548.39	1	1
5	1	646.08	1	1
5	1	668.68	1	1
5	1	605.73	1	1
5	1	668.58	1	1
5	1	826.66	1	1
5	1	544.73	1	1
5	1	561.02	1	1
5	1	602.84	1	1
5	1	556.98	1	1
5	1	734.38	1	1
5	1	1017.1	1	1
5	1	1027.5	1	1
5	1	568.32	1	1
5	1	751.35	1	1
5	1	1962.3	1	1
5	1	578.3	1	1
5	1	565.21	1	1
5	1	591.15	1	1
5	1	604.48	1	1
5	1	520.81	1	1
5	1	824.25	1	1
5	1	879.99	1	1
5	1	776.11	1	1
5	1	578.12	1	1
5	1	946.06	1	1
5	1	627.37	1	1
5	1	738.88	1	1
5	1	720.77	1	1
5	1	2205.3	1	1
5	1	1048.7	1	1
5	1	554.84	1	1
5	1	572.5	1	1
5	1	582.5	1	1
5	1	591.26	1	1
5	1	559.76	1	1
5	1	624.74	1	1
5	1	615.79	1	1
5	1	577.45	1	1
5	1	545.55	1	1
5	1	649.99	1	1
5	1	503.58	1	1
5	1	674.28	1	1
5	1	590.53	1	1
5	1	608.66	1	1
5	1	515.7	1	1
5	1	611.92	1	1
5	1	586.39	1	1
5	1	1100.5	1	1
5	1	767.86	1	1
5	1	633.21	1	1
5	1	725.94	1	1
5	1	928.3	1	1
5	1	660.86	1	1
5	1	619.32	1	1
5	1	523.88	1	1
5	1	913.79	0	2
5	1	1342.7	0	2
5	1	796.5	0	2
5	1	1153.1	1	2
5	1	1113	1	2
5	1	1987.4	1	2
5	1	1239.2	0	2
5	1	1037.8	0	2
5	1	920.38	1	2
5	1	966.61	0	2
5	1	1367.4	0	2
5	1	1117.5	1	2
5	1	1394.4	0	2
5	1	1481.7	0	2
5	1	889.76	0	2
5	1	1119.7	0	2
5	1	1468.2	1	2
5	1	1262.5	1	2
5	1	1242.4	1	2
5	1	854.53	1	2
5	1	1254.4	1	2
5	1	3375.5	1	2
5	1	2000	1	2
5	1	1445.1	1	2
5	1	1330.5	1	2
5	1	1808	0	2
5	1	1712.4	0	2
5	1	1424.8	0	2
5	1	2921.9	1	2
5	1	953.23	1	2
5	1	1975	1	2
5	1	1649.5	1	2
5	1	1282.9	1	2
5	1	1628.5	1	2
5	1	1023.4	1	2
5	1	1118	1	2
5	1	677.03	1	2
5	1	1364.7	1	2
5	1	858.78	1	2
5	1	1171.7	1	2
5	1	1293	1	2
5	1	2411.1	1	2
5	1	1680.2	1	2
5	1	1038.4	1	2
5	1	1832.3	1	2
5	1	816.17	1	2
5	1	1073.1	1	2
5	1	1014.8	1	2
5	1	1420.7	1	2
5	1	1632	1	2
5	1	1098.4	1	2
5	1	977.68	0	2
5	1	966.4	1	2
5	1	1357	1	2
5	1	1602.8	1	2
5	1	854.49	1	2
5	1	972.68	1	2
5	1	1083.4	1	2
5	1	1540.8	1	2
5	1	1151	1	2
5	1	1225.7	1	2
5	1	1165.1	1	2
5	1	1965	1	2
5	1	1160.4	1	2
5	1	871.44	1	2
5	1	1015.2	1	2
5	1	965.01	1	2
5	1	1271.4	1	2
5	1	1028	1	2
5	1	1490.6	1	2
5	1	1091.2	1	2
5	1	1037	0	2
5	1	1262.3	1	2
5	1	1088.2	1	2
5	1	1186.5	1	2
5	1	1124.7	1	2
5	1	805.14	1	2
5	1	1664.4	1	2
5	1	702.07	1	2
5	1	702.85	1	2
5	1	848.67	1	2
5	1	1330.2	1	2
5	1	825.14	1	2
5	1	660.23	1	2
5	1	1213.3	1	2
5	1	717.03	1	2
5	1	861.35	1	2
5	1	1722.5	1	2
5	1	1470.2	1	2
5	1	1192.7	1	2
5	1	1137.6	1	2
5	1	1006.9	1	2
5	1	622.55	1	2
5	1	1211.8	1	2
5	1	1103.5	0	2
5	1	1119.4	1	2
5	1	1071.8	1	2
5	1	1130.1	1	2
5	1	1212.4	1	2
5	1	714.39	1	2
5	1	894.93	1	2
5	1	643.05	1	2
5	1	1065.7	1	2
5	1	1258.5	1	2
5	1	745.72	1	2
5	1	957.43	1	2
5	1	1025.1	1	2
5	1	698.03	1	2
5	1	1059.1	1	2
5	1	1471.6	0	2
5	1	889.71	1	2
5	1	570.4	1	2
5	1	817.92	1	2
5	1	912.1	1	2
5	1	1178.8	1	2
5	1	721.25	1	2
5	1	1078.4	1	2
5	1	833.61	1	2
5	1	1024.2	1	2
5	1	877.21	1	2
5	1	1023.3	1	2
5	1	713.13	1	2
5	1	601.78	1	2
5	1	1210	1	2
5	1	806.36	1	2
5	1	595.85	1	2
5	1	708.18	1	2
5	1	1382	1	2
5	1	858.02	1	2
5	1	742.73	1	2
5	1	940.78	1	2
5	1	1121.5	1	2
5	1	849.97	1	2
5	1	778.45	1	2
5	1	617.27	1	2
5	1	841.64	1	2
5	1	616.2	1	2
5	1	730.82	1	2
5	1	872.82	1	2
5	1	1224.5	1	2
5	1	820.24	1	2
5	1	1075.5	1	2
5	1	1217	1	2
5	1	963.92	1	2
5	1	707.07	1	2
5	1	1202.5	1	2
5	1	792.03	1	2
5	1	1184.8	1	2
5	1	1117.5	1	2
5	1	818.08	1	2
5	1	920.96	1	2
5	1	794.24	1	2
5	1	941.54	1	2
5	1	1078.5	1	2
5	1	771.77	1	2
5	1	1126.1	1	2
5	1	823.13	1	2
5	1	671.28	1	2
5	1	625.95	1	2
5	1	884.79	1	2
5	1	570.61	1	2
5	1	1015.3	1	2
5	1	860.19	1	2
5	1	604.26	1	2
5	1	779.39	0	2
5	1	589.89	1	2
5	1	776.44	1	2
5	1	680.68	1	2
5	1	784.71	1	2
5	1	614.04	1	2
5	1	697.82	1	2
5	1	1444.4	1	2
5	1	1287.1	1	2
5	1	1076.4	1	2
5	1	813.61	1	2
5	1	559.45	1	2
5	1	1160.9	1	2
5	1	1149.9	1	2
5	1	1144.9	1	2
5	1	748.84	1	2
5	1	967.15	1	2
5	1	1444.4	1	2
5	1	1545.9	1	2
5	1	625.95	1	2
5	1	941.8	1	2
5	1	878.3	1	2
5	1	797.84	1	2
5	1	1165.9	1	2
5	1	1010.6	1	2
5	1	928.02	1	2
5	1	644.84	1	2
5	1	1011.3	1	2
5	1	679.28	1	2
5	1	823.17	1	2
5	1	1891.4	1	2
5	1	1471.1	1	2
5	1	939.56	1	2
5	1	928.44	1	2
5	1	1429.6	1	2
5	1	1388.6	1	2
5	1	671.5	1	2
5	1	1190.8	1	2
5	1	737.52	1	2
5	1	799.59	1	2
5	1	664.69	1	2
5	1	856.45	1	2
5	1	699.11	1	2
5	1	924.16	1	2
5	1	571.77	1	2
5	1	645.03	1	2
5	1	609.81	1	2
5	1	860.79	1	2
5	1	889.46	1	2
5	1	1073.3	1	2
5	1	974.62	1	2
5	1	681.51	1	2
5	1	665.23	1	2
5	1	1015.7	1	2
5	1	712.07	1	2
5	1	945.52	1	2
5	1	1965	1	2
5	1	1408.1	1	2
5	1	1253.7	1	2
5	1	2115	1	2
5	1	903.68	1	2
5	1	943.47	1	2
5	1	608.63	1	2
5	1	618.92	1	2
5	1	1795.8	1	2
5	1	1115.9	1	2
5	1	1419.5	1	2
5	1	1066.2	1	2
5	1	987.44	1	2
5	1	614.34	1	2
5	1	1048.5	1	2
5	1	1201.1	0	2
5	1	1223.6	0	2
5	1	1346.1	1	2
5	1	963.55	1	2
5	1	774.06	1	2
5	1	780.01	1	2
5	1	930.18	1	2
5	1	1576.8	1	2
5	1	1107.2	1	2
5	1	1026.5	1	2
5	1	1142.4	1	2
5	1	901.61	0	2
5	1	745.2	0	2
5	1	1277.6	1	2
5	1	921.26	1	2
5	1	779.25	1	2
5	1	726.35	1	2
5	1	1099	1	2
5	1	1606.4	1	2
5	1	912.73	1	2
5	1	1076.9	1	2
5	1	730.58	1	2
5	1	766.23	1	2
5	1	586.44	1	2
5	1	919.1	1	2
5	1	670.58	1	2
5	1	637.65	1	2
5	1	1234.7	1	2
5	1	968.65	1	2
5	1	711.6	1	2
5	1	651.45	1	2
5	1	1186.8	1	2
5	1	703.38	1	2
5	1	941.76	1	2
5	1	1157.5	1	2
5	1	888.62	1	2
5	1	503.35	1	2
5	1	570.01	1	2
5	1	1135.6	1	2
5	1	656.19	1	2
5	1	702.64	1	2
5	1	830.96	1	2
5	1	674.47	1	2
5	1	773.11	1	2
5	1	897.79	1	2
5	1	1042	1	2
5	1	1190.3	1	2
5	1	699.75	1	2
5	1	2692.7	1	2
5	1	1040.2	1	2
5	1	652.09	1	2
5	1	544.13	1	2
5	1	812.02	1	2
5	1	1122.1	1	2
5	1	834.73	1	2
5	1	613.75	1	2
5	1	738.87	1	2
5	1	718.66	1	2
5	1	893.76	1	2
5	1	680.34	1	2
5	1	960.01	1	2
5	1	1125.2	1	2
5	1	867.93	1	2
5	1	845.89	1	2
5	1	947.48	1	2
5	1	528.59	1	2
5	1	509.29	1	2
5	1	661.31	1	2
5	1	1138	1	2
5	1	2259.8	1	2
5	1	831.15	1	2
5	1	2128.9	1	2
5	1	635.24	1	2
5	1	1664.3	1	2
5	1	825.41	1	2
5	1	898.96	0	2
5	1	998.29	1	2
5	1	2114.7	1	2
5	1	1096.5	1	2
5	1	1432.4	1	2
5	1	716.1	1	2
5	1	844.76	1	2
5	1	611.35	1	2
5	1	811.39	1	2
5	1	1075.6	1	2
5	1	656.36	1	2
5	1	796.56	1	2
5	1	3824.3	1	2
5	1	3213	1	2
5	1	1699.2	1	2
5	1	1123.9	0	2
5	1	1227.6	1	2
5	1	808.91	1	2
5	1	663.31	1	2
5	1	547.31	1	2
5	1	996.94	1	2
5	1	1228.1	0	2
5	1	881.01	1	2
5	1	935.7	1	2
5	1	1104.4	1	2
5	1	1290.2	1	2
5	1	840.76	1	2
5	1	952.42	1	2
5	1	799.5	1	2
5	1	1175	0	2
5	1	707.19	1	2
5	1	899.68	0	2
5	1	1365.9	1	2
5	1	833.33	1	2
5	1	682.18	1	2
5	1	765.08	1	2
5	1	736.83	1	2
5	1	823.19	1	2
5	1	787.74	1	2
5	1	671.8	1	2
5	1	930.29	0	3
5	1	1079	0	3
5	1	1181.3	0	3
5	1	1136.8	1	3
5	1	1213.8	1	3
5	1	763.91	1	3
5	1	1082.9	0	3
5	1	1257.6	1	3
5	1	699.34	1	3
5	1	1407.5	1	3
5	1	971.82	1	3
5	1	1160.8	1	3
5	1	922.43	1	3
5	1	1130.5	0	3
5	1	1133.5	0	3
5	1	1290.8	1	3
5	1	984.62	0	3
5	1	744.37	0	3
5	1	1465.9	1	3
5	1	1553.9	1	3
5	1	1329	0	3
5	1	1336.3	0	3
5	1	1100.5	0	3
5	1	2018.5	1	3
5	1	1183.9	1	3
5	1	1018.4	0	3
5	1	1320.7	1	3
5	1	2171.8	0	3
5	1	1297.2	0	3
5	1	1250.7	0	3
5	1	760.41	1	3
5	1	890.75	1	3
5	1	839.17	1	3
5	1	872.1	1	3
5	1	962.15	0	3
5	1	1301.9	1	3
5	1	716.68	1	3
5	1	1464.2	1	3
5	1	1300.6	1	3
5	1	1003.1	1	3
5	1	1017.7	1	3
5	1	1672.5	1	3
5	1	2058.7	0	3
5	1	1942.4	0	3
5	1	1938	1	3
5	1	824.1	1	3
5	1	1171.4	1	3
5	1	1321.6	1	3
5	1	1200.2	1	3
5	1	1591.6	1	3
5	1	1378.4	1	3
5	1	1879	1	3
5	1	1430.7	1	3
5	1	1220.6	1	3
5	1	1295.6	1	3
5	1	1005.4	1	3
5	1	1471.2	1	3
5	1	1290	1	3
5	1	1657	1	3
5	1	1229.1	1	3
5	1	1126.7	1	3
5	1	907.89	1	3
5	1	898.65	1	3
5	1	1011.3	1	3
5	1	1474.4	1	3
5	1	1168	1	3
5	1	1635.7	1	3
5	1	1122.8	1	3
5	1	2373.9	1	3
5	1	1063	1	3
5	1	931.38	1	3
5	1	1173.7	1	3
5	1	897.05	1	3
5	1	1094.3	1	3
5	1	1156.9	1	3
5	1	1307	1	3
5	1	1889.2	1	3
5	1	894.26	1	3
5	1	938.2	1	3
5	1	953.92	1	3
5	1	2185.8	1	3
5	1	1316.1	1	3
5	1	955.9	1	3
5	1	635.03	1	3
5	1	1818.6	1	3
5	1	1055.7	1	3
5	1	1242.3	1	3
5	1	2693.9	1	3
5	1	1535.5	1	3
5	1	918.57	1	3
5	1	991.16	1	3
5	1	1524.1	1	3
5	1	1142.6	1	3
5	1	1582.9	1	3
5	1	1433.2	1	3
5	1	1171.4	1	3
5	1	3337.7	1	3
5	1	1330.9	1	3
5	1	1198.1	1	3
5	1	1077.7	1	3
5	1	954.65	1	3
5	1	630.08	1	3
5	1	1022.3	1	3
5	1	1235.5	1	3
5	1	1399.7	1	3
5	1	588.29	1	3
5	1	823.56	1	3
5	1	1040.5	1	3
5	1	1008	1	3
5	1	725.27	0	3
5	1	1090.1	1	3
5	1	741.19	1	3
5	1	644.34	1	3
5	1	1088.6	1	3
5	1	1752.2	1	3
5	1	817.37	1	3
5	1	1411.1	1	3
5	1	935.51	1	3
5	1	1332.9	1	3
5	1	1043.1	1	3
5	1	1102.6	1	3
5	1	1169.2	1	3
5	1	694.6	1	3
5	1	1416.5	1	3
5	1	602.17	1	3
5	1	1409.2	1	3
5	1	745.96	1	3
5	1	1179.9	1	3
5	1	819.62	1	3
5	1	1143.1	1	3
5	1	859.59	1	3
5	1	1136.2	1	3
5	1	607.21	1	3
5	1	1109.8	1	3
5	1	910.04	1	3
5	1	1279.8	1	3
5	1	732.1	1	3
5	1	817.18	1	3
5	1	1066.8	1	3
5	1	958.21	1	3
5	1	1159.2	1	3
5	1	1626.6	1	3
5	1	1167.2	1	3
5	1	1025.8	1	3
5	1	581.08	1	3
5	1	609.09	1	3
5	1	857.15	1	3
5	1	876.59	1	3
5	1	685.86	1	3
5	1	952.45	1	3
5	1	678.64	1	3
5	1	621.14	1	3
5	1	766	1	3
5	1	644.16	1	3
5	1	663.13	1	3
5	1	1435.7	1	3
5	1	1313.3	1	3
5	1	1694.9	1	3
5	1	916.53	1	3
5	1	1389.3	1	3
5	1	1428.9	1	3
5	1	752.29	1	3
5	1	719.3	1	3
5	1	1205.5	1	3
5	1	816.78	1	3
5	1	576.34	1	3
5	1	1084.2	1	3
5	1	1054.4	1	3
5	1	785.46	1	3
5	1	680.89	1	3
5	1	633.81	1	3
5	1	639.22	1	3
5	1	1001.7	1	3
5	1	751.48	1	3
5	1	650.42	1	3
5	1	947.86	1	3
5	1	1074.5	1	3
5	1	1293.4	1	3
5	1	982.38	1	3
5	1	1687.1	1	3
5	1	802.42	1	3
5	1	1083.3	1	3
5	1	873.48	1	3
5	1	692.72	1	3
5	1	690.97	1	3
5	1	600.72	1	3
5	1	790.13	1	3
5	1	1003.8	1	3
5	1	615.57	1	3
5	1	782.91	1	3
5	1	795.64	1	3
5	1	603.88	1	3
5	1	1264.7	1	3
5	1	734.52	0	3
5	1	1181.6	1	3
5	1	1105.4	1	3
5	1	1332.7	1	3
5	1	943.94	1	3
5	1	924.99	1	3
5	1	879.77	1	3
5	1	987.5	1	3
5	1	1412.4	1	3
5	1	1178.2	1	3
5	1	872.82	1	3
5	1	1174.8	1	3
5	1	891.24	1	3
5	1	940.95	1	3
5	1	1050.9	1	3
5	1	1088.7	1	3
5	1	1088.1	1	3
5	1	672.21	1	3
5	1	558.35	1	3
5	1	559.73	1	3
5	1	1030.8	1	3
5	1	815.04	1	3
5	1	1000.5	1	3
5	1	757.67	0	3
5	1	911.29	1	3
5	1	814.1	1	3
5	1	1122.7	1	3
5	1	1310.8	0	3
5	1	2067.5	1	3
5	1	770.64	1	3
5	1	606.69	1	3
5	1	832.72	1	3
5	1	1006.5	1	3
5	1	998.78	1	3
5	1	580.47	1	3
5	1	576.55	1	3
5	1	708.52	1	3
5	1	591.91	1	3
5	1	1097.8	0	3
5	1	945.25	1	3
5	1	1372	1	3
5	1	982.91	1	3
5	1	769.71	1	3
5	1	720.84	1	3
5	1	847.1	1	3
5	1	833.87	1	3
5	1	910.8	1	3
5	1	911.04	1	3
5	1	744.96	1	3
5	1	832.65	1	3
5	1	1371.5	1	3
5	1	820.17	1	3
5	1	579.46	1	3
5	1	636.2	1	3
5	1	1168.1	1	3
5	1	1612.7	1	3
5	1	1540.7	1	3
5	1	669.77	1	3
5	1	1538.5	1	3
5	1	753.8	1	3
5	1	1880.8	1	3
5	1	770.49	1	3
5	1	494.63	1	3
5	1	1195.5	1	3
5	1	1047.5	1	3
5	1	1048.5	1	3
5	1	1165.7	1	3
5	1	1123.2	1	3
5	1	1375.5	0	3
5	1	941.07	1	3
5	1	859.19	1	3
5	1	615.85	1	3
5	1	598.52	1	3
5	1	1982.8	1	3
5	1	744.8	1	3
5	1	652.92	1	3
5	1	830.59	1	3
5	1	719.69	1	3
5	1	638.17	1	3
5	1	927.87	1	3
5	1	672.07	1	3
5	1	845.5	1	3
5	1	2648.4	1	3
5	1	805.35	1	3
5	1	692.96	1	3
5	1	885.02	1	3
5	1	1587.9	1	3
5	1	961.6	1	3
5	1	1090.7	1	3
5	1	1322.8	1	3
5	1	884.48	1	3
5	1	674.34	1	3
5	1	1057.7	1	3
5	1	828.59	1	3
5	1	589.95	1	3
5	1	675.67	1	3
5	1	1369.9	1	3
5	1	1022	0	3
5	1	1094.2	1	3
5	1	1220.3	1	3
5	1	2472.5	1	3
5	1	617.75	1	3
5	1	1086.8	1	3
5	1	660.14	1	3
5	1	1303.5	1	3
5	1	1122.9	1	3
5	1	994	1	3
5	1	570.16	1	3
5	1	673.56	1	3
5	1	1083.9	1	3
5	1	1131.6	1	3
5	1	854.61	1	3
5	1	1039.5	1	3
5	1	975.35	1	3
5	1	791.14	1	3
5	1	726.9	1	3
5	1	786.55	1	3
5	1	2379.3	1	3
5	1	3821.3	1	3
5	1	1912.5	1	3
5	1	1090.6	1	3
5	1	756.83	1	3
5	1	582.27	1	3
5	1	947.81	1	3
5	1	742.76	1	3
5	1	604.46	1	3
5	1	863.81	1	3
5	1	847.89	1	3
5	1	647.87	1	3
5	1	3638.5	1	3
5	1	1660.6	1	3
5	1	2511.8	1	3
5	1	1313.9	1	3
5	1	546.64	1	3
5	1	977.97	1	3
5	1	999.6	1	3
5	1	1115	1	3
5	1	1097.1	1	3
5	1	961.54	1	3
5	1	662.3	1	3
5	1	549.42	1	3
5	1	739.62	1	3
5	1	912.41	1	3
5	1	739.6	1	3
5	1	859.95	1	3
5	1	614.21	1	3
5	1	1355.6	1	3
5	1	699.16	1	3
5	1	760.11	1	3
5	1	770.28	1	3
5	1	738.16	1	3
5	1	823.6	1	3
5	1	1191.5	1	3
5	1	585.27	1	3
5	1	642.98	1	3
5	1	3095	0	3
5	1	1058.3	1	3
5	1	924.42	0	4
5	1	1291.2	0	4
5	1	1004.7	0	4
5	1	1573.3	0	4
5	1	987.83	0	4
5	1	1053.8	1	4
5	1	1117	1	4
5	1	1278.5	0	4
5	1	1298.5	1	4
5	1	786.3	0	4
5	1	1374.7	1	4
5	1	1171.6	0	4
5	1	868.19	0	4
5	1	1513.6	1	4
5	1	1411.8	0	4
5	1	1092.8	1	4
5	1	1354.6	0	4
5	1	1405.2	0	4
5	1	1380.2	0	4
5	1	820.1	0	4
5	1	1287.5	0	4
5	1	2055.8	0	4
5	1	1725.1	1	4
5	1	1913.4	0	4
5	1	1783.5	0	4
5	1	1762.4	1	4
5	1	1627.7	1	4
5	1	3044.7	1	4
5	1	1540.9	0	4
5	1	1500.9	0	4
5	1	1849.2	0	4
5	1	1341.6	1	4
5	1	1597.6	1	4
5	1	832.08	1	4
5	1	1132.9	1	4
5	1	1469.5	1	4
5	1	1815.2	1	4
5	1	2214.5	1	4
5	1	1065.7	0	4
5	1	1324	1	4
5	1	1272.7	1	4
5	1	1413.6	0	4
5	1	2038.9	1	4
5	1	1156	1	4
5	1	2476.6	1	4
5	1	1516.8	1	4
5	1	1493.5	1	4
5	1	1134.9	1	4
5	1	840.96	1	4
5	1	1114.9	1	4
5	1	1780.1	1	4
5	1	1066.3	1	4
5	1	914.75	1	4
5	1	1339.7	1	4
5	1	1065.4	1	4
5	1	1645.5	1	4
5	1	1456.8	1	4
5	1	1189.5	1	4
5	1	1428.6	1	4
5	1	1729.3	1	4
5	1	1173.8	1	4
5	1	1552.9	1	4
5	1	1026.6	1	4
5	1	976.92	1	4
5	1	1012.2	1	4
5	1	1262.5	1	4
5	1	1665.5	1	4
5	1	1831.3	1	4
5	1	1182	1	4
5	1	2111.5	1	4
5	1	1310	1	4
5	1	1183.4	1	4
5	1	1627.5	1	4
5	1	1137.3	1	4
5	1	861.88	1	4
5	1	1880	1	4
5	1	1402.2	1	4
5	1	1465.1	1	4
5	1	1419.4	1	4
5	1	2258.6	1	4
5	1	937.43	1	4
5	1	1447.7	1	4
5	1	994.69	1	4
5	1	754.88	1	4
5	1	1245.9	1	4
5	1	1779.6	1	4
5	1	1667.2	1	4
5	1	3218.3	1	4
5	1	2724	1	4
5	1	2077.8	1	4
5	1	1132.9	1	4
5	1	706.56	1	4
5	1	1109.4	1	4
5	1	1123	1	4
5	1	1438.8	1	4
5	1	1073.9	1	4
5	1	1003	1	4
5	1	1543.3	1	4
5	1	1390.6	1	4
5	1	1498	1	4
5	1	797.74	0	4
5	1	1261.5	1	4
5	1	1026.8	1	4
5	1	910.28	1	4
5	1	993.34	1	4
5	1	739.02	1	4
5	1	746.65	1	4
5	1	729.05	1	4
5	1	894.94	0	4
5	1	1447	1	4
5	1	791.08	1	4
5	1	837.45	1	4
5	1	1907.3	1	4
5	1	1109.1	1	4
5	1	1387.3	1	4
5	1	1488.2	1	4
5	1	1435.8	1	4
5	1	1100.8	1	4
5	1	821.71	1	4
5	1	692.14	1	4
5	1	1294.1	1	4
5	1	2904.6	0	4
5	1	1038.8	1	4
5	1	751.61	1	4
5	1	1378.4	1	4
5	1	1474.3	1	4
5	1	1291.5	1	4
5	1	798.98	1	4
5	1	1194.7	1	4
5	1	898.32	1	4
5	1	727.92	1	4
5	1	755.07	1	4
5	1	801.47	1	4
5	1	1143.4	1	4
5	1	709.23	1	4
5	1	1253.9	1	4
5	1	1657.2	1	4
5	1	743.65	1	4
5	1	613.17	1	4
5	1	1081.6	0	4
5	1	1184.3	1	4
5	1	1537.4	1	4
5	1	2234.8	0	4
5	1	1023.8	1	4
5	1	937.46	1	4
5	1	1591.5	1	4
5	1	1232.2	1	4
5	1	1321.2	1	4
5	1	1263	1	4
5	1	1375.3	1	4
5	1	1485.7	1	4
5	1	681.54	1	4
5	1	1431.9	1	4
5	1	935.02	1	4
5	1	750.36	1	4
5	1	1031.4	1	4
5	1	934.93	1	4
5	1	2126.9	1	4
5	1	2213.4	1	4
5	1	1571.3	1	4
5	1	1319	0	4
5	1	740.93	1	4
5	1	1636	1	4
5	1	1044.5	1	4
5	1	658.62	1	4
5	1	2138.4	1	4
5	1	734.68	1	4
5	1	746.82	1	4
5	1	1038.4	1	4
5	1	857.17	1	4
5	1	1096.4	1	4
5	1	1515.4	1	4
5	1	888.18	1	4
5	1	839.84	1	4
5	1	654.29	1	4
5	1	1104.7	1	4
5	1	648.23	1	4
5	1	1313.2	0	4
5	1	938.11	1	4
5	1	917.2	1	4
5	1	1103.5	1	4
5	1	795.81	1	4
5	1	769.58	1	4
5	1	1371.4	1	4
5	1	936.51	1	4
5	1	603.33	1	4
5	1	826.75	1	4
5	1	764.02	1	4
5	1	793.74	1	4
5	1	1783.5	1	4
5	1	792.76	1	4
5	1	1132.7	1	4
5	1	1088.4	1	4
5	1	2064.7	1	4
5	1	1141.6	1	4
5	1	1370.4	1	4
5	1	1118.4	0	4
5	1	2306.7	1	4
5	1	1692.4	1	4
5	1	938.75	1	4
5	1	1005	1	4
5	1	1385.3	1	4
5	1	928.04	1	4
5	1	786.85	1	4
5	1	1797.8	1	4
5	1	563.72	1	4
5	1	791.42	1	4
5	1	1285.2	1	4
5	1	1539.1	1	4
5	1	1051.9	1	4
5	1	919.63	1	4
5	1	3799.8	1	4
5	1	1421.5	1	4
5	1	1021.5	0	4
5	1	1043.4	1	4
5	1	1486.2	1	4
5	1	1972.1	1	4
5	1	1378.8	1	4
5	1	1203.2	1	4
5	1	3213.4	1	4
5	1	1362.4	0	4
5	1	1028.6	1	4
5	1	1391.7	1	4
5	1	2416.3	1	4
5	1	607.27	1	4
5	1	665.34	1	4
5	1	951.86	1	4
5	1	918.57	1	4
5	1	1236.6	1	4
5	1	1171	1	4
5	1	1624.2	1	4
5	1	2052.2	1	4
5	1	1275.5	1	4
5	1	1154.2	1	4
5	1	972.39	0	4
5	1	1776.6	1	4
5	1	1333.3	1	4
5	1	1357.5	0	4
5	1	628.53	1	4
5	1	1880.3	0	4
5	1	730.43	0	4
5	1	1031.4	1	4
5	1	1167.6	1	4
5	1	688.98	1	4
5	1	718.74	1	4
5	1	926.35	1	4
5	1	809.05	0	4
5	1	1521.5	1	4
5	1	1186.4	1	4
5	1	834.34	1	4
5	1	878.74	0	4
5	1	730.74	1	4
5	1	1121.4	1	4
5	1	712.39	0	4
5	1	1240	1	4
5	1	1109.9	1	4
5	1	1024.2	1	4
5	1	1084.9	1	4
5	1	1862.8	1	4
5	1	1074.9	1	4
5	1	1401.7	1	4
5	1	992.83	1	4
5	1	835.07	1	4
5	1	1050.4	1	4
5	1	1122	1	4
5	1	1746.9	1	4
5	1	805.04	1	4
5	1	2183.9	1	4
5	1	784.06	1	4
5	1	1165.2	1	4
5	1	898.92	1	4
5	1	1025.3	1	4
5	1	830.73	1	4
5	1	619.61	1	4
5	1	818.97	1	4
5	1	1339.1	1	4
5	1	2143.7	1	4
5	1	974.11	1	4
5	1	815.88	1	4
5	1	738.89	1	4
5	1	887.08	1	4
5	1	1351.8	0	4
5	1	1231.8	1	4
5	1	1011.9	1	4
5	1	811.87	1	4
5	1	1358.5	1	4
5	1	1809.4	1	4
5	1	814.25	1	4
5	1	1106.5	1	4
5	1	1638.1	1	4
5	1	1435.7	1	4
5	1	1154.7	1	4
5	1	3535.8	1	4
5	1	1164.8	1	4
5	1	871.28	0	4
5	1	1179.6	1	4
5	1	1583.8	1	4
5	1	1450	1	4
5	1	1161.9	1	4
5	1	3943.3	0	4
5	1	882.77	1	4
5	1	608.53	1	4
5	1	2941.8	1	4
5	1	1326.3	1	4
5	1	1055.5	1	4
5	1	1173.8	1	4
5	1	944.09	1	4
5	1	2317.7	1	4
5	1	2196.9	1	4
5	1	1017.1	0	4
5	1	1355.3	1	4
5	1	2656.3	0	4
5	1	835.54	0	4
5	1	1469.3	0	4
5	1	563.87	1	4
5	1	1286.6	1	4
5	1	640.16	1	4
5	1	1158.6	1	4
5	1	785.29	1	4
5	1	828.27	1	4
5	1	1705.4	1	4
5	1	537.93	1	4
5	1	1358.7	0	4
5	1	3540.9	1	4
5	1	3198.9	1	4
5	1	1033.7	1	4
5	1	982.63	1	4
5	1	1835.8	1	4
5	1	1369.7	1	4
5	1	819.64	1	4
5	1	757.64	1	4
5	1	636.82	1	4
5	1	790.14	0	4
5	1	987.05	1	4
5	1	716.39	1	4
5	1	2989.4	1	4
5	1	1190.9	1	4
5	1	729.33	1	4
5	1	765.06	1	4
5	1	2000.9	1	4
5	1	885.04	1	4
5	1	682.62	1	4
5	1	1077.4	1	4
5	1	709.44	1	4
5	1	1078.4	1	4
5	1	1089.3	1	4
5	1	707.89	0	4
5	1	946.73	1	4
5	1	782.27	1	4
5	1	953.81	1	4
5	1	584.65	0	5
5	1	1058.1	0	5
5	1	956.32	1	5
5	1	847.19	0	5
5	1	961.58	1	5
5	1	875.26	0	5
5	1	1301.3	0	5
5	1	1113.5	1	5
5	1	1461.8	1	5
5	1	879.13	1	5
5	1	955.41	0	5
5	1	746.41	1	5
5	1	1089.6	1	5
5	1	1649.4	1	5
5	1	1357.6	0	5
5	1	1362.7	0	5
5	1	1057.3	0	5
5	1	1005.2	1	5
5	1	783.96	0	5
5	1	909.24	0	5
5	1	1830	0	5
5	1	2157.3	1	5
5	1	1475	0	5
5	1	1582.4	1	5
5	1	1711.6	0	5
5	1	1529.7	0	5
5	1	1374.8	0	5
5	1	2068.9	0	5
5	1	1734.3	0	5
5	1	1782	1	5
5	1	1347.5	1	5
5	1	1533	1	5
5	1	1073.1	1	5
5	1	1571.3	1	5
5	1	808.33	1	5
5	1	1212.6	1	5
5	1	1627	1	5
5	1	1210.8	1	5
5	1	999.84	1	5
5	1	725.71	1	5
5	1	803.8	1	5
5	1	1229.6	1	5
5	1	882.48	1	5
5	1	997.49	1	5
5	1	641.52	1	5
5	1	898.1	0	5
5	1	947.61	1	5
5	1	688.44	1	5
5	1	1055.9	1	5
5	1	886.16	1	5
5	1	1144.9	1	5
5	1	807.79	1	5
5	1	911.48	1	5
5	1	915.81	1	5
5	1	1178.4	1	5
5	1	771.12	1	5
5	1	1551.7	1	5
5	1	937.77	1	5
5	1	1616.2	1	5
5	1	910.19	1	5
5	1	1138.8	1	5
5	1	824.02	1	5
5	1	758.54	1	5
5	1	2159.8	1	5
5	1	1155.1	0	5
5	1	1818	1	5
5	1	804.36	1	5
5	1	2006.5	0	5
5	1	1247.2	1	5
5	1	763.8	1	5
5	1	1185.5	1	5
5	1	1174.2	1	5
5	1	890.2	1	5
5	1	1023	1	5
5	1	1242.6	1	5
5	1	923.25	1	5
5	1	1115.6	1	5
5	1	971.45	1	5
5	1	997.86	1	5
5	1	841.3	1	5
5	1	2522.2	1	5
5	1	748.43	1	5
5	1	1174.6	1	5
5	1	888.02	1	5
5	1	847.84	1	5
5	1	987.96	1	5
5	1	1048.9	1	5
5	1	1343.1	1	5
5	1	2942.1	0	5
5	1	712.03	1	5
5	1	943.76	1	5
5	1	818.93	1	5
5	1	1102.2	1	5
5	1	799.58	1	5
5	1	1395.4	0	5
5	1	1453.7	1	5
5	1	827.59	1	5
5	1	951.78	1	5
5	1	807.33	1	5
5	1	826.17	1	5
5	1	1066.1	1	5
5	1	681.87	0	5
5	1	919.52	1	5
5	1	803.25	1	5
5	1	805.9	1	5
5	1	1163.7	1	5
5	1	922.95	1	5
5	1	994.37	1	5
5	1	766.62	1	5
5	1	991.82	1	5
5	1	1023.6	1	5
5	1	791.49	1	5
5	1	764.13	1	5
5	1	827.66	1	5
5	1	793.99	1	5
5	1	698.84	1	5
5	1	850.11	0	5
5	1	1922.4	1	5
5	1	798.32	1	5
5	1	1930	0	5
5	1	1035.7	1	5
5	1	1185.3	1	5
5	1	840.77	1	5
5	1	834.34	1	5
5	1	961.11	1	5
5	1	811.72	1	5
5	1	634.56	1	5
5	1	765.1	0	5
5	1	888.33	1	5
5	1	1052.4	1	5
5	1	875.71	1	5
5	1	932.86	1	5
5	1	795.02	1	5
5	1	1058.7	0	5
5	1	1032.3	0	5
5	1	1191.1	1	5
5	1	1011.7	1	5
5	1	857.62	0	5
5	1	1355	0	5
5	1	821.33	1	5
5	1	1289.7	1	5
5	1	897.13	1	5
5	1	945.64	1	5
5	1	902.07	1	5
5	1	1916.9	0	5
5	1	2235.2	0	5
5	1	1740.7	1	5
5	1	2521.2	1	5
5	1	750.82	1	5
5	1	945.04	0	5
5	1	880.89	1	5
5	1	1945.1	0	5
5	1	1398.2	0	5
5	1	826.93	1	5
5	1	945.88	1	5
5	1	1460.1	1	5
5	1	643.59	1	5
5	1	1276.7	1	5
5	1	754.12	1	5
5	1	907.7	1	5
5	1	844.14	0	5
5	1	718.25	1	5
5	1	1251	1	5
5	1	902.74	1	5
5	1	1173.2	1	5
5	1	747.85	1	5
5	1	674.37	1	5
5	1	774.51	1	5
5	1	813.99	1	5
5	1	709.72	1	5
5	1	1011.3	0	5
5	1	824.7	0	5
5	1	690.4	1	5
5	1	740.37	1	5
5	1	867.91	1	5
5	1	888.85	1	5
5	1	716.84	1	5
5	1	1305.8	1	5
5	1	881.82	1	5
5	1	896.12	1	5
5	1	967.22	1	5
5	1	935.17	1	5
5	1	751.47	1	5
5	1	1122.8	1	5
5	1	701.04	1	5
5	1	1461	1	5
5	1	851.73	1	5
5	1	596.82	0	5
5	1	743.45	1	5
5	1	703.27	1	5
5	1	600.13	1	5
5	1	907.42	1	5
5	1	650.17	1	5
5	1	725.26	1	5
5	1	652.46	1	5
5	1	1503.7	0	5
5	1	805.41	1	5
5	1	1163.5	1	5
5	1	1919.7	1	5
5	1	646.45	1	5
5	1	835.41	1	5
5	1	774.88	1	5
5	1	692.13	1	5
5	1	744.32	1	5
5	1	725.18	1	5
5	1	893.99	1	5
5	1	1230.5	0	5
5	1	927.28	1	5
5	1	958.16	1	5
5	1	833.58	1	5
5	1	966.83	1	5
5	1	903.37	1	5
5	1	814.52	1	5
5	1	681.69	1	5
5	1	771.44	1	5
5	1	762.42	0	5
5	1	1009.5	1	5
5	1	814.97	1	5
5	1	1472.2	0	5
5	1	1101.2	1	5
5	1	1079.8	1	5
5	1	1066.8	1	5
5	1	830.55	1	5
5	1	1410	1	5
5	1	723.67	1	5
5	1	631.44	0	5
5	1	1210.3	1	5
5	1	699.81	1	5
5	1	1946.7	0	5
5	1	954.95	1	5
5	1	2185.5	1	5
5	1	899.78	1	5
5	1	1110.1	1	5
5	1	846.82	1	5
5	1	911	1	5
5	1	847.55	1	5
5	1	712.14	1	5
5	1	805.51	1	5
5	1	871.72	1	5
5	1	752.48	1	5
5	1	1206.3	1	5
5	1	859.45	1	5
5	1	660.57	1	5
5	1	679.3	1	5
5	1	699.7	1	5
5	1	2959.4	1	5
5	1	1781.2	1	5
5	1	1522.9	1	5
5	1	916.03	1	5
5	1	1707.7	1	5
5	1	1150.9	1	5
5	1	1821.5	0	5
5	1	688.97	1	5
5	1	726.8	1	5
5	1	830.36	1	5
5	1	1568.8	1	5
5	1	731.45	1	5
5	1	1027.8	1	5
5	1	809.66	1	5
5	1	1119.4	1	5
5	1	654.32	1	5
5	1	846.58	1	5
5	1	1028.6	1	5
5	1	747.48	1	5
5	1	1072.4	1	5
5	1	666.97	1	5
5	1	632.05	1	5
5	1	1158.2	1	5
5	1	794.43	1	5
5	1	988.33	1	5
5	1	771.08	1	5
5	1	736.14	1	5
5	1	666.27	1	5
5	1	632.98	1	5
5	1	1954.1	1	5
5	1	763.22	1	5
5	1	670.81	1	5
5	1	1224.5	1	5
5	1	1873.1	1	5
5	1	967.71	1	5
5	1	707.68	1	5
5	1	961.81	1	5
5	1	1188.5	1	5
5	1	1187.4	1	5
5	1	1528	1	5
5	1	693.32	1	5
5	1	931.72	1	5
5	1	1155.6	0	5
5	1	1572.9	1	5
5	1	965.29	1	5
5	1	1515.9	1	5
5	1	2199.1	1	5
5	1	949.63	1	5
5	1	1188.8	1	5
5	1	859.21	1	5
5	1	769.77	1	5
5	1	580.47	1	5
5	1	1223.2	0	5
5	1	753.61	1	5
5	1	676.36	1	5
5	1	774.27	1	5
5	1	842.71	1	5
5	1	860.01	1	5
5	1	624.82	1	5
5	1	757.54	1	5
5	1	842.05	1	5
5	1	695.2	1	5
5	1	739.58	1	5
5	1	942.22	1	5
5	1	919.56	1	5
5	1	851.73	1	5
5	1	1172	1	5
5	1	701.8	1	5
5	1	1177.5	1	5
5	1	850	1	5
5	1	703.65	0	5
5	1	1575.5	1	5
5	1	833.58	1	5
5	1	764.92	1	5
5	1	778.92	1	5
5	1	779.41	1	5
5	1	895.36	1	5
5	1	746.45	1	5
5	1	2357.6	1	5
5	1	615.68	1	5
5	1	654.32	1	5
5	1	647.83	1	5
5	1	719.43	1	5
5	1	606.06	1	5
5	1	608.73	1	5
5	1	702.5	1	5
5	1	659.37	1	5
5	1	720.97	1	5
5	1	616.34	1	5
5	1	728.97	1	5
5	1	690.48	1	5
5	1	688.56	0	5
5	1	1412.4	1	5
5	1	922.5	1	5
5	1	867.84	1	5
5	1	756.17	1	5
5	1	1152	1	5
5	1	641.34	1	5
5	1	719.63	1	5
5	1	641.94	1	5
5	1	746.51	1	5
5	1	767.94	1	5
5	1	995.6	1	5
5	1	727.21	1	5
5	1	2268.2	1	6
5	1	762.22	1	6
5	1	1345.7	0	6
5	1	1101	0	6
5	1	1084.7	1	6
5	1	1219.1	1	6
5	1	985.65	1	6
5	1	757.21	1	6
5	1	1568	0	6
5	1	863.53	1	6
5	1	1084.2	1	6
5	1	771.85	1	6
5	1	1026	1	6
5	1	1191.2	1	6
5	1	1244.5	1	6
5	1	1202.3	1	6
5	1	1101.3	1	6
5	1	875.43	1	6
5	1	810.1	1	6
5	1	750.44	1	6
5	1	867.49	1	6
5	1	743.62	1	6
5	1	853.13	1	6
5	1	1543.4	1	6
5	1	864.16	1	6
5	1	1095.4	1	6
5	1	862.44	1	6
5	1	889.26	1	6
5	1	1507	0	6
5	1	1908.8	1	6
5	1	1002.4	1	6
5	1	1322.3	1	6
5	1	1975.5	0	6
5	1	1444.6	1	6
5	1	808.68	1	6
5	1	836.43	1	6
5	1	1139.7	1	6
5	1	1475.7	1	6
5	1	1251.1	1	6
5	1	957.69	0	6
5	1	926.35	1	6
5	1	725.48	1	6
5	1	871.39	1	6
5	1	1778.9	1	6
5	1	884.54	1	6
5	1	663.94	1	6
5	1	619.04	1	6
5	1	826.83	1	6
5	1	1008.4	1	6
5	1	983.22	1	6
5	1	772.3	1	6
5	1	1413.5	1	6
5	1	870.94	1	6
5	1	1658.6	0	6
5	1	1004.7	1	6
5	1	814.8	1	6
5	1	952	1	6
5	1	1566.2	1	6
5	1	1142.7	1	6
5	1	1317.7	1	6
5	1	1737.9	1	6
5	1	2391.4	0	6
5	1	1090	1	6
5	1	1044.1	1	6
5	1	911.31	1	6
5	1	1257.1	1	6
5	1	1225.3	1	6
5	1	1018.8	1	6
5	1	904.4	1	6
5	1	2014.2	0	6
5	1	1128.3	1	6
5	1	2166.3	1	6
5	1	859.27	1	6
5	1	1053.8	1	6
5	1	1676.1	1	6
5	1	1000.1	1	6
5	1	1588.3	1	6
5	1	1362.2	0	6
5	1	1105.7	1	6
5	1	1452.1	1	6
5	1	2246	1	6
5	1	879.64	1	6
5	1	842.96	1	6
5	1	2000.2	0	6
5	1	944.51	0	6
5	1	1512.9	1	6
5	1	1271.4	1	6
5	1	2425.5	1	6
5	1	1119	1	6
5	1	1316.6	1	6
5	1	1113.9	1	6
5	1	897.3	1	6
5	1	895.03	1	6
5	1	781.36	1	6
5	1	1288.6	1	6
5	1	1480.6	1	6
5	1	997.27	1	6
5	1	682.42	1	6
5	1	895.68	1	6
5	1	1146.6	1	6
5	1	853.15	1	6
5	1	1444.3	1	6
5	1	2488.8	1	6
5	1	1397	1	6
5	1	713.6	1	6
5	1	933.63	1	6
5	1	1347.2	1	6
5	1	1664.7	1	6
5	1	967.21	1	6
5	1	824.86	1	6
5	1	813.99	0	6
5	1	761.59	1	6
5	1	1068.1	1	6
5	1	941.11	1	6
5	1	701.86	1	6
5	1	836.29	1	6
5	1	983.63	1	6
5	1	1764	1	6
5	1	928.75	1	6
5	1	910.67	1	6
5	1	1005.5	1	6
5	1	2190.6	1	6
5	1	1144.9	1	6
5	1	766.35	1	6
5	1	818.07	1	6
5	1	968.7	1	6
5	1	1298.3	1	6
5	1	851.33	1	6
5	1	907.39	1	6
5	1	904.23	1	6
5	1	863.56	1	6
5	1	779.7	1	6
5	1	646.07	1	6
5	1	932.46	1	6
5	1	816.69	1	6
5	1	940.12	1	6
5	1	1496.4	0	6
5	1	1382.7	1	6
5	1	1042.1	1	6
5	1	1282.9	1	6
5	1	1120.1	1	6
5	1	1592	1	6
5	1	1921.2	1	6
5	1	819.2	1	6
5	1	2309.9	1	6
5	1	755.56	1	6
5	1	915.01	1	6
5	1	811.85	1	6
5	1	2391.6	1	6
5	1	1125.5	1	6
5	1	898.29	1	6
5	1	2303.8	0	6
5	1	829.73	1	6
5	1	794.1	0	6
5	1	833.62	1	6
5	1	821.34	1	6
5	1	1127.6	1	6
5	1	854.32	1	6
5	1	1155.6	1	6
5	1	804.43	1	6
5	1	969.09	1	6
5	1	1197.7	1	6
5	1	1171.9	1	6
5	1	955.93	0	6
5	1	779.36	1	6
5	1	848.19	1	6
5	1	818.11	1	6
5	1	701.19	1	6
5	1	706.68	1	6
5	1	720.3	1	6
5	1	918.23	1	6
5	1	868.62	1	6
5	1	899.06	1	6
5	1	1347.7	1	6
5	1	750.97	1	6
5	1	782.48	1	6
5	1	756.07	1	6
5	1	1128.4	1	6
5	1	690.99	1	6
5	1	724.23	1	6
5	1	804.7	1	6
5	1	757.99	1	6
5	1	1096	1	6
5	1	758.26	0	6
5	1	828.21	1	6
5	1	859.86	1	6
5	1	1595.9	1	6
5	1	925.21	1	6
5	1	2085.1	1	6
5	1	816.25	1	6
5	1	783.97	1	6
5	1	704.44	1	6
5	1	706.02	1	6
5	1	765.59	1	6
5	1	789.77	1	6
5	1	744.63	1	6
5	1	874.19	1	6
5	1	749.92	1	6
5	1	1148.8	0	6
5	1	678.87	1	6
5	1	632.2	1	6
5	1	625.2	1	6
5	1	1116.7	1	6
5	1	658.33	1	6
5	1	648.47	1	6
5	1	751.27	1	6
5	1	650.19	1	6
5	1	2331.7	1	6
5	1	621.39	1	6
5	1	899.74	1	6
5	1	712.54	1	6
5	1	836.13	1	6
5	1	1443.3	1	6
5	1	696.5	1	6
5	1	3076.4	0	6
5	1	881.26	1	6
5	1	619	1	6
5	1	819.5	1	6
5	1	926.23	1	6
5	1	836.02	1	6
5	1	757.57	1	6
5	1	1289.4	1	6
5	1	742.03	1	6
5	1	964.66	1	6
5	1	1506.5	1	6
5	1	1223.3	1	6
5	1	969.44	1	6
5	1	2857.5	1	6
5	1	1017.1	1	6
5	1	817.95	1	6
5	1	794.33	0	6
5	1	975.92	1	6
5	1	1434.5	1	6
5	1	855.14	0	6
5	1	848.29	1	6
5	1	1223.1	1	6
5	1	2011.7	1	6
5	1	884.96	1	6
5	1	697.75	1	6
5	1	1662.4	1	6
5	1	657.62	1	6
5	1	950.54	1	6
5	1	681.13	1	6
5	1	838.64	1	6
5	1	710.69	1	6
5	1	775.38	1	6
5	1	879.81	1	6
5	1	943.16	1	6
5	1	2282.5	1	6
5	1	642.98	1	6
5	1	730.04	1	6
5	1	725.05	1	6
5	1	1336.9	1	6
5	1	847.57	1	6
5	1	876.34	1	6
5	1	795.88	1	6
5	1	998.31	1	6
5	1	1018.3	1	6
5	1	558.88	1	6
5	1	696.15	1	6
5	1	643.49	1	6
5	1	933.28	1	6
5	1	630.82	1	6
5	1	822.42	1	6
5	1	1051.3	1	6
5	1	1757	1	6
5	1	2144.7	1	6
5	1	814.68	1	6
5	1	2153.8	1	6
5	1	1108.2	1	6
5	1	699.43	1	6
5	1	659.36	1	6
5	1	987.29	1	6
5	1	808.14	1	6
5	1	856.27	1	6
5	1	1897.1	1	6
5	1	1065.2	0	6
5	1	930.18	1	6
5	1	940.43	1	6
5	1	875.74	1	6
5	1	889.98	1	6
5	1	1260.9	1	6
5	1	794.98	1	6
5	1	924.77	1	6
5	1	962.3	1	6
5	1	803.87	1	6
5	1	866.11	1	6
5	1	817.43	1	6
5	1	643.77	1	6
5	1	729.81	1	6
5	1	1644.8	1	6
5	1	2243.3	0	6
5	1	629.6	1	6
5	1	2028.5	1	6
5	1	1008.4	1	6
5	1	702.29	1	6
5	1	788.41	1	6
5	1	955.49	1	6
5	1	763.73	1	6
5	1	951.24	1	6
5	1	933.44	1	6
5	1	1089.7	1	6
5	1	657.93	1	6
5	1	724.87	1	6
5	1	876.81	1	6
5	1	916.93	0	6
5	1	719.22	1	6
5	1	637.6	1	6
5	1	619.84	1	6
5	1	672.88	1	6
5	1	834.16	1	6
5	1	578.02	1	6
5	1	827.9	1	6
5	1	774.97	1	6
5	1	737.11	1	6
5	1	633.16	1	6
5	1	966.37	1	6
5	1	701.76	1	6
5	1	1102.1	1	6
5	1	1024	1	6
5	1	878.27	1	6
5	1	1621.1	1	6
5	1	1415.8	1	6
5	1	2852.5	1	6
5	1	831.56	1	6
5	1	660.85	1	6
5	1	669.7	1	6
5	1	1076.8	1	6
5	1	594.46	1	6
5	1	762.22	1	6
5	1	946.7	1	6
5	1	713.42	1	6
5	1	635.99	1	6
5	1	1285.9	1	6
5	1	835.91	1	6
5	1	744.93	1	6
5	1	1394.3	1	6
5	1	719.11	1	6
5	1	1369.8	1	6
5	1	787.62	1	6
5	1	1420.9	1	6
5	1	739.03	1	6
5	1	1059	1	6
5	1	804.48	1	6
5	1	629.26	1	6
5	1	1125.7	1	6
5	1	1359.8	1	6
5	1	692.53	1	6
5	1	1579.4	0	6
5	1	1325.4	1	6
5	1	954.68	0	7
5	1	879.67	1	7
5	1	893.53	1	7
5	1	1132.2	0	7
5	1	1117.2	1	7
5	1	1228	1	7
5	1	1283.8	0	7
5	1	1177.9	1	7
5	1	1028.2	1	7
5	1	576.03	0	7
5	1	793	0	7
5	1	745.97	0	7
5	1	1518.7	1	7
5	1	1453.6	1	7
5	1	929.15	0	7
5	1	1340	1	7
5	1	815.65	1	7
5	1	804.39	1	7
5	1	1011.8	0	7
5	1	1303.3	1	7
5	1	1224.4	1	7
5	1	822.19	1	7
5	1	1284.5	1	7
5	1	1551.9	1	7
5	1	1146	1	7
5	1	673.46	1	7
5	1	871.48	1	7
5	1	1180.3	1	7
5	1	1002.4	1	7
5	1	1106.8	1	7
5	1	995	1	7
5	1	1274.7	1	7
5	1	1477.2	1	7
5	1	867.79	1	7
5	1	877.66	1	7
5	1	853.08	1	7
5	1	1032.8	1	7
5	1	733.07	0	7
5	1	1011.7	1	7
5	1	647.43	0	7
5	1	1247.1	1	7
5	1	1004.4	1	7
5	1	1415.3	1	7
5	1	1974.9	1	7
5	1	1143.4	1	7
5	1	1573.7	1	7
5	1	1111	1	7
5	1	1137.1	1	7
5	1	1358.6	1	7
5	1	1398.1	1	7
5	1	916.1	1	7
5	1	909.83	1	7
5	1	862.91	1	7
5	1	901.21	1	7
5	1	1107.8	1	7
5	1	1621.8	1	7
5	1	1702.7	1	7
5	1	1007.5	1	7
5	1	1249.1	1	7
5	1	1443.5	1	7
5	1	1191.9	1	7
5	1	1038.4	1	7
5	1	1195.6	1	7
5	1	1031.4	1	7
5	1	1016.4	1	7
5	1	766.45	1	7
5	1	765.35	1	7
5	1	819.45	1	7
5	1	884.17	1	7
5	1	871.48	1	7
5	1	825.55	1	7
5	1	692.57	1	7
5	1	967.73	1	7
5	1	829.35	1	7
5	1	801.42	1	7
5	1	842.56	1	7
5	1	699.3	1	7
5	1	2127.9	1	7
5	1	983.58	1	7
5	1	634.02	1	7
5	1	838.3	1	7
5	1	784.15	1	7
5	1	659.59	1	7
5	1	623.23	1	7
5	1	1465.5	1	7
5	1	826.16	1	7
5	1	810.26	1	7
5	1	777.37	1	7
5	1	888.07	1	7
5	1	1397.6	1	7
5	1	891.82	1	7
5	1	623.78	1	7
5	1	824.03	1	7
5	1	922.01	1	7
5	1	770.09	1	7
5	1	905.16	1	7
5	1	1418.9	1	7
5	1	1083.3	1	7
5	1	1050.6	1	7
5	1	1304.1	1	7
5	1	794.27	1	7
5	1	753.66	1	7
5	1	757.38	1	7
5	1	579.81	1	7
5	1	731.63	1	7
5	1	723.37	1	7
5	1	713.66	1	7
5	1	955.23	1	7
5	1	774.04	1	7
5	1	754.32	1	7
5	1	600.85	1	7
5	1	771.24	1	7
5	1	1217.9	1	7
5	1	717.96	1	7
5	1	826.83	1	7
5	1	662.52	1	7
5	1	809.45	1	7
5	1	1530.7	1	7
5	1	728.22	1	7
5	1	779.46	1	7
5	1	611.23	1	7
5	1	536.24	1	7
5	1	930.56	1	7
5	1	631.79	1	7
5	1	625.61	1	7
5	1	721.05	1	7
5	1	646.14	1	7
5	1	686.11	1	7
5	1	641.7	1	7
5	1	803.5	1	7
5	1	1456.1	1	7
5	1	1119.1	1	7
5	1	638.75	1	7
5	1	790.13	1	7
5	1	743.07	1	7
5	1	2545.5	1	7
5	1	1803.8	1	7
5	1	661.84	1	7
5	1	800.8	1	7
5	1	689.6	1	7
5	1	1268.3	1	7
5	1	778.1	1	7
5	1	1302.8	1	7
5	1	957.37	1	7
5	1	989.2	1	7
5	1	779.09	1	7
5	1	681.6	1	7
5	1	1155.6	1	7
5	1	1727.2	1	7
5	1	889.78	1	7
5	1	1769.6	1	7
5	1	709.34	1	7
5	1	678.35	1	7
5	1	897.76	1	7
5	1	713.17	1	7
5	1	2638.8	1	7
5	1	682.95	1	7
5	1	709.96	1	7
5	1	609.85	1	7
5	1	707.79	1	7
5	1	803.06	1	7
5	1	756.85	1	7
5	1	797.14	1	7
5	1	628.52	1	7
5	1	782.22	1	7
5	1	708.65	1	7
5	1	725.18	1	7
5	1	543.94	1	7
5	1	750.2	1	7
5	1	674.91	1	7
5	1	693.59	1	7
5	1	702.11	1	7
5	1	703.04	1	7
5	1	727.62	1	7
5	1	633.85	1	7
5	1	930.48	1	7
5	1	738.59	1	7
5	1	901.93	1	7
5	1	837.3	1	7
5	1	963.27	1	7
5	1	847.18	1	7
5	1	712.75	1	7
5	1	707.99	1	7
5	1	1126.6	1	7
5	1	730.7	1	7
5	1	735.34	1	7
5	1	952.41	1	7
5	1	734.17	1	7
5	1	650.51	1	7
5	1	675.87	1	7
5	1	716.61	1	7
5	1	803.99	1	7
5	1	787.5	1	7
5	1	609.97	1	7
5	1	717.62	1	7
5	1	798.3	1	7
5	1	891.37	1	7
5	1	1848.9	1	7
5	1	613.16	1	7
5	1	829.94	1	7
5	1	1209.1	1	7
5	1	1379.2	1	7
5	1	598.93	1	7
5	1	2029.8	0	7
5	1	636.47	1	7
5	1	609.76	1	7
5	1	872.58	1	7
5	1	645.23	1	7
5	1	1040.2	1	7
5	1	696.81	1	7
5	1	557.71	1	7
5	1	601.69	1	7
5	1	1238.3	1	7
5	1	727.32	1	7
5	1	837.84	1	7
5	1	734.58	1	7
5	1	662.01	1	7
5	1	724.77	1	7
5	1	1122.2	1	7
5	1	755.56	1	7
5	1	689.98	1	7
5	1	1011.7	1	7
5	1	754.87	1	7
5	1	718.84	1	7
5	1	577.15	1	7
5	1	617.4	1	7
5	1	653.3	1	7
5	1	763.94	1	7
5	1	810.78	1	7
5	1	667.36	1	7
5	1	671.69	1	7
5	1	622.45	1	7
5	1	643.86	1	7
5	1	688.61	1	7
5	1	608.53	1	7
5	1	910.59	1	7
5	1	636.94	1	7
5	1	764.86	1	7
5	1	882.17	1	7
5	1	1753	1	7
5	1	632.97	1	7
5	1	1007.7	1	7
5	1	806.6	1	7
5	1	1108.2	1	7
5	1	694.28	1	7
5	1	642.99	1	7
5	1	1041.8	1	7
5	1	1122.8	1	7
5	1	923.33	1	7
5	1	959.04	1	7
5	1	934.22	1	7
5	1	1027	1	7
5	1	699.28	1	7
5	1	763.55	1	7
5	1	1010.7	1	7
5	1	712.23	1	7
5	1	788.53	1	7
5	1	630.09	1	7
5	1	694.87	1	7
5	1	656.19	1	7
5	1	731.79	1	7
5	1	1081.7	1	7
5	1	860.1	1	7
5	1	910.64	1	7
5	1	582.96	1	7
5	1	638.51	1	7
5	1	768.11	1	7
5	1	506.38	1	7
5	1	935.79	1	7
5	1	867.33	1	7
5	1	606.23	1	7
5	1	650.59	1	7
5	1	667.48	1	7
5	1	688.22	1	7
5	1	578.83	1	7
5	1	731.17	1	7
5	1	579.08	1	7
5	1	770.65	1	7
5	1	1529.4	1	7
5	1	1216.4	1	7
5	1	651.05	1	7
5	1	1014.7	0	7
5	1	587.26	1	7
5	1	768.46	1	7
5	1	608.21	1	7
5	1	726.35	1	7
5	1	1075.5	1	7
5	1	659.78	1	7
5	1	691.53	1	7
5	1	1212.1	1	7
5	1	717.62	1	7
5	1	714.64	1	7
5	1	1065.9	1	7
5	1	666.68	1	7
5	1	1134.6	1	7
5	1	932.69	1	7
5	1	769	1	7
5	1	681.37	1	7
5	1	1004.7	1	7
5	1	553.08	1	7
5	1	2512.3	1	7
5	1	697.77	1	7
5	1	688.38	1	7
5	1	1001.5	1	7
5	1	729.57	1	7
5	1	704.67	1	7
5	1	681.05	1	7
5	1	1173.4	1	7
5	1	1041.5	1	7
5	1	677.26	1	7
5	1	2131.1	1	7
5	1	833.14	1	7
5	1	1023.8	1	7
5	1	592.98	1	7
5	1	837	1	7
5	1	690.1	0	7
5	1	637.26	1	7
5	1	1077.5	1	7
5	1	566.71	1	7
5	1	1154.5	1	7
5	1	707.59	1	7
5	1	2111.2	1	7
5	1	3336.3	1	7
5	1	686.42	1	7
5	1	684.28	1	7
5	1	625.73	1	7
5	1	1061.9	1	7
5	1	533.38	1	7
5	1	730.4	1	7
5	1	785.77	1	7
5	1	935.12	1	7
5	1	828.47	1	7
5	1	603.16	1	7
5	1	556.69	1	7
5	1	1455.4	1	7
5	1	1024.7	1	7
5	1	619.55	1	7
5	1	1823.4	1	7
5	1	1041.1	1	7
5	1	697.08	1	7
5	1	794.21	1	7
5	1	620.44	0	7
5	1	1030.4	1	7
5	1	1033.7	1	7
5	1	826.02	1	7
5	1	677.31	1	7
5	1	703.98	1	7
5	1	855.44	1	7
5	1	614.75	1	7
5	1	1331.2	1	8
5	1	822.25	1	8
5	1	817.44	0	8
5	1	877.89	1	8
5	1	990.03	1	8
5	1	975.29	1	8
5	1	1064.3	1	8
5	1	1124	0	8
5	1	807.57	0	8
5	1	1205.9	1	8
5	1	1257.9	1	8
5	1	752.83	1	8
5	1	764.41	1	8
5	1	996.4	1	8
5	1	760.06	1	8
5	1	794.48	1	8
5	1	1227.5	1	8
5	1	778.59	1	8
5	1	753.3	1	8
5	1	850.35	1	8
5	1	712.13	1	8
5	1	1244.7	1	8
5	1	2089.2	0	8
5	1	1673.7	1	8
5	1	918.52	1	8
5	1	848.76	1	8
5	1	1322.7	1	8
5	1	1636.5	1	8
5	1	1699.1	1	8
5	1	1202.4	1	8
5	1	1047	1	8
5	1	2053.7	1	8
5	1	843.5	1	8
5	1	844.25	1	8
5	1	964.15	1	8
5	1	963.39	1	8
5	1	1748.5	1	8
5	1	841.48	1	8
5	1	928.38	1	8
5	1	1838.1	0	8
5	1	2042.1	1	8
5	1	1714.3	1	8
5	1	1719.3	0	8
5	1	2875.7	1	8
5	1	746.65	1	8
5	1	2197.8	1	8
5	1	1572.7	1	8
5	1	882.35	1	8
5	1	1655.7	0	8
5	1	1673.6	1	8
5	1	970.67	1	8
5	1	802.17	1	8
5	1	2182.1	0	8
5	1	1071.5	1	8
5	1	1284.4	1	8
5	1	1710.1	1	8
5	1	1245.9	1	8
5	1	1664.5	1	8
5	1	1217.9	1	8
5	1	964.86	1	8
5	1	1333.5	1	8
5	1	1457.9	1	8
5	1	797.83	1	8
5	1	1571	1	8
5	1	1298.3	1	8
5	1	687.39	1	8
5	1	792.37	1	8
5	1	1040.6	1	8
5	1	1046.3	1	8
5	1	848.07	1	8
5	1	1001.8	1	8
5	1	2316.7	0	8
5	1	754.02	1	8
5	1	708.37	1	8
5	1	1261.8	1	8
5	1	2769	0	8
5	1	820.64	1	8
5	1	956.18	1	8
5	1	1000.4	1	8
5	1	957.2	1	8
5	1	811.98	1	8
5	1	980.2	1	8
5	1	1957.5	1	8
5	1	2411.7	1	8
5	1	742.72	1	8
5	1	690.14	1	8
5	1	762.03	1	8
5	1	850.8	1	8
5	1	576.86	1	8
5	1	1708.8	1	8
5	1	2671.4	0	8
5	1	840.75	1	8
5	1	848.95	1	8
5	1	807.91	1	8
5	1	674.34	1	8
5	1	1875.9	1	8
5	1	825.22	1	8
5	1	1779.4	1	8
5	1	1269.6	1	8
5	1	878.25	1	8
5	1	772.55	1	8
5	1	773.84	1	8
5	1	853.14	1	8
5	1	614.52	1	8
5	1	610.6	1	8
5	1	1018.3	1	8
5	1	651.18	1	8
5	1	700.2	1	8
5	1	821.39	1	8
5	1	669.51	1	8
5	1	658.77	1	8
5	1	789.06	1	8
5	1	676.77	1	8
5	1	1987.7	1	8
5	1	759.65	1	8
5	1	565.2	1	8
5	1	822.52	1	8
5	1	1130	0	8
5	1	695.15	1	8
5	1	1028.8	1	8
5	1	691.97	1	8
5	1	631.55	1	8
5	1	591.12	1	8
5	1	1408.2	1	8
5	1	838.68	1	8
5	1	817	1	8
5	1	829.79	1	8
5	1	708.02	1	8
5	1	935.4	1	8
5	1	1334.7	1	8
5	1	644.8	1	8
5	1	811.21	1	8
5	1	846.3	1	8
5	1	1807.7	1	8
5	1	822.36	1	8
5	1	767.84	1	8
5	1	950.14	1	8
5	1	1034.6	1	8
5	1	645.35	1	8
5	1	1023.9	1	8
5	1	1726.7	1	8
5	1	1013.6	1	8
5	1	857.66	1	8
5	1	2217.4	1	8
5	1	1394.4	1	8
5	1	991.92	1	8
5	1	1482.8	1	8
5	1	1253.3	1	8
5	1	979.83	1	8
5	1	3004.6	1	8
5	1	871.76	0	8
5	1	774.6	1	8
5	1	741.93	1	8
5	1	1406.3	1	8
5	1	865.64	1	8
5	1	835.5	1	8
5	1	685.73	1	8
5	1	663.92	1	8
5	1	2153.1	1	8
5	1	1077.1	1	8
5	1	830.56	1	8
5	1	977.5	1	8
5	1	1155.1	1	8
5	1	860.1	1	8
5	1	887.89	1	8
5	1	1671.2	1	8
5	1	930.84	1	8
5	1	1104.8	1	8
5	1	638.87	1	8
5	1	771.06	1	8
5	1	644.3	1	8
5	1	610.03	1	8
5	1	594.28	1	8
5	1	652.91	1	8
5	1	703.06	1	8
5	1	891.22	1	8
5	1	888.02	1	8
5	1	747.43	1	8
5	1	895.61	1	8
5	1	739.88	1	8
5	1	1991.8	1	8
5	1	698.38	1	8
5	1	1574.1	1	8
5	1	696.8	1	8
5	1	1358.1	0	8
5	1	780.48	1	8
5	1	2384.7	1	8
5	1	785.73	1	8
5	1	616.77	1	8
5	1	602.6	1	8
5	1	737.9	1	8
5	1	777.93	1	8
5	1	584.96	1	8
5	1	716.96	1	8
5	1	918.49	1	8
5	1	1155.2	1	8
5	1	951.53	1	8
5	1	936.27	1	8
5	1	596.34	1	8
5	1	611.57	1	8
5	1	1023.3	1	8
5	1	789.46	1	8
5	1	769.69	1	8
5	1	725.35	1	8
5	1	992.72	1	8
5	1	1286.5	0	8
5	1	758.59	1	8
5	1	732.99	1	8
5	1	829.66	1	8
5	1	778.32	1	8
5	1	1002.3	1	8
5	1	564.05	1	8
5	1	2295.5	1	8
5	1	638.71	1	8
5	1	1064.7	1	8
5	1	1471.7	1	8
5	1	800.28	1	8
5	1	1203.7	1	8
5	1	1327.8	1	8
5	1	588.85	1	8
5	1	1240.7	1	8
5	1	2434.5	1	8
5	1	810.69	1	8
5	1	1127.9	1	8
5	1	655.66	1	8
5	1	767.19	1	8
5	1	635.53	1	8
5	1	593.05	1	8
5	1	1147.5	1	8
5	1	713.68	1	8
5	1	698.71	1	8
5	1	660.93	1	8
5	1	716.94	1	8
5	1	671.94	1	8
5	1	1890.1	1	8
5	1	756.23	1	8
5	1	882.31	1	8
5	1	738.44	1	8
5	1	691.32	1	8
5	1	1212.8	1	8
5	1	563.06	1	8
5	1	690.4	1	8
5	1	689.64	1	8
5	1	601.13	1	8
5	1	665.47	1	8
5	1	1448	0	8
5	1	798.49	1	8
5	1	727.96	1	8
5	1	3658.2	1	8
5	1	1216.8	1	8
5	1	832.79	1	8
5	1	786.06	1	8
5	1	3348.9	0	8
5	1	877.61	1	8
5	1	1558	1	8
5	1	677.79	1	8
5	1	611.53	1	8
5	1	579.63	1	8
5	1	647.21	1	8
5	1	615.27	1	8
5	1	533.63	1	8
5	1	1504.5	1	8
5	1	799.6	1	8
5	1	681.23	1	8
5	1	1046.8	1	8
5	1	653.82	1	8
5	1	2965.5	0	8
5	1	1248.1	1	8
5	1	660.27	1	8
5	1	581.63	1	8
5	1	611.98	1	8
5	1	538.18	1	8
5	1	814.32	1	8
5	1	892.72	1	8
5	1	654.11	1	8
5	1	1201.1	1	8
5	1	606.84	1	8
5	1	777.14	1	8
5	1	791.9	1	8
5	1	781.18	1	8
5	1	717.35	1	8
5	1	1284.4	1	8
5	1	622.02	1	8
5	1	766.49	1	8
5	1	638.53	1	8
5	1	667.75	1	8
5	1	951.45	1	8
5	1	1174.9	1	8
5	1	631.75	1	8
5	1	689.62	1	8
5	1	2364.9	1	8
5	1	1238.8	1	8
5	1	795.17	1	8
5	1	1496.5	1	8
5	1	648.85	1	8
5	1	745	1	8
5	1	659.08	1	8
5	1	735.38	1	8
5	1	555.43	1	8
5	1	1012.3	1	8
5	1	563.74	1	8
5	1	637.62	1	8
5	1	763.05	1	8
5	1	1017.7	1	8
5	1	703.26	1	8
5	1	744.03	1	8
5	1	594.97	1	8
5	1	2181.2	1	8
5	1	685.56	1	8
5	1	797.33	1	8
5	1	1053.9	1	8
5	1	1362	1	8
5	1	818.55	1	8
5	1	617	1	8
5	1	911.14	1	8
5	1	850.44	1	8
5	1	1278.6	1	8
5	1	2113.7	0	8
5	1	636.26	1	8
5	1	659.15	1	8
5	1	1233.3	1	8
5	1	3121.6	1	8
5	1	1581.2	1	8
5	1	1316.9	1	8
5	1	1132.1	1	8
5	1	705.3	1	8
5	1	1557.2	0	8
5	1	1092.4	1	8
5	1	1961.3	1	8
5	1	576.27	1	8
5	1	554.63	1	8
5	1	1020	1	8
5	1	602.2	1	8
5	1	2637.2	1	8
5	1	1981	1	8
5	1	636.98	1	8
5	1	1112.5	1	8
5	1	951.7	1	8
5	1	1191.8	1	8
5	1	692.14	1	8
5	1	655.38	1	8
5	1	589.91	1	8
5	1	709.93	1	8
5	1	1267.6	1	8
5	1	1133.1	0	8
5	1	938.73	1	8
5	1	822.45	1	8
5	1	1198.6	1	8
5	1	658.86	1	8
5	1	595.48	1	9
5	1	651.38	1	9
5	1	921.97	1	9
5	1	852.82	1	9
5	1	1025.7	1	9
5	1	1497.8	1	9
5	1	941.86	1	9
5	1	894.7	1	9
5	1	1496.3	1	9
5	1	953.57	1	9
5	1	883.48	0	9
5	1	869.89	1	9
5	1	983.97	1	9
5	1	777.71	1	9
5	1	891.1	1	9
5	1	1080.9	1	9
5	1	1317.5	1	9
5	1	708.29	1	9
5	1	767.34	1	9
5	1	992.62	1	9
5	1	610.18	1	9
5	1	692.33	1	9
5	1	724.12	1	9
5	1	909.08	1	9
5	1	986.82	1	9
5	1	549.13	1	9
5	1	625.46	1	9
5	1	876.63	1	9
5	1	855.72	1	9
5	1	1544.5	1	9
5	1	811.28	1	9
5	1	1659.6	1	9
5	1	769.88	1	9
5	1	799.92	1	9
5	1	730.07	1	9
5	1	821.45	1	9
5	1	803.52	1	9
5	1	684.35	1	9
5	1	568.52	1	9
5	1	1374.3	0	9
5	1	785.67	1	9
5	1	887.94	1	9
5	1	798.54	1	9
5	1	733.01	1	9
5	1	764.9	1	9
5	1	709.8	1	9
5	1	828.59	1	9
5	1	789.25	1	9
5	1	727.29	1	9
5	1	2292.8	1	9
5	1	916.07	1	9
5	1	958.79	1	9
5	1	925.59	1	9
5	1	734.12	1	9
5	1	814.27	1	9
5	1	679.18	1	9
5	1	1134.7	1	9
5	1	846.1	1	9
5	1	841.11	1	9
5	1	1523.3	1	9
5	1	737.22	1	9
5	1	1201.8	1	9
5	1	1140.3	1	9
5	1	849.29	1	9
5	1	849.67	1	9
5	1	842.14	1	9
5	1	1062.3	1	9
5	1	803.4	1	9
5	1	691.59	1	9
5	1	888.41	1	9
5	1	1491.8	1	9
5	1	1060.2	1	9
5	1	1060.8	1	9
5	1	868.52	1	9
5	1	773.19	1	9
5	1	803.22	1	9
5	1	891.42	1	9
5	1	849.08	1	9
5	1	886.51	1	9
5	1	845.98	1	9
5	1	881.53	1	9
5	1	1020	1	9
5	1	2023.7	1	9
5	1	699.89	1	9
5	1	887.27	1	9
5	1	777.04	1	9
5	1	1165.2	1	9
5	1	975.58	1	9
5	1	963.3	1	9
5	1	848.15	1	9
5	1	642.52	1	9
5	1	658.16	1	9
5	1	931.7	1	9
5	1	1030.1	1	9
5	1	1260.6	1	9
5	1	767.15	1	9
5	1	755.57	1	9
5	1	880.64	1	9
5	1	2197	1	9
5	1	752.1	1	9
5	1	689.38	1	9
5	1	1408.9	1	9
5	1	1952.7	1	9
5	1	721.37	1	9
5	1	573.99	1	9
5	1	917.46	1	9
5	1	766.98	1	9
5	1	783.99	1	9
5	1	737.18	1	9
5	1	1073.6	1	9
5	1	644.07	1	9
5	1	819.43	1	9
5	1	714.67	1	9
5	1	693.99	1	9
5	1	1044.2	1	9
5	1	684.65	1	9
5	1	732.76	1	9
5	1	751.16	1	9
5	1	754.85	1	9
5	1	729.16	1	9
5	1	813.46	1	9
5	1	718.89	1	9
5	1	1174.5	1	9
5	1	859.04	1	9
5	1	639.05	1	9
5	1	596	1	9
5	1	734.48	1	9
5	1	741.08	1	9
5	1	682.94	1	9
5	1	926.01	1	9
5	1	1546.8	0	9
5	1	1568.5	1	9
5	1	651.58	1	9
5	1	1129.1	1	9
5	1	708.78	1	9
5	1	743.1	1	9
5	1	777.6	1	9
5	1	739.73	1	9
5	1	561.83	1	9
5	1	721.11	1	9
5	1	879.87	1	9
5	1	1498.2	1	9
5	1	878.94	1	9
5	1	1504.5	1	9
5	1	858.78	1	9
5	1	838.52	1	9
5	1	997.04	1	9
5	1	1401.8	0	9
5	1	965.72	1	9
5	1	933.6	1	9
5	1	1373.9	1	9
5	1	757.05	1	9
5	1	663.29	1	9
5	1	804.93	1	9
5	1	958.8	1	9
5	1	815.11	1	9
5	1	605.83	1	9
5	1	765.78	1	9
5	1	701.86	1	9
5	1	616.97	1	9
5	1	598.23	1	9
5	1	754.53	1	9
5	1	791.3	1	9
5	1	617.38	1	9
5	1	655.82	1	9
5	1	659.98	1	9
5	1	644.78	1	9
5	1	735.63	1	9
5	1	682.15	1	9
5	1	653.4	1	9
5	1	950.33	1	9
5	1	1210.5	1	9
5	1	1106.5	1	9
5	1	679.72	1	9
5	1	664.43	1	9
5	1	975.06	1	9
5	1	1217.5	1	9
5	1	930	1	9
5	1	769.1	1	9
5	1	760.5	1	9
5	1	826.04	1	9
5	1	708.81	1	9
5	1	1505.2	1	9
5	1	615.39	1	9
5	1	658.03	1	9
5	1	747.61	1	9
5	1	953.33	1	9
5	1	765.14	1	9
5	1	1647	1	9
5	1	689.11	1	9
5	1	1213.5	1	9
5	1	693.18	1	9
5	1	608.21	1	9
5	1	732.37	1	9
5	1	1320.3	1	9
5	1	700.31	1	9
5	1	618.5	1	9
5	1	888.53	1	9
5	1	685.38	1	9
5	1	656.46	1	9
5	1	1585.9	1	9
5	1	656.95	1	9
5	1	668.11	1	9
5	1	610.92	1	9
5	1	528.1	1	9
5	1	2297.5	1	9
5	1	872.49	1	9
5	1	736.16	1	9
5	1	760.92	1	9
5	1	669	1	9
5	1	642.69	1	9
5	1	927.41	1	9
5	1	723.52	1	9
5	1	719.16	1	9
5	1	546.35	1	9
5	1	819.66	1	9
5	1	604.17	1	9
5	1	616.2	1	9
5	1	700.46	1	9
5	1	626.83	1	9
5	1	781.09	1	9
5	1	710.89	1	9
5	1	618.5	1	9
5	1	689.61	1	9
5	1	613.01	1	9
5	1	776.19	1	9
5	1	577.41	1	9
5	1	730.71	1	9
5	1	724.05	1	9
5	1	745.09	1	9
5	1	878.88	1	9
5	1	700.22	1	9
5	1	693.37	1	9
5	1	624.23	1	9
5	1	671.25	1	9
5	1	1196.5	1	9
5	1	695.54	1	9
5	1	725.59	1	9
5	1	1157.2	1	9
5	1	669.11	1	9
5	1	743.29	1	9
5	1	728.01	1	9
5	1	646.04	1	9
5	1	724.84	1	9
5	1	609.07	1	9
5	1	765.81	1	9
5	1	576.86	1	9
5	1	975.02	1	9
5	1	656.27	1	9
5	1	800.18	1	9
5	1	667.68	1	9
5	1	741.14	1	9
5	1	1077.8	1	9
5	1	762.48	1	9
5	1	797.14	1	9
5	1	1212.2	1	9
5	1	1043.4	1	9
5	1	612.31	1	9
5	1	769.01	1	9
5	1	725.74	1	9
5	1	1603.2	0	9
5	1	635.05	1	9
5	1	560.63	1	9
5	1	870.68	1	9
5	1	825.06	1	9
5	1	2138	1	9
5	1	1356.8	1	9
5	1	688.51	1	9
5	1	733.56	1	9
5	1	564.67	1	9
5	1	596.7	1	9
5	1	628.19	1	9
5	1	911.57	1	9
5	1	846.12	1	9
5	1	640.75	1	9
5	1	776.02	1	9
5	1	590.12	1	9
5	1	1140.3	1	9
5	1	1228	1	9
5	1	1019.9	1	9
5	1	644.18	1	9
5	1	557.29	1	9
5	1	667.96	1	9
5	1	605.47	1	9
5	1	610.97	1	9
5	1	587.41	1	9
5	1	562.57	1	9
5	1	555.09	1	9
5	1	700.45	1	9
5	1	594.95	1	9
5	1	1212.4	1	9
5	1	914.87	1	9
5	1	609.51	1	9
5	1	604.1	1	9
5	1	690.47	1	9
5	1	645.15	1	9
5	1	640.97	1	9
5	1	1003.7	1	9
5	1	665.56	1	9
5	1	780.48	1	9
5	1	583.57	1	9
5	1	688.97	1	9
5	1	612.71	1	9
5	1	577.96	1	9
5	1	727.93	1	9
5	1	686.52	1	9
5	1	617.22	1	9
5	1	584.89	1	9
5	1	1402.8	1	9
5	1	800.81	1	9
5	1	778.81	1	9
5	1	679.47	1	9
5	1	562.84	1	9
5	1	681.09	1	9
5	1	664.8	1	9
5	1	1883.7	1	9
5	1	628.9	1	9
5	1	652.02	1	9
5	1	819.94	1	9
5	1	601.2	1	9
5	1	734.28	1	9
5	1	1067.9	1	9
5	1	1164.9	1	9
5	1	1470.7	1	9
5	1	618.43	1	9
5	1	656.14	1	9
5	1	552.69	1	9
5	1	612.74	1	9
5	1	610.62	1	9
5	1	892.05	1	9
5	1	1144.3	1	9
5	1	648.03	1	9
5	1	614.13	1	9
5	1	580.29	1	9
5	1	686.43	1	9
5	1	772.41	1	9
5	1	639.34	1	9
5	1	600.34	1	9
5	1	526.66	1	9
5	1	606.49	1	9
5	1	729.1	1	9
5	1	707.03	1	9
5	1	682.73	1	9
5	1	716.07	1	9
5	1	1078.5	1	9
5	1	855.42	1	9
5	1	667.71	1	9
5	1	977.93	1	9
5	1	634.83	1	9
5	1	565.66	1	9
