6	2	1383.1	1	1
6	2	863.25	1	1
6	2	1430.2	1	1
6	2	1061.3	1	1
6	2	1122.3	1	1
6	2	1135.3	1	1
6	2	796.87	1	1
6	2	834.83	1	1
6	2	1000.6	1	1
6	2	862.5	1	1
6	2	944.34	1	1
6	2	832.21	1	1
6	2	863.72	1	1
6	2	739.23	1	1
6	2	1249.7	1	1
6	2	831.87	1	1
6	2	575.82	1	1
6	2	690.28	1	1
6	2	848.88	1	1
6	2	835.44	1	1
6	2	821.65	1	1
6	2	1497	1	1
6	2	830.79	1	1
6	2	766.9	1	1
6	2	993.56	1	1
6	2	2592.3	1	1
6	2	1142.8	1	1
6	2	947.92	1	1
6	2	965.57	1	1
6	2	860.1	1	1
6	2	835.24	1	1
6	2	1165.8	1	1
6	2	1115.1	1	1
6	2	1046.2	1	1
6	2	799.92	1	1
6	2	1511.9	1	1
6	2	871.69	1	1
6	2	806.61	1	1
6	2	702.56	1	1
6	2	672.24	1	1
6	2	875.25	1	1
6	2	1039.5	1	1
6	2	1247.5	1	1
6	2	794.07	1	1
6	2	721.62	1	1
6	2	1508.2	1	1
6	2	705.07	1	1
6	2	773.28	1	1
6	2	875.43	1	1
6	2	763.76	1	1
6	2	639.3	1	1
6	2	692.73	1	1
6	2	1480.3	1	1
6	2	582.93	1	1
6	2	791.3	1	1
6	2	1099.7	1	1
6	2	769.28	1	1
6	2	802.71	1	1
6	2	967.97	1	1
6	2	654.45	1	1
6	2	604.95	1	1
6	2	734.22	1	1
6	2	876.71	1	1
6	2	773.34	1	1
6	2	929.69	1	1
6	2	657.4	1	1
6	2	971.04	1	1
6	2	821.67	1	1
6	2	1533.3	1	1
6	2	1081.2	1	1
6	2	947.74	1	1
6	2	1354.3	1	1
6	2	1154.4	1	1
6	2	797.46	1	1
6	2	1172.4	1	1
6	2	1391.4	1	1
6	2	1101	1	1
6	2	771.5	1	1
6	2	1061.5	1	1
6	2	881.09	1	1
6	2	1028.8	1	1
6	2	1000.9	1	1
6	2	1076.7	1	1
6	2	839.93	1	1
6	2	744.14	1	1
6	2	682.52	1	1
6	2	887.5	1	1
6	2	1428.2	1	1
6	2	727.99	1	1
6	2	632.84	1	1
6	2	687.63	1	1
6	2	661.36	1	1
6	2	835.11	1	1
6	2	700.26	1	1
6	2	784.9	1	1
6	2	1515.6	1	1
6	2	778.43	1	1
6	2	817	1	1
6	2	1000.9	1	1
6	2	705.34	1	1
6	2	1918	1	1
6	2	665.61	1	1
6	2	712.03	1	1
6	2	818.35	1	1
6	2	798.73	1	1
6	2	624.42	1	1
6	2	967.6	1	1
6	2	923.97	1	1
6	2	683.97	1	1
6	2	620.81	1	1
6	2	710.14	1	1
6	2	780.59	1	1
6	2	747.74	1	1
6	2	702.6	1	1
6	2	619.88	1	1
6	2	1206.9	1	1
6	2	642.38	1	1
6	2	581.59	1	1
6	2	920.68	1	1
6	2	771.93	1	1
6	2	828.18	1	1
6	2	697.67	1	1
6	2	703.8	1	1
6	2	683.59	1	1
6	2	609.71	1	1
6	2	658.47	1	1
6	2	718.46	1	1
6	2	549.71	1	1
6	2	672.04	1	1
6	2	600.89	1	1
6	2	815.24	1	1
6	2	549.74	1	1
6	2	614.58	1	1
6	2	812.86	1	1
6	2	640.56	1	1
6	2	656.71	1	1
6	2	673.08	1	1
6	2	732.59	1	1
6	2	703.98	1	1
6	2	743.78	1	1
6	2	791.36	1	1
6	2	585.53	1	1
6	2	823.28	1	1
6	2	616.23	1	1
6	2	682.26	1	1
6	2	597.2	1	1
6	2	645.31	1	1
6	2	726.28	1	1
6	2	758.73	1	1
6	2	697.83	1	1
6	2	687.94	1	1
6	2	688.75	1	1
6	2	677.9	1	1
6	2	876.24	1	1
6	2	641.04	1	1
6	2	653.63	1	1
6	2	1302.2	1	1
6	2	633.73	1	1
6	2	1067	1	1
6	2	683.87	1	1
6	2	780.23	1	1
6	2	929.16	1	1
6	2	1037.8	1	1
6	2	960.49	1	1
6	2	916.39	1	1
6	2	618.09	1	1
6	2	641.41	1	1
6	2	562.36	1	1
6	2	827.91	1	1
6	2	726.62	1	1
6	2	803.83	1	1
6	2	625.94	1	1
6	2	1144.7	1	1
6	2	633.18	1	1
6	2	617.86	1	1
6	2	679.22	1	1
6	2	840.49	1	1
6	2	952.35	1	1
6	2	651.55	1	1
6	2	1075.2	1	1
6	2	581.1	1	1
6	2	576.48	1	1
6	2	736.67	1	1
6	2	630.54	1	1
6	2	507.9	1	1
6	2	1018.4	1	1
6	2	675.19	1	1
6	2	632.01	1	1
6	2	630.84	1	1
6	2	634.21	1	1
6	2	683.74	1	1
6	2	784.48	1	1
6	2	728.43	1	1
6	2	788.56	1	1
6	2	899.18	1	1
6	2	528.72	1	1
6	2	580.48	1	1
6	2	752.72	1	1
6	2	547.17	1	1
6	2	538.8	1	1
6	2	1095.4	1	1
6	2	602.81	1	1
6	2	738.36	1	1
6	2	636.05	1	1
6	2	995.33	1	1
6	2	625.92	1	1
6	2	699.25	1	1
6	2	606.42	1	1
6	2	640.83	1	1
6	2	712.12	1	1
6	2	618.38	1	1
6	2	869.32	1	1
6	2	800.6	1	1
6	2	692.52	1	1
6	2	762.06	1	1
6	2	767.1	1	1
6	2	640.98	1	1
6	2	845.05	1	1
6	2	853.88	1	1
6	2	843.4	1	1
6	2	736.88	1	1
6	2	908.04	1	1
6	2	758.42	1	1
6	2	1552.8	1	1
6	2	1363.1	1	1
6	2	719.63	1	1
6	2	737.3	1	1
6	2	809.57	1	1
6	2	841.11	1	1
6	2	611.69	1	1
6	2	545.1	1	1
6	2	529.9	1	1
6	2	610.14	1	1
6	2	658.36	1	1
6	2	893.75	1	1
6	2	775.58	1	1
6	2	738.39	1	1
6	2	683.92	1	1
6	2	557.71	1	1
6	2	575.39	1	1
6	2	830.09	1	1
6	2	974.36	1	1
6	2	662.79	1	1
6	2	659.46	1	1
6	2	675.69	1	1
6	2	679.84	1	1
6	2	603.48	1	1
6	2	780.41	1	1
6	2	537.54	1	1
6	2	575.18	1	1
6	2	661.11	1	1
6	2	719.42	1	1
6	2	1257.4	1	1
6	2	1252	1	1
6	2	1029.7	1	1
6	2	667.07	1	1
6	2	605.9	1	1
6	2	730.83	1	1
6	2	611.41	1	1
6	2	508.77	1	1
6	2	500.03	1	1
6	2	507.62	1	1
6	2	586.55	1	1
6	2	483.62	1	1
6	2	539.13	1	1
6	2	674.73	1	1
6	2	474.88	1	1
6	2	540.45	1	1
6	2	524.17	1	1
6	2	888.21	1	1
6	2	554.25	1	1
6	2	789.75	1	1
6	2	1086.9	1	1
6	2	648.42	1	1
6	2	586.5	0	1
6	2	580.61	1	1
6	2	672.03	1	1
6	2	510.9	1	1
6	2	997.04	1	1
6	2	609.72	1	1
6	2	568.62	1	1
6	2	650.55	1	1
6	2	610.31	1	1
6	2	725.76	1	1
6	2	948.04	1	1
6	2	556.07	1	1
6	2	560.49	1	1
6	2	568.7	1	1
6	2	590.51	1	1
6	2	858.77	1	1
6	2	649.31	1	1
6	2	694.66	1	1
6	2	580.69	1	1
6	2	549.72	1	1
6	2	639.58	1	1
6	2	776.65	1	1
6	2	753.61	1	1
6	2	569.35	1	1
6	2	541.92	1	1
6	2	524.48	1	1
6	2	578.25	1	1
6	2	808.14	1	1
6	2	625	1	1
6	2	677.13	1	1
6	2	685.18	1	1
6	2	622.2	1	1
6	2	601.58	1	1
6	2	739.42	1	1
6	2	586.89	1	1
6	2	592.63	1	1
6	2	530.8	1	1
6	2	542.33	1	1
6	2	575.99	1	1
6	2	764.55	1	1
6	2	2063.5	1	1
6	2	541.99	1	1
6	2	529.65	1	1
6	2	604.48	1	1
6	2	518.9	1	1
6	2	529.98	1	1
6	2	760.44	1	1
6	2	631.99	1	1
6	2	631.99	1	1
6	2	1047.4	0	1
6	2	836.87	0	1
6	2	675.57	1	1
6	2	661.07	1	1
6	2	563.99	1	1
6	2	443.28	1	1
6	2	527.61	1	1
6	2	530.52	1	1
6	2	859.15	1	1
6	2	609.45	1	1
6	2	685.97	1	1
6	2	1221.3	1	1
6	2	519.07	1	1
6	2	608.51	1	1
6	2	764.55	1	1
6	2	577.62	1	1
6	2	525.62	1	1
6	2	665.23	1	1
6	2	852.01	1	1
6	2	639.94	1	1
6	2	674.6	1	1
6	2	538.37	1	1
6	2	519.91	1	1
6	2	531.51	1	1
6	2	558.09	1	1
6	2	523.46	1	1
6	2	569.77	1	1
6	2	1151.3	0	2
6	2	1048.6	1	2
6	2	944.34	1	2
6	2	1478.4	1	2
6	2	889.24	1	2
6	2	1260.5	1	2
6	2	1050.4	1	2
6	2	799.63	1	2
6	2	1446.1	1	2
6	2	1240.5	1	2
6	2	966.9	1	2
6	2	1240.2	1	2
6	2	868.82	1	2
6	2	920.93	1	2
6	2	1895.3	1	2
6	2	1045.3	1	2
6	2	1549.8	1	2
6	2	1076.2	1	2
6	2	1594.3	1	2
6	2	1590.2	1	2
6	2	981.76	1	2
6	2	895.18	1	2
6	2	1133.5	1	2
6	2	893.92	1	2
6	2	811.28	1	2
6	2	926.45	1	2
6	2	1208.2	1	2
6	2	1005.5	1	2
6	2	1398.2	1	2
6	2	1078.3	1	2
6	2	1422.9	1	2
6	2	1571	0	2
6	2	1453.1	1	2
6	2	971.03	1	2
6	2	1060.8	1	2
6	2	1433.5	1	2
6	2	1533.7	1	2
6	2	1004.5	1	2
6	2	910.88	1	2
6	2	1143.3	1	2
6	2	841.43	1	2
6	2	1630.2	1	2
6	2	2057.8	1	2
6	2	993.79	1	2
6	2	827.21	1	2
6	2	795.13	1	2
6	2	729.64	1	2
6	2	834.17	1	2
6	2	1776	0	2
6	2	1333.3	1	2
6	2	1166.3	1	2
6	2	910.39	1	2
6	2	763.14	1	2
6	2	714.94	1	2
6	2	1846.7	1	2
6	2	1367.1	1	2
6	2	1346.8	1	2
6	2	1383.9	1	2
6	2	1053.1	1	2
6	2	858.22	1	2
6	2	1023	1	2
6	2	793.28	1	2
6	2	1412.9	1	2
6	2	1280.7	1	2
6	2	2193.7	0	2
6	2	956.58	1	2
6	2	1640.5	0	2
6	2	1226.5	1	2
6	2	1096	1	2
6	2	740.1	1	2
6	2	1899.5	1	2
6	2	1402.9	1	2
6	2	1332.7	1	2
6	2	1121.5	1	2
6	2	1750	1	2
6	2	1576.4	1	2
6	2	1330.3	1	2
6	2	1324.9	1	2
6	2	1357.3	1	2
6	2	1314.3	1	2
6	2	1287.1	1	2
6	2	983.97	1	2
6	2	1422.7	1	2
6	2	1374.6	1	2
6	2	1339.9	1	2
6	2	1392.5	1	2
6	2	988.72	1	2
6	2	2009.1	1	2
6	2	1149.4	1	2
6	2	953.87	1	2
6	2	901.04	1	2
6	2	1267.1	1	2
6	2	907.55	1	2
6	2	1077.9	1	2
6	2	614.77	1	2
6	2	715.57	1	2
6	2	972.79	1	2
6	2	993.74	1	2
6	2	889.95	1	2
6	2	850.07	1	2
6	2	1466.7	1	2
6	2	774.54	1	2
6	2	846.87	1	2
6	2	1033.5	1	2
6	2	638.19	1	2
6	2	1100.7	1	2
6	2	1499	1	2
6	2	853.56	1	2
6	2	1392.5	1	2
6	2	1226.5	1	2
6	2	916.6	1	2
6	2	915.11	1	2
6	2	842.4	1	2
6	2	919.71	1	2
6	2	662.34	1	2
6	2	1092.6	1	2
6	2	1678.1	1	2
6	2	1055.5	1	2
6	2	905.7	1	2
6	2	1408.4	1	2
6	2	636.59	1	2
6	2	842.34	1	2
6	2	1051.3	1	2
6	2	1516.5	1	2
6	2	840.48	1	2
6	2	705.13	1	2
6	2	864.93	1	2
6	2	617.62	1	2
6	2	616.68	1	2
6	2	1170	1	2
6	2	798.13	1	2
6	2	680.67	1	2
6	2	981.64	1	2
6	2	690.84	1	2
6	2	644.92	1	2
6	2	1802.6	1	2
6	2	763.51	1	2
6	2	749.77	1	2
6	2	834.81	1	2
6	2	1004.1	1	2
6	2	1058.8	1	2
6	2	879.05	1	2
6	2	989.98	1	2
6	2	979.86	1	2
6	2	606.88	1	2
6	2	788.38	1	2
6	2	822.67	1	2
6	2	1080.8	1	2
6	2	667.8	1	2
6	2	1185.7	1	2
6	2	1416.3	1	2
6	2	817.76	1	2
6	2	670.92	1	2
6	2	793.49	1	2
6	2	611.84	1	2
6	2	808.25	1	2
6	2	1019.6	1	2
6	2	1112.4	1	2
6	2	1464.4	1	2
6	2	681.86	1	2
6	2	936.11	1	2
6	2	1031.2	1	2
6	2	688.41	1	2
6	2	613.57	1	2
6	2	1245	1	2
6	2	1456.6	1	2
6	2	630.48	1	2
6	2	1095.6	1	2
6	2	1058.8	1	2
6	2	715.26	1	2
6	2	1193.5	1	2
6	2	1026	1	2
6	2	679.06	1	2
6	2	1120.4	1	2
6	2	736.12	1	2
6	2	1547.3	1	2
6	2	772.18	1	2
6	2	1091.3	1	2
6	2	1208.6	1	2
6	2	1031.8	1	2
6	2	914.55	1	2
6	2	924.86	1	2
6	2	722.9	1	2
6	2	902.09	1	2
6	2	642.97	1	2
6	2	1809.7	1	2
6	2	881.32	1	2
6	2	1169.1	1	2
6	2	812.06	1	2
6	2	1066.3	1	2
6	2	649.28	1	2
6	2	975.85	1	2
6	2	1555	1	2
6	2	707.54	1	2
6	2	1027.2	1	2
6	2	624.63	1	2
6	2	1680.3	1	2
6	2	1939.2	1	2
6	2	1908.7	1	2
6	2	663.83	1	2
6	2	645.09	1	2
6	2	665.26	1	2
6	2	809.8	1	2
6	2	1306.2	1	2
6	2	1291.9	1	2
6	2	1231.7	0	2
6	2	811.36	1	2
6	2	715.83	1	2
6	2	1077.7	1	2
6	2	848.01	1	2
6	2	1232.7	1	2
6	2	965.71	1	2
6	2	907.16	1	2
6	2	982.22	1	2
6	2	1291	1	2
6	2	767.4	1	2
6	2	607.48	1	2
6	2	1434.6	1	2
6	2	1754.8	1	2
6	2	864.83	1	2
6	2	1182.9	1	2
6	2	669.55	1	2
6	2	1768.5	1	2
6	2	1187.9	1	2
6	2	959.61	1	2
6	2	1439.9	1	2
6	2	743.15	1	2
6	2	1115.8	1	2
6	2	1105.1	1	2
6	2	833.87	1	2
6	2	911.49	1	2
6	2	1382.3	1	2
6	2	770.79	1	2
6	2	1570	1	2
6	2	1103.5	1	2
6	2	1577.8	1	2
6	2	815.11	1	2
6	2	1021.6	1	2
6	2	1241.1	1	2
6	2	1200.3	1	2
6	2	678.01	1	2
6	2	837.17	1	2
6	2	780.24	1	2
6	2	1293.9	1	2
6	2	839.88	1	2
6	2	1269.6	1	2
6	2	688.45	1	2
6	2	835.79	1	2
6	2	666.6	1	2
6	2	899.73	1	2
6	2	922.6	1	2
6	2	568.9	1	2
6	2	992.23	1	2
6	2	771.28	1	2
6	2	830.12	1	2
6	2	952.31	1	2
6	2	1021.8	1	2
6	2	675.98	1	2
6	2	943.65	1	2
6	2	735.9	1	2
6	2	1092.4	1	2
6	2	727.52	0	2
6	2	676.77	1	2
6	2	447	1	2
6	2	579.89	1	2
6	2	554.52	1	2
6	2	965.76	1	2
6	2	902.38	1	2
6	2	610.67	1	2
6	2	893.2	1	2
6	2	854.31	1	2
6	2	951.57	1	2
6	2	874.11	1	2
6	2	1037.7	1	2
6	2	662.37	1	2
6	2	878.48	1	2
6	2	723.46	0	2
6	2	794.38	1	2
6	2	890.92	1	2
6	2	620.08	1	2
6	2	1364.8	1	2
6	2	687.19	1	2
6	2	682.76	1	2
6	2	839.51	1	2
6	2	996.75	1	2
6	2	706.92	1	2
6	2	693.34	1	2
6	2	718.47	1	2
6	2	677.48	1	2
6	2	607.44	1	2
6	2	865.67	1	2
6	2	662.26	1	2
6	2	694.82	1	2
6	2	790.68	1	2
6	2	700.32	1	2
6	2	832.92	1	2
6	2	644.7	1	2
6	2	682.5	1	2
6	2	840.4	1	2
6	2	1049.6	1	2
6	2	1266.9	1	2
6	2	708.57	1	2
6	2	719.76	1	2
6	2	589.37	1	2
6	2	632.79	1	2
6	2	867.02	1	2
6	2	806.4	1	2
6	2	599.02	1	2
6	2	544.31	1	2
6	2	633.74	1	2
6	2	1313.3	1	2
6	2	778.88	1	2
6	2	573.67	1	2
6	2	1205.3	1	2
6	2	675.32	1	2
6	2	610.56	1	2
6	2	572.48	1	2
6	2	501.88	1	2
6	2	592.1	1	2
6	2	840.5	1	2
6	2	1005.6	1	2
6	2	1203.2	1	2
6	2	654.88	0	2
6	2	853.91	1	2
6	2	982.36	1	2
6	2	551.59	1	2
6	2	543.38	1	2
6	2	644.03	1	2
6	2	688.46	1	2
6	2	1476.6	1	2
6	2	602.91	1	2
6	2	1026.5	1	2
6	2	586.33	1	2
6	2	573.8	1	2
6	2	651.61	1	2
6	2	675.85	1	2
6	2	700.87	1	2
6	2	858.26	1	2
6	2	974.36	1	2
6	2	821.71	1	2
6	2	2162.6	1	2
6	2	936.81	1	2
6	2	751.23	1	2
6	2	628.03	1	2
6	2	602.54	1	2
6	2	586.11	1	2
6	2	765.24	1	2
6	2	609.49	1	2
6	2	496.44	1	2
6	2	915.92	1	2
6	2	1971.7	1	3
6	2	1795.9	0	3
6	2	2552.6	1	3
6	2	1644.6	1	3
6	2	1838.9	1	3
6	2	1596.5	0	3
6	2	2271.2	0	3
6	2	1493.1	1	3
6	2	790.64	1	3
6	2	1522	1	3
6	2	1149.9	1	3
6	2	1489.3	1	3
6	2	1974.8	1	3
6	2	1969.3	1	3
6	2	1326.5	1	3
6	2	1760.3	0	3
6	2	1498.1	1	3
6	2	1794.2	1	3
6	2	1330.3	1	3
6	2	1302.4	1	3
6	2	1417.1	1	3
6	2	1423.8	1	3
6	2	1661.6	1	3
6	2	1637	1	3
6	2	1280.8	1	3
6	2	1723.9	1	3
6	2	1804.7	1	3
6	2	1295.1	1	3
6	2	1934.5	1	3
6	2	1690.9	1	3
6	2	1708.2	1	3
6	2	2059.1	1	3
6	2	1552.7	1	3
6	2	1813.1	1	3
6	2	1763.8	1	3
6	2	1458.9	1	3
6	2	1435.4	1	3
6	2	1348.2	1	3
6	2	1824.7	1	3
6	2	1353	1	3
6	2	1879.4	1	3
6	2	1466.8	1	3
6	2	1494	1	3
6	2	1562.7	1	3
6	2	1522.8	1	3
6	2	901.81	1	3
6	2	1540.3	1	3
6	2	1334.5	1	3
6	2	1145.3	1	3
6	2	1201.4	1	3
6	2	1962.9	1	3
6	2	1744.3	1	3
6	2	1982.1	1	3
6	2	1142.7	1	3
6	2	741.3	0	3
6	2	985.79	1	3
6	2	1287.7	1	3
6	2	1551.9	1	3
6	2	1173.5	1	3
6	2	1283.4	1	3
6	2	1046.6	1	3
6	2	1032.5	1	3
6	2	1265.6	1	3
6	2	1937.1	1	3
6	2	1226.6	1	3
6	2	1880.6	1	3
6	2	1617.6	1	3
6	2	1069.1	1	3
6	2	1257.2	1	3
6	2	1333	1	3
6	2	1553.4	1	3
6	2	1943.1	1	3
6	2	1688.7	1	3
6	2	1325	1	3
6	2	1753	1	3
6	2	1449.9	1	3
6	2	1491.9	1	3
6	2	1059.7	1	3
6	2	1177.2	1	3
6	2	1487.6	1	3
6	2	878.36	1	3
6	2	1253	1	3
6	2	1387.9	1	3
6	2	1400.4	1	3
6	2	1463	1	3
6	2	1201.9	1	3
6	2	1132.9	1	3
6	2	1507.5	1	3
6	2	1378	1	3
6	2	1290.5	1	3
6	2	1505.6	1	3
6	2	1100.2	1	3
6	2	1141	1	3
6	2	1793.8	1	3
6	2	1029.9	1	3
6	2	1290.5	1	3
6	2	1069.7	1	3
6	2	1494.9	1	3
6	2	1255	1	3
6	2	1104.6	1	3
6	2	1106.4	1	3
6	2	1468.1	0	3
6	2	798.89	1	3
6	2	1082	1	3
6	2	1435.4	0	3
6	2	1664.4	1	3
6	2	1951.3	0	3
6	2	934.26	1	3
6	2	1617.9	1	3
6	2	907.32	1	3
6	2	1588.8	1	3
6	2	1733.3	1	3
6	2	909.78	1	3
6	2	1993.8	1	3
6	2	962.18	1	3
6	2	1276.6	1	3
6	2	1005.8	1	3
6	2	1277	1	3
6	2	986.67	1	3
6	2	1086	1	3
6	2	1163.5	1	3
6	2	854.05	1	3
6	2	1585.9	1	3
6	2	1010.2	1	3
6	2	870.21	1	3
6	2	955.85	1	3
6	2	1066.4	1	3
6	2	1457	1	3
6	2	1018.3	1	3
6	2	993.05	1	3
6	2	1310.1	1	3
6	2	1673	1	3
6	2	1352.3	1	3
6	2	1176.9	1	3
6	2	1027.5	1	3
6	2	1705	1	3
6	2	1493.8	1	3
6	2	980.39	1	3
6	2	860.08	1	3
6	2	1326.3	1	3
6	2	1289.7	1	3
6	2	1249.4	1	3
6	2	1314.5	1	3
6	2	1616.9	1	3
6	2	1216.3	1	3
6	2	1035.7	1	3
6	2	1269	1	3
6	2	1051.8	1	3
6	2	1819.4	1	3
6	2	1116.2	1	3
6	2	955.08	1	3
6	2	1638.5	1	3
6	2	728.65	1	3
6	2	920.29	1	3
6	2	1047.5	1	3
6	2	1830.1	1	3
6	2	1508.2	1	3
6	2	520.6	1	3
6	2	1530.8	1	3
6	2	1225.1	1	3
6	2	1027	1	3
6	2	1291	1	3
6	2	1639.3	1	3
6	2	2177.2	1	3
6	2	1002.1	1	3
6	2	1643.5	1	3
6	2	1209.6	1	3
6	2	1144.4	1	3
6	2	1252.3	1	3
6	2	1063.9	1	3
6	2	953.24	1	3
6	2	839.67	1	3
6	2	1558.1	1	3
6	2	1542	1	3
6	2	1975.2	1	3
6	2	1096	1	3
6	2	1135.1	1	3
6	2	964.92	1	3
6	2	1485	1	3
6	2	2135	1	3
6	2	1633.4	1	3
6	2	893.99	0	3
6	2	1543.4	1	3
6	2	919.54	1	3
6	2	1149.9	1	3
6	2	1581.3	1	3
6	2	1646.1	1	3
6	2	1697	1	3
6	2	1058.1	1	3
6	2	1177.8	1	3
6	2	1072.3	1	3
6	2	1150	1	3
6	2	1922.2	1	3
6	2	897.5	1	3
6	2	1449.9	1	3
6	2	1381	1	3
6	2	838.77	1	3
6	2	1071.6	1	3
6	2	646.6	1	3
6	2	1591	1	3
6	2	1152.3	1	3
6	2	846.51	1	3
6	2	1473.4	1	3
6	2	910.07	1	3
6	2	1012.6	1	3
6	2	1036.7	1	3
6	2	1003.4	1	3
6	2	948.64	1	3
6	2	902.9	1	3
6	2	696.07	1	3
6	2	1045.8	1	3
6	2	917.81	1	3
6	2	1610	1	3
6	2	1340.5	1	3
6	2	1352.3	1	3
6	2	1777.1	1	3
6	2	852.53	1	3
6	2	1236.6	1	3
6	2	1523.4	1	3
6	2	1311.3	1	3
6	2	1798.3	1	3
6	2	1373.8	1	3
6	2	1271.5	1	3
6	2	1272.4	1	3
6	2	1472.8	1	3
6	2	1135.8	1	3
6	2	1343.3	1	3
6	2	1472.9	1	3
6	2	681.77	0	3
6	2	862.69	1	3
6	2	1271.3	1	3
6	2	1005.1	1	3
6	2	1061.2	1	3
6	2	1546.2	1	3
6	2	1212.9	1	3
6	2	1017.6	1	3
6	2	834.65	1	3
6	2	1876.1	1	3
6	2	677.69	1	3
6	2	944.12	1	3
6	2	1071.4	1	3
6	2	1272.9	1	3
6	2	887.54	1	3
6	2	1094.4	1	3
6	2	847.42	1	3
6	2	1751	1	3
6	2	1527.9	1	3
6	2	788.8	1	3
6	2	1050.3	1	3
6	2	717.06	1	3
6	2	1026.4	1	3
6	2	996.03	1	3
6	2	779.63	1	3
6	2	1340.8	1	3
6	2	851.53	1	3
6	2	545.2	1	3
6	2	938.34	1	3
6	2	843.38	1	3
6	2	1374.1	1	3
6	2	905.83	1	3
6	2	1186.3	1	3
6	2	1071.8	1	3
6	2	738.25	1	3
6	2	646.24	0	3
6	2	1612.9	1	3
6	2	1057.2	1	3
6	2	915.68	1	3
6	2	776.35	1	3
6	2	641.39	1	3
6	2	906.03	1	3
6	2	2427.2	1	3
6	2	739.13	1	3
6	2	1040.8	1	3
6	2	967.58	1	3
6	2	886.15	1	3
6	2	1002.1	1	3
6	2	919.72	1	3
6	2	622.96	1	3
6	2	979.15	1	3
6	2	884.53	1	3
6	2	890.47	1	3
6	2	993.92	1	3
6	2	970.22	1	3
6	2	1372.9	1	3
6	2	671.88	0	3
6	2	1175.6	1	3
6	2	1038	1	3
6	2	1327.7	1	3
6	2	982.43	1	3
6	2	853.36	1	3
6	2	699.64	1	3
6	2	640.67	1	3
6	2	778.33	1	3
6	2	828.92	1	3
6	2	607.81	1	3
6	2	650.1	1	3
6	2	767.12	1	3
6	2	664.03	1	3
6	2	1544.1	1	3
6	2	750.74	1	3
6	2	694.43	1	3
6	2	791.03	1	3
6	2	1239.9	1	3
6	2	1339.9	1	3
6	2	2339.6	1	3
6	2	876.54	1	3
6	2	935.72	1	3
6	2	848.74	1	3
6	2	798.53	1	3
6	2	767.3	1	3
6	2	737.78	1	3
6	2	942.12	1	3
6	2	1090	1	3
6	2	1253.2	1	3
6	2	1011.5	1	3
6	2	1256.9	1	3
6	2	1146	0	3
6	2	806.64	1	3
6	2	849.95	1	3
6	2	796.31	1	3
6	2	623.43	1	3
6	2	579.78	1	3
6	2	1209.2	1	3
6	2	644.27	1	3
6	2	803.97	1	3
6	2	730.39	1	3
6	2	574.28	1	3
6	2	623.51	0	3
6	2	1234.1	1	3
6	2	1632.5	1	3
6	2	662.36	1	3
6	2	604.7	0	3
6	2	895.4	1	3
6	2	560.55	1	3
6	2	1251.4	1	3
6	2	1652.4	1	3
6	2	653.73	1	3
6	2	854.36	1	3
6	2	656.87	1	3
6	2	700.62	1	3
6	2	670.44	1	3
6	2	774.52	1	3
6	2	745.89	1	3
6	2	943.95	1	3
6	2	1158.8	1	3
6	2	735.14	1	3
6	2	903.67	1	3
6	2	811.73	1	3
6	2	791	1	3
6	2	963.19	1	3
6	2	1968.7	0	4
6	2	2915.5	1	4
6	2	1701.8	0	4
6	2	934.46	0	4
6	2	1245.1	1	4
6	2	2105.5	0	4
6	2	1659	1	4
6	2	1259	1	4
6	2	1169.9	1	4
6	2	1994.8	0	4
6	2	1152.1	0	4
6	2	1515.3	1	4
6	2	1929.3	1	4
6	2	1504.3	1	4
6	2	2232	1	4
6	2	1193.3	0	4
6	2	1769.3	1	4
6	2	1547.1	1	4
6	2	1636.6	0	4
6	2	1441.3	0	4
6	2	1749.2	1	4
6	2	1571.5	1	4
6	2	1436	0	4
6	2	1292.8	1	4
6	2	1345.4	1	4
6	2	1180.1	1	4
6	2	2008.4	1	4
6	2	2025	1	4
6	2	1853.7	1	4
6	2	1887.8	1	4
6	2	1536.7	1	4
6	2	1612.6	1	4
6	2	1809.8	1	4
6	2	2179	1	4
6	2	1471.4	1	4
6	2	1563.1	0	4
6	2	1242.1	0	4
6	2	1591.5	1	4
6	2	1405.8	1	4
6	2	665.09	0	4
6	2	1351.5	1	4
6	2	1587.3	1	4
6	2	1328.4	1	4
6	2	1383.4	1	4
6	2	1291.7	0	4
6	2	1344.6	1	4
6	2	1121.3	1	4
6	2	1121.6	1	4
6	2	1860.8	1	4
6	2	2119.2	1	4
6	2	1493.8	1	4
6	2	1684.6	1	4
6	2	802.37	1	4
6	2	1311.3	1	4
6	2	990.36	1	4
6	2	1619.4	1	4
6	2	1500.1	1	4
6	2	1320.9	1	4
6	2	1288.4	1	4
6	2	1745.6	1	4
6	2	1551.4	1	4
6	2	1041.8	1	4
6	2	1190.5	1	4
6	2	1341.5	1	4
6	2	1861.2	1	4
6	2	1827.9	1	4
6	2	1636.7	1	4
6	2	2070.1	1	4
6	2	897.63	0	4
6	2	815.04	0	4
6	2	2141	1	4
6	2	1443.9	1	4
6	2	1568.6	0	4
6	2	1541.2	1	4
6	2	1148.6	1	4
6	2	1552.8	1	4
6	2	1593.1	1	4
6	2	1441	1	4
6	2	1365.1	1	4
6	2	2003.5	1	4
6	2	1750.8	1	4
6	2	1830.5	1	4
6	2	1493.7	1	4
6	2	1356.3	1	4
6	2	1640.1	1	4
6	2	1534.3	1	4
6	2	1525.7	1	4
6	2	1089.7	1	4
6	2	1233.9	1	4
6	2	1383.4	1	4
6	2	1472.1	1	4
6	2	1357.5	1	4
6	2	1579.4	0	4
6	2	1256.1	1	4
6	2	2242.3	1	4
6	2	975.27	1	4
6	2	2024	1	4
6	2	1483.4	1	4
6	2	1507.5	1	4
6	2	1182.7	1	4
6	2	857.97	1	4
6	2	998.98	1	4
6	2	1609.9	1	4
6	2	1532.9	1	4
6	2	1711.2	1	4
6	2	1972.3	1	4
6	2	554.7	0	4
6	2	1821.4	1	4
6	2	1159.3	0	4
6	2	940.63	0	4
6	2	2134.1	1	4
6	2	1062	0	4
6	2	1478.3	1	4
6	2	1118.4	1	4
6	2	1715.7	1	4
6	2	1121.4	0	4
6	2	892.87	0	4
6	2	1539.1	1	4
6	2	1691.6	1	4
6	2	1615.8	1	4
6	2	1865	1	4
6	2	1668.5	1	4
6	2	1062	1	4
6	2	1274.6	1	4
6	2	1095.7	1	4
6	2	798.28	0	4
6	2	1220.2	1	4
6	2	860.97	1	4
6	2	847.64	1	4
6	2	890.8	0	4
6	2	958.32	1	4
6	2	1272.1	1	4
6	2	907.83	1	4
6	2	1572.2	1	4
6	2	1457.3	1	4
6	2	846.27	1	4
6	2	970.21	1	4
6	2	1360.4	1	4
6	2	966.21	1	4
6	2	1685	1	4
6	2	1324.5	1	4
6	2	710.78	1	4
6	2	1230.3	1	4
6	2	1322.1	1	4
6	2	1553.6	1	4
6	2	1313.2	1	4
6	2	1134	1	4
6	2	1241.2	1	4
6	2	1913.6	1	4
6	2	1400.1	1	4
6	2	1348.3	1	4
6	2	722.74	0	4
6	2	1363	1	4
6	2	1279.5	1	4
6	2	750.08	0	4
6	2	976.57	1	4
6	2	1169.3	0	4
6	2	1309	1	4
6	2	1187.1	1	4
6	2	1190.5	1	4
6	2	1888.4	1	4
6	2	916.62	0	4
6	2	1313.4	1	4
6	2	1526.5	1	4
6	2	2371	1	4
6	2	1831.1	1	4
6	2	855.65	0	4
6	2	1602.2	1	4
6	2	1882.1	1	4
6	2	1444.2	1	4
6	2	1279.8	1	4
6	2	2043.6	1	4
6	2	1596.2	1	4
6	2	1511.7	1	4
6	2	1237.9	1	4
6	2	1631.2	0	4
6	2	1039.9	1	4
6	2	1707.5	1	4
6	2	1563.4	1	4
6	2	1342	1	4
6	2	1915.9	1	4
6	2	1609.7	1	4
6	2	1428.4	0	4
6	2	1323.1	1	4
6	2	1291.8	1	4
6	2	1640.4	1	4
6	2	1432.2	1	4
6	2	1358.4	1	4
6	2	632.68	0	4
6	2	1956.4	1	4
6	2	1690.1	1	4
6	2	1564.2	1	4
6	2	1035.7	1	4
6	2	995.65	0	4
6	2	1756.9	1	4
6	2	1351.3	0	4
6	2	1336.8	1	4
6	2	1633	1	4
6	2	1047.2	1	4
6	2	1083	1	4
6	2	1197.3	1	4
6	2	773.24	0	4
6	2	908.25	0	4
6	2	923.8	0	4
6	2	1686.7	1	4
6	2	1897.3	1	4
6	2	1334	1	4
6	2	1044.8	1	4
6	2	1273.5	1	4
6	2	1272.4	1	4
6	2	1788.8	1	4
6	2	1287.3	1	4
6	2	995.82	1	4
6	2	1419	1	4
6	2	1232.4	1	4
6	2	1273.2	1	4
6	2	1291.6	1	4
6	2	1324.5	1	4
6	2	1528	1	4
6	2	1344.4	1	4
6	2	1278.7	1	4
6	2	1370.1	1	4
6	2	2023.5	1	4
6	2	1679	1	4
6	2	1057.6	1	4
6	2	1351.7	1	4
6	2	1691.1	1	4
6	2	1609.5	1	4
6	2	2036.8	1	4
6	2	1535.6	1	4
6	2	1099	1	4
6	2	1884.9	1	4
6	2	2061	1	4
6	2	1445.5	1	4
6	2	1287.5	1	4
6	2	1043.4	1	4
6	2	1221.1	1	4
6	2	1445.4	1	4
6	2	1445.1	1	4
6	2	1129.2	1	4
6	2	1722.3	1	4
6	2	1369	1	4
6	2	1065.9	1	4
6	2	1511.8	1	4
6	2	810.45	1	4
6	2	1042.5	1	4
6	2	1309.3	1	4
6	2	1076.1	1	4
6	2	762.85	1	4
6	2	743.84	1	4
6	2	809.99	1	4
6	2	1020.1	1	4
6	2	744.91	1	4
6	2	970.46	1	4
6	2	680.58	1	4
6	2	1492.7	1	4
6	2	1276.4	1	4
6	2	1120.9	1	4
6	2	1175.1	1	4
6	2	1127	1	4
6	2	1064.8	1	4
6	2	936.71	1	4
6	2	1377.2	1	4
6	2	1080.8	0	4
6	2	1030.9	1	4
6	2	1339.3	1	4
6	2	1523.8	1	4
6	2	985.39	1	4
6	2	1027.6	1	4
6	2	994.31	1	4
6	2	1047.2	1	4
6	2	1263.3	1	4
6	2	1137	1	4
6	2	1027.5	1	4
6	2	1006	1	4
6	2	832.35	1	4
6	2	842.2	1	4
6	2	946.55	1	4
6	2	1200.7	1	4
6	2	1077.6	1	4
6	2	1741.9	1	4
6	2	1046.6	1	4
6	2	774.54	1	4
6	2	1078.2	1	4
6	2	875.48	1	4
6	2	1571.4	1	4
6	2	1957.3	1	4
6	2	956	1	4
6	2	1150.2	1	4
6	2	1720.4	1	4
6	2	1133.4	1	4
6	2	750.14	1	4
6	2	1876.4	1	4
6	2	1112.4	1	4
6	2	1439.3	1	4
6	2	931.23	1	4
6	2	943.04	1	4
6	2	1657.8	1	4
6	2	943.28	1	4
6	2	982.42	1	4
6	2	1152.9	1	4
6	2	798.41	0	4
6	2	1456.9	1	4
6	2	1581.5	1	4
6	2	1300.1	1	4
6	2	901.22	1	4
6	2	936.66	1	4
6	2	883.19	1	4
6	2	1158	1	4
6	2	1268.5	1	4
6	2	710.8	1	4
6	2	836.79	1	4
6	2	904.37	1	4
6	2	2386.7	1	4
6	2	1118.4	1	4
6	2	1679.2	1	4
6	2	1234.6	1	4
6	2	825.05	1	4
6	2	853.43	1	4
6	2	507.94	0	4
6	2	1582.8	1	4
6	2	1074.5	1	4
6	2	700.69	1	4
6	2	817.34	1	4
6	2	1194.9	1	4
6	2	756.62	1	4
6	2	907.16	1	4
6	2	1150.2	0	4
6	2	1714.8	1	4
6	2	663.29	1	4
6	2	1019.5	1	4
6	2	974.55	1	4
6	2	1237.2	1	4
6	2	1369.2	1	4
6	2	736.2	1	4
6	2	962.91	1	4
6	2	1148.3	0	4
6	2	1216.2	1	4
6	2	1228.1	1	4
6	2	1048.9	1	4
6	2	903.85	1	4
6	2	841.08	1	4
6	2	958.17	1	4
6	2	761.43	1	4
6	2	1207.6	1	4
6	2	872.6	0	4
6	2	790.48	1	4
6	2	898.65	1	4
6	2	1486	1	4
6	2	833.72	1	4
6	2	2216.1	0	5
6	2	1292	0	5
6	2	1854.2	0	5
6	2	1366	1	5
6	2	1427.4	1	5
6	2	1589.5	1	5
6	2	1920.9	0	5
6	2	1343.9	0	5
6	2	2254.5	1	5
6	2	1353.3	1	5
6	2	1900	0	5
6	2	2010	0	5
6	2	1013.5	1	5
6	2	1661.4	1	5
6	2	2306	0	5
6	2	1152.7	1	5
6	2	1233.7	1	5
6	2	1169	1	5
6	2	1123.8	1	5
6	2	1313.3	1	5
6	2	1275.8	1	5
6	2	1970.1	0	5
6	2	1385	0	5
6	2	1502.5	0	5
6	2	1290.3	1	5
6	2	1163.7	1	5
6	2	1361	1	5
6	2	2317.5	1	5
6	2	1941.7	1	5
6	2	1255.9	1	5
6	2	1409.9	1	5
6	2	1514.8	1	5
6	2	1046.5	1	5
6	2	1371.9	1	5
6	2	1570.4	0	5
6	2	1249.2	1	5
6	2	1760.8	0	5
6	2	1320.6	1	5
6	2	1076.3	1	5
6	2	999.72	1	5
6	2	1917.6	1	5
6	2	1200.9	1	5
6	2	1573.9	0	5
6	2	1118.6	1	5
6	2	967.57	1	5
6	2	1240.8	0	5
6	2	1847.9	0	5
6	2	1656	1	5
6	2	1013.1	1	5
6	2	1131	1	5
6	2	1379	1	5
6	2	1071.5	1	5
6	2	1064.3	1	5
6	2	882.51	1	5
6	2	972.08	1	5
6	2	1398.2	1	5
6	2	1187.8	1	5
6	2	965.38	1	5
6	2	1058	1	5
6	2	1166.2	1	5
6	2	1061	1	5
6	2	1367.5	1	5
6	2	1582.7	1	5
6	2	2336.7	1	5
6	2	832.9	1	5
6	2	881.05	1	5
6	2	1384.8	1	5
6	2	859.48	1	5
6	2	837.54	1	5
6	2	896.72	1	5
6	2	1113.8	1	5
6	2	1040	1	5
6	2	1020.6	1	5
6	2	1275.5	1	5
6	2	1418.9	1	5
6	2	786.06	1	5
6	2	1037.5	1	5
6	2	2171.5	1	5
6	2	1105	1	5
6	2	2836.8	1	5
6	2	1087.5	1	5
6	2	867.62	1	5
6	2	1324.9	1	5
6	2	1053.8	1	5
6	2	2232	0	5
6	2	1945.2	1	5
6	2	1182.4	0	5
6	2	2052.5	1	5
6	2	993	1	5
6	2	885.1	1	5
6	2	1802.7	0	5
6	2	2288.3	1	5
6	2	1578.5	0	5
6	2	998.57	1	5
6	2	830.43	1	5
6	2	937.33	1	5
6	2	1241.7	0	5
6	2	917.62	1	5
6	2	1261.7	1	5
6	2	1446.5	0	5
6	2	1313.9	1	5
6	2	624.44	0	5
6	2	1286.9	1	5
6	2	538.75	0	5
6	2	1528.1	1	5
6	2	904.37	1	5
6	2	1196.8	1	5
6	2	1011.5	1	5
6	2	868.15	1	5
6	2	815.81	1	5
6	2	1563.5	1	5
6	2	1673	1	5
6	2	600.2	1	5
6	2	1237.1	1	5
6	2	894.82	1	5
6	2	896.53	1	5
6	2	766.44	1	5
6	2	938.73	1	5
6	2	791.48	1	5
6	2	773.56	1	5
6	2	1021.2	1	5
6	2	832.11	1	5
6	2	2206.2	1	5
6	2	1586.9	1	5
6	2	967.95	1	5
6	2	2157.7	0	5
6	2	1742.8	0	5
6	2	1034.3	1	5
6	2	862.49	1	5
6	2	946.56	1	5
6	2	1081.7	1	5
6	2	939.6	1	5
6	2	817.14	1	5
6	2	970.79	1	5
6	2	1019.5	1	5
6	2	1520.1	1	5
6	2	594.22	1	5
6	2	1021.9	1	5
6	2	754.02	1	5
6	2	817.69	1	5
6	2	1135.2	1	5
6	2	1427.1	1	5
6	2	1481.1	1	5
6	2	767.13	1	5
6	2	1076.5	1	5
6	2	1251.1	1	5
6	2	1120.2	1	5
6	2	1061.2	1	5
6	2	1020	1	5
6	2	995.47	1	5
6	2	886.67	1	5
6	2	715.1	1	5
6	2	707.42	1	5
6	2	844.71	1	5
6	2	1022.9	1	5
6	2	1002	1	5
6	2	825.04	1	5
6	2	695.1	1	5
6	2	1509.2	1	5
6	2	869.23	1	5
6	2	1435.3	1	5
6	2	878.43	1	5
6	2	1324.3	1	5
6	2	1237.1	1	5
6	2	782.55	1	5
6	2	720.95	1	5
6	2	743.33	1	5
6	2	786.5	1	5
6	2	701.67	1	5
6	2	910.7	1	5
6	2	1029.7	1	5
6	2	1133.6	1	5
6	2	745.26	1	5
6	2	1310	1	5
6	2	613.69	1	5
6	2	702.85	1	5
6	2	1223.1	0	5
6	2	1290.2	1	5
6	2	958.59	1	5
6	2	1208.8	1	5
6	2	827.54	1	5
6	2	694.96	1	5
6	2	736.53	1	5
6	2	1651.8	1	5
6	2	821.85	1	5
6	2	713.85	1	5
6	2	950.4	1	5
6	2	843.04	1	5
6	2	1265.6	1	5
6	2	1789.4	1	5
6	2	1464.2	1	5
6	2	1085.3	1	5
6	2	1289.9	1	5
6	2	1909.1	1	5
6	2	1036.1	1	5
6	2	1311.5	1	5
6	2	877.3	1	5
6	2	1414.9	0	5
6	2	958.47	1	5
6	2	666	0	5
6	2	858.24	0	5
6	2	676.48	1	5
6	2	1098.1	1	5
6	2	1044.5	1	5
6	2	1171.1	1	5
6	2	848.86	1	5
6	2	871.16	1	5
6	2	745.83	1	5
6	2	1182.8	1	5
6	2	1149.4	1	5
6	2	1026.1	1	5
6	2	1885.8	1	5
6	2	892.39	1	5
6	2	978.17	1	5
6	2	971.4	1	5
6	2	1136.8	1	5
6	2	919.01	1	5
6	2	996.63	1	5
6	2	670.66	1	5
6	2	1273.4	0	5
6	2	747.67	1	5
6	2	1494.9	1	5
6	2	1124	1	5
6	2	977.24	1	5
6	2	2385	1	5
6	2	986.56	1	5
6	2	976.35	1	5
6	2	1650.8	1	5
6	2	1088.5	0	5
6	2	1197.9	1	5
6	2	837.34	1	5
6	2	753.97	1	5
6	2	1431.2	1	5
6	2	1330.7	1	5
6	2	1508.7	1	5
6	2	844.91	1	5
6	2	1029.3	1	5
6	2	968.97	1	5
6	2	1166.6	1	5
6	2	760.55	1	5
6	2	777.43	1	5
6	2	996.01	1	5
6	2	796.4	1	5
6	2	1238.4	1	5
6	2	817.81	1	5
6	2	952.57	1	5
6	2	1272.9	1	5
6	2	631.36	1	5
6	2	770.52	1	5
6	2	806.8	1	5
6	2	764.82	1	5
6	2	839.08	1	5
6	2	1014.7	0	5
6	2	656.14	1	5
6	2	848.74	1	5
6	2	1282.3	0	5
6	2	829.82	1	5
6	2	655.44	1	5
6	2	1476	0	5
6	2	827.51	1	5
6	2	1468.4	0	5
6	2	815.6	1	5
6	2	671.39	1	5
6	2	1319.2	0	5
6	2	1042.7	1	5
6	2	800.99	1	5
6	2	1334.9	1	5
6	2	1325.5	1	5
6	2	850.25	1	5
6	2	814.9	1	5
6	2	953.91	1	5
6	2	703.48	1	5
6	2	725.07	1	5
6	2	826.81	1	5
6	2	652.46	0	5
6	2	886.57	1	5
6	2	2155.7	0	5
6	2	864.88	1	5
6	2	717.49	1	5
6	2	966.74	1	5
6	2	608.88	1	5
6	2	726.8	1	5
6	2	784.97	1	5
6	2	951.8	1	5
6	2	629.7	1	5
6	2	881.97	1	5
6	2	667.24	1	5
6	2	989.39	1	5
6	2	829.15	1	5
6	2	660.16	1	5
6	2	621.35	1	5
6	2	836.81	1	5
6	2	617.93	1	5
6	2	1216	1	5
6	2	628.13	1	5
6	2	804.92	1	5
6	2	825.07	1	5
6	2	632.25	1	5
6	2	744.19	1	5
6	2	1179.7	0	5
6	2	1418.7	1	5
6	2	669.67	0	5
6	2	638.93	0	5
6	2	1322.1	0	5
6	2	630.49	0	5
6	2	1169.1	0	5
6	2	750.29	1	5
6	2	1305.8	0	5
6	2	1628.2	1	5
6	2	1007.4	0	5
6	2	977.67	1	5
6	2	1704.3	1	5
6	2	890.01	1	5
6	2	760.11	1	5
6	2	970.15	1	5
6	2	599.97	1	5
6	2	603.69	1	5
6	2	525.2	1	5
6	2	1032.5	0	5
6	2	1084.8	1	5
6	2	1128	1	5
6	2	845.87	1	5
6	2	688.61	1	5
6	2	941.45	1	5
6	2	625.42	0	5
6	2	1140.2	1	5
6	2	1579.2	1	5
6	2	1010.9	1	5
6	2	1165.5	1	5
6	2	593.32	1	5
6	2	700.81	1	5
6	2	1077.9	1	5
6	2	829.66	1	5
6	2	916.16	1	5
6	2	715.75	1	5
6	2	743.27	1	5
6	2	764.78	1	5
6	2	888.92	1	5
6	2	1675.6	1	5
6	2	517.75	1	5
6	2	679.26	1	5
6	2	1078.6	0	5
6	2	667.6	1	5
6	2	624.51	1	5
6	2	669.17	1	5
6	2	720.77	1	5
6	2	570.45	1	5
6	2	578.46	1	5
6	2	996.93	0	6
6	2	1097.7	1	6
6	2	1500.3	1	6
6	2	1405.9	1	6
6	2	1494.7	1	6
6	2	2044.5	1	6
6	2	1258	1	6
6	2	1088.1	1	6
6	2	879.39	1	6
6	2	754.12	1	6
6	2	829.07	1	6
6	2	778.3	1	6
6	2	1605.5	1	6
6	2	1237	1	6
6	2	1258.4	1	6
6	2	1253	1	6
6	2	1307	1	6
6	2	698.9	1	6
6	2	1029.5	1	6
6	2	2144.7	0	6
6	2	1132.7	1	6
6	2	955.53	1	6
6	2	900.7	1	6
6	2	1058.9	1	6
6	2	1757.8	0	6
6	2	1754.3	1	6
6	2	1488.2	1	6
6	2	1487.9	1	6
6	2	1548.2	1	6
6	2	1104.3	1	6
6	2	1209.8	1	6
6	2	1092	1	6
6	2	2086.7	1	6
6	2	1296.8	1	6
6	2	1211.6	1	6
6	2	1266.3	1	6
6	2	1123.9	1	6
6	2	894.02	1	6
6	2	867.46	1	6
6	2	1332.6	1	6
6	2	1284.5	1	6
6	2	1653.3	1	6
6	2	1419.8	1	6
6	2	975.47	1	6
6	2	1043	1	6
6	2	902.24	1	6
6	2	819.46	1	6
6	2	856.11	1	6
6	2	676.09	1	6
6	2	1012.7	1	6
6	2	765.54	1	6
6	2	1007.8	1	6
6	2	1393	1	6
6	2	1240.4	1	6
6	2	1039.2	1	6
6	2	1424.2	1	6
6	2	1109.5	1	6
6	2	1490.5	1	6
6	2	1190	1	6
6	2	1138.8	1	6
6	2	1444.3	1	6
6	2	1365.5	1	6
6	2	1179	0	6
6	2	1672.8	1	6
6	2	1028.4	1	6
6	2	1260.2	1	6
6	2	1708.7	1	6
6	2	1753.6	1	6
6	2	1067	1	6
6	2	1426.9	1	6
6	2	1231.6	1	6
6	2	2502.7	0	6
6	2	899.88	1	6
6	2	2312.6	1	6
6	2	1262.7	1	6
6	2	1652.8	1	6
6	2	930.44	1	6
6	2	1872.5	0	6
6	2	1046.1	1	6
6	2	706.55	1	6
6	2	764.84	1	6
6	2	1227.8	1	6
6	2	1288.6	1	6
6	2	1358.8	1	6
6	2	1608.5	1	6
6	2	954.96	1	6
6	2	2390.4	0	6
6	2	1540.9	1	6
6	2	2171.1	0	6
6	2	1216.7	1	6
6	2	1752	1	6
6	2	1128.7	1	6
6	2	1089.9	1	6
6	2	1640.4	0	6
6	2	1257.7	1	6
6	2	1086.4	0	6
6	2	800.12	1	6
6	2	789.98	1	6
6	2	2183.4	1	6
6	2	1063.6	1	6
6	2	1000.7	0	6
6	2	1812.2	0	6
6	2	833.21	1	6
6	2	616.61	1	6
6	2	747.11	0	6
6	2	854.9	1	6
6	2	1140.5	1	6
6	2	1185.3	1	6
6	2	1274.9	1	6
6	2	844.01	1	6
6	2	2362.6	0	6
6	2	718.61	1	6
6	2	2120.8	1	6
6	2	863.55	1	6
6	2	1064	1	6
6	2	1159.4	1	6
6	2	741.05	1	6
6	2	1146.3	1	6
6	2	906.92	1	6
6	2	1884.2	1	6
6	2	1119.6	1	6
6	2	1154.6	1	6
6	2	1054.6	1	6
6	2	2208	0	6
6	2	789.95	1	6
6	2	1270	1	6
6	2	1870.6	1	6
6	2	1260	1	6
6	2	729.68	1	6
6	2	927.41	1	6
6	2	1716.8	0	6
6	2	1195.9	1	6
6	2	1366.4	1	6
6	2	871.41	1	6
6	2	855.13	1	6
6	2	726.59	1	6
6	2	892.02	1	6
6	2	937.26	1	6
6	2	1977.3	1	6
6	2	609.95	1	6
6	2	2009.2	1	6
6	2	914.33	1	6
6	2	1965.5	1	6
6	2	1453.1	1	6
6	2	860.78	1	6
6	2	2085.4	1	6
6	2	1281.3	1	6
6	2	1251.7	1	6
6	2	1557.1	1	6
6	2	1427	1	6
6	2	1238.3	1	6
6	2	1600.1	0	6
6	2	882.15	1	6
6	2	845.49	1	6
6	2	809.8	1	6
6	2	1498.4	0	6
6	2	1072.1	1	6
6	2	1780.1	1	6
6	2	1514.5	1	6
6	2	1169.4	1	6
6	2	934.11	1	6
6	2	1940.9	0	6
6	2	617.39	1	6
6	2	1770.5	1	6
6	2	1510	1	6
6	2	1421.8	1	6
6	2	1364.8	1	6
6	2	885.55	1	6
6	2	831.84	1	6
6	2	962.79	1	6
6	2	1640.2	1	6
6	2	895.2	1	6
6	2	2224.1	0	6
6	2	2026.6	1	6
6	2	1834.2	0	6
6	2	1005.3	1	6
6	2	793.38	1	6
6	2	741.16	1	6
6	2	1460.4	1	6
6	2	1839.5	0	6
6	2	668.9	1	6
6	2	924.84	1	6
6	2	2454.1	1	6
6	2	693.99	1	6
6	2	1407.6	1	6
6	2	922.93	1	6
6	2	2603.2	0	6
6	2	790.67	1	6
6	2	748.33	1	6
6	2	710.64	1	6
6	2	867.43	1	6
6	2	2223	1	6
6	2	2229.3	1	6
6	2	2231.2	1	6
6	2	1295.1	0	6
6	2	2058.8	1	6
6	2	1014.8	1	6
6	2	2238	1	6
6	2	893.79	0	6
6	2	888.84	1	6
6	2	774.54	0	6
6	2	725.62	1	6
6	2	973.01	1	6
6	2	1333	1	6
6	2	770.72	1	6
6	2	681.97	1	6
6	2	1464.4	1	6
6	2	657.31	1	6
6	2	1059	1	6
6	2	827.51	1	6
6	2	1577.2	1	6
6	2	1952.1	1	6
6	2	730.89	1	6
6	2	782.2	1	6
6	2	911.25	1	6
6	2	1021	1	6
6	2	798.74	1	6
6	2	949.95	1	6
6	2	813.64	1	6
6	2	1250	1	6
6	2	1406.7	1	6
6	2	940.04	1	6
6	2	1225.6	1	6
6	2	2211.4	1	6
6	2	1297.4	1	6
6	2	2402.1	1	6
6	2	1504	1	6
6	2	1019.3	1	6
6	2	894.71	1	6
6	2	956.92	1	6
6	2	1078.4	1	6
6	2	1213.6	0	6
6	2	776.52	1	6
6	2	676.05	1	6
6	2	894.18	1	6
6	2	1659.6	1	6
6	2	765.58	1	6
6	2	1047.5	1	6
6	2	615.81	1	6
6	2	740.9	1	6
6	2	835.99	1	6
6	2	1022.1	1	6
6	2	773.85	1	6
6	2	854.03	1	6
6	2	1251.3	1	6
6	2	1413.7	1	6
6	2	1183	1	6
6	2	926.72	1	6
6	2	1682.2	1	6
6	2	877.64	1	6
6	2	570.23	1	6
6	2	619	1	6
6	2	692.94	1	6
6	2	714.63	1	6
6	2	1356	0	6
6	2	593.87	1	6
6	2	1360.2	0	6
6	2	783.96	1	6
6	2	1956.7	1	6
6	2	701.81	1	6
6	2	966.34	0	6
6	2	579.67	1	6
6	2	951.41	1	6
6	2	973.62	1	6
6	2	1183.3	1	6
6	2	973.89	1	6
6	2	851.5	1	6
6	2	769.93	1	6
6	2	672.29	1	6
6	2	1454.7	1	6
6	2	1353.9	1	6
6	2	798.18	1	6
6	2	746.56	1	6
6	2	834.31	1	6
6	2	700.6	1	6
6	2	650.98	1	6
6	2	1575.4	1	6
6	2	818.9	1	6
6	2	643.81	1	6
6	2	1073.1	1	6
6	2	544.3	1	6
6	2	872.82	1	6
6	2	727.94	1	6
6	2	709.73	1	6
6	2	1925	1	6
6	2	767.58	1	6
6	2	878.77	1	6
6	2	715.3	1	6
6	2	789.38	1	6
6	2	754.23	1	6
6	2	689.8	1	6
6	2	692.27	1	6
6	2	988.05	1	6
6	2	585.8	1	6
6	2	653.86	1	6
6	2	722.18	1	6
6	2	2008.5	1	6
6	2	951.11	1	6
6	2	813.99	1	6
6	2	595.4	1	6
6	2	1657.9	0	6
6	2	669.39	1	6
6	2	993.91	0	6
6	2	1869.5	1	6
6	2	1007.3	1	6
6	2	728.35	1	6
6	2	820.76	1	6
6	2	1125.4	0	6
6	2	1554.2	0	6
6	2	873.07	1	6
6	2	1245.4	1	6
6	2	789.3	1	6
6	2	1029.8	1	6
6	2	713.54	1	6
6	2	1075.1	1	6
6	2	724.11	1	6
6	2	561.68	1	6
6	2	534.01	1	6
6	2	704.84	1	6
6	2	1557.2	0	6
6	2	1135.3	1	6
6	2	1517.4	1	6
6	2	706.38	1	6
6	2	1112.1	1	6
6	2	778.97	1	6
6	2	1009	1	6
6	2	1459.8	1	6
6	2	604.5	1	6
6	2	759.89	1	6
6	2	948.84	1	6
6	2	831.85	1	6
6	2	1337.5	1	6
6	2	825.23	1	6
6	2	620.94	1	6
6	2	663.55	1	6
6	2	955.92	0	6
6	2	1636	0	6
6	2	872.7	1	6
6	2	987.13	1	6
6	2	720.87	1	6
6	2	975.12	1	6
6	2	739.05	1	6
6	2	682.51	1	6
6	2	1182.7	0	6
6	2	680.75	1	6
6	2	535.35	1	6
6	2	654.99	1	6
6	2	538.32	1	6
6	2	897.36	1	6
6	2	668.28	1	6
6	2	1703.3	1	7
6	2	1085.7	1	7
6	2	758.25	1	7
6	2	1473.5	0	7
6	2	1328.8	0	7
6	2	2160	0	7
6	2	1094	1	7
6	2	1386	1	7
6	2	1310.1	1	7
6	2	2042.8	1	7
6	2	2122.1	1	7
6	2	1758	0	7
6	2	827.77	1	7
6	2	1783.7	0	7
6	2	2121.4	1	7
6	2	1259.4	1	7
6	2	2170.4	0	7
6	2	1073	1	7
6	2	1968.3	1	7
6	2	1341.6	1	7
6	2	2241	1	7
6	2	1623.5	0	7
6	2	1508.4	1	7
6	2	1928.8	1	7
6	2	1277.7	1	7
6	2	1746.7	1	7
6	2	1441.9	1	7
6	2	2307.4	1	7
6	2	1792.3	1	7
6	2	2491.7	0	7
6	2	1686.3	1	7
6	2	1873	1	7
6	2	1874.9	1	7
6	2	1567.2	1	7
6	2	994.28	1	7
6	2	988.8	1	7
6	2	743.29	1	7
6	2	575.76	1	7
6	2	886.03	1	7
6	2	1270.7	1	7
6	2	648.61	1	7
6	2	1331.9	1	7
6	2	1336.4	1	7
6	2	1748.8	1	7
6	2	1796.4	1	7
6	2	1728.3	1	7
6	2	1362	1	7
6	2	1945.3	0	7
6	2	2010.8	1	7
6	2	1413.1	1	7
6	2	763.11	1	7
6	2	542.8	1	7
6	2	1168.2	1	7
6	2	558.35	1	7
6	2	1565.9	1	7
6	2	715.93	1	7
6	2	754.49	1	7
6	2	1324.4	1	7
6	2	941.39	1	7
6	2	1484.6	1	7
6	2	1151	1	7
6	2	926.45	1	7
6	2	1044.8	1	7
6	2	797.66	1	7
6	2	954.41	1	7
6	2	1011.8	1	7
6	2	728.89	1	7
6	2	1400	1	7
6	2	1152.5	1	7
6	2	1284.9	1	7
6	2	1305.3	1	7
6	2	1463.5	1	7
6	2	1518.7	1	7
6	2	2234.4	0	7
6	2	1501.2	1	7
6	2	1544.2	1	7
6	2	1294.9	1	7
6	2	1580.6	1	7
6	2	1420.6	1	7
6	2	1311.9	1	7
6	2	1748.4	1	7
6	2	1086.6	1	7
6	2	943.05	1	7
6	2	1343	1	7
6	2	1263.3	1	7
6	2	1113.3	1	7
6	2	667.1	1	7
6	2	1869.5	1	7
6	2	966.28	1	7
6	2	631.36	1	7
6	2	1089.3	1	7
6	2	1413.2	1	7
6	2	1860.1	1	7
6	2	908.34	1	7
6	2	827.52	1	7
6	2	838.78	1	7
6	2	1150.4	1	7
6	2	759.82	1	7
6	2	752.38	1	7
6	2	802.71	1	7
6	2	929.11	1	7
6	2	1021.6	1	7
6	2	789.37	1	7
6	2	663.04	1	7
6	2	742.8	1	7
6	2	877.38	1	7
6	2	551.85	1	7
6	2	855.41	1	7
6	2	601.16	1	7
6	2	1154.5	1	7
6	2	919.82	1	7
6	2	716.38	1	7
6	2	638.02	1	7
6	2	1446	0	7
6	2	724.66	1	7
6	2	1417.5	1	7
6	2	1540	1	7
6	2	564.25	1	7
6	2	760.26	1	7
6	2	1337.6	1	7
6	2	1386.9	1	7
6	2	478.7	1	7
6	2	829.4	1	7
6	2	958.04	1	7
6	2	554.68	1	7
6	2	656.66	1	7
6	2	545.84	1	7
6	2	627.33	1	7
6	2	591.76	1	7
6	2	1272.9	1	7
6	2	616.62	1	7
6	2	754.18	1	7
6	2	1494.2	1	7
6	2	1018.3	1	7
6	2	790.19	1	7
6	2	1122.6	1	7
6	2	1207.7	1	7
6	2	1160.6	1	7
6	2	686.93	1	7
6	2	1023.7	1	7
6	2	1025.1	1	7
6	2	1953.8	1	7
6	2	1373.6	1	7
6	2	720.61	1	7
6	2	536.09	1	7
6	2	1403.9	1	7
6	2	632.55	1	7
6	2	715.98	1	7
6	2	924.29	1	7
6	2	1631.2	1	7
6	2	1088.5	1	7
6	2	948.48	1	7
6	2	510.67	1	7
6	2	602.79	1	7
6	2	790.42	1	7
6	2	826.46	1	7
6	2	791.67	1	7
6	2	539.76	1	7
6	2	545.62	1	7
6	2	584	1	7
6	2	585.96	1	7
6	2	885.43	1	7
6	2	781.84	1	7
6	2	841.56	1	7
6	2	748.96	1	7
6	2	617.18	1	7
6	2	1468.2	1	7
6	2	1561.9	1	7
6	2	811.01	1	7
6	2	721.26	1	7
6	2	1052.9	1	7
6	2	595.75	1	7
6	2	1246.8	1	7
6	2	909.84	1	7
6	2	643.57	1	7
6	2	1132.6	1	7
6	2	578.41	1	7
6	2	845.58	1	7
6	2	1311	1	7
6	2	1404.2	1	7
6	2	606.32	1	7
6	2	1883.6	1	7
6	2	703.08	0	7
6	2	761.3	1	7
6	2	617.44	1	7
6	2	1030.3	1	7
6	2	1707.6	1	7
6	2	662.17	1	7
6	2	843.37	1	7
6	2	561.55	1	7
6	2	1054.2	1	7
6	2	1402	1	7
6	2	1051.1	1	7
6	2	910.93	1	7
6	2	1426.4	1	7
6	2	933.84	1	7
6	2	2462.9	1	7
6	2	667.39	1	7
6	2	2719.7	1	7
6	2	798.75	1	7
6	2	749.83	1	7
6	2	492.94	1	7
6	2	598.21	1	7
6	2	867.36	1	7
6	2	817.42	1	7
6	2	610.91	1	7
6	2	606.81	1	7
6	2	1308.4	1	7
6	2	668.85	1	7
6	2	740.64	1	7
6	2	1211	1	7
6	2	821.65	1	7
6	2	1426	1	7
6	2	921.93	1	7
6	2	1549.5	1	7
6	2	1386.1	1	7
6	2	548.56	1	7
6	2	579.08	1	7
6	2	1344.7	1	7
6	2	784.06	1	7
6	2	768.54	1	7
6	2	555.66	1	7
6	2	1162.9	1	7
6	2	1275.3	1	7
6	2	558.02	1	7
6	2	1093	1	7
6	2	825.52	1	7
6	2	676.22	1	7
6	2	602.22	1	7
6	2	989.94	1	7
6	2	816.1	1	7
6	2	844.24	1	7
6	2	1097.2	1	7
6	2	1137.3	1	7
6	2	850.73	1	7
6	2	564.72	1	7
6	2	1166.2	1	7
6	2	707.89	1	7
6	2	1836.3	1	7
6	2	696.9	1	7
6	2	755.99	1	7
6	2	1154.8	1	7
6	2	729.21	1	7
6	2	1798.6	1	7
6	2	1465.7	1	7
6	2	860.11	1	7
6	2	930.6	1	7
6	2	1171.4	1	7
6	2	1012.5	1	7
6	2	1855.7	1	7
6	2	639.9	1	7
6	2	533.81	1	7
6	2	1267.8	1	7
6	2	1683.5	1	7
6	2	915.03	1	7
6	2	1002.8	1	7
6	2	489.42	1	7
6	2	1148.6	1	7
6	2	1072.2	1	7
6	2	944.88	1	7
6	2	580.68	1	7
6	2	491.23	1	7
6	2	712.21	1	7
6	2	510.49	1	7
6	2	1121.5	1	7
6	2	616.93	1	7
6	2	596.22	1	7
6	2	1130.7	1	7
6	2	634.72	1	7
6	2	704.62	1	7
6	2	642.9	1	7
6	2	561.06	1	7
6	2	1493.5	1	7
6	2	627.11	1	7
6	2	486.35	1	7
6	2	809.62	1	7
6	2	1280.6	1	7
6	2	550.87	1	7
6	2	609.72	1	7
6	2	634.33	1	7
6	2	492.21	1	7
6	2	669.37	1	7
6	2	735.87	1	7
6	2	956.3	1	7
6	2	1051.1	1	7
6	2	590.48	1	7
6	2	581.37	1	7
6	2	787.49	1	7
6	2	1320.9	1	7
6	2	833.19	1	7
6	2	1017.6	1	7
6	2	995.6	1	7
6	2	652.6	1	7
6	2	705.79	1	7
6	2	1000.4	1	7
6	2	630.51	1	7
6	2	549.33	1	7
6	2	533.34	1	7
6	2	528.81	1	7
6	2	605.6	1	7
6	2	636.62	1	7
6	2	614.62	1	7
6	2	747.2	1	7
6	2	663.25	1	7
6	2	622.45	1	7
6	2	768.99	1	7
6	2	491.91	1	7
6	2	789.24	1	7
6	2	567.04	1	7
6	2	581.09	1	7
6	2	772.93	1	7
6	2	804.28	1	7
6	2	622.1	1	7
6	2	1220	0	7
6	2	932.46	0	7
6	2	2248.4	1	7
6	2	701.92	1	7
6	2	637.15	1	7
6	2	445.89	1	7
6	2	1110.5	1	7
6	2	949.11	1	7
6	2	532.73	1	7
6	2	588.56	1	7
6	2	494.87	1	7
6	2	814.76	1	7
6	2	1133.5	1	7
6	2	716.25	1	7
6	2	933.85	0	7
6	2	597.73	1	7
6	2	1518.2	1	7
6	2	632.74	1	7
6	2	458.45	1	7
6	2	612.46	1	7
6	2	537.58	1	7
6	2	571.96	1	7
6	2	566.84	1	7
6	2	911.6	0	7
6	2	547.02	1	7
6	2	1197.3	1	7
6	2	582.09	1	7
6	2	1022.8	0	7
6	2	545.97	1	7
6	2	677.4	1	7
6	2	599.68	1	7
6	2	591.74	1	7
6	2	623.36	1	7
6	2	572.02	1	7
6	2	565.11	1	7
6	2	518.56	1	7
6	2	513.08	1	7
6	2	1975.5	1	8
6	2	1757.8	1	8
6	2	1604.7	1	8
6	2	1671.9	1	8
6	2	1263	1	8
6	2	1662.9	1	8
6	2	1523.1	1	8
6	2	1704.8	0	8
6	2	758.17	1	8
6	2	799.31	1	8
6	2	1227.4	1	8
6	2	1780	0	8
6	2	738.36	1	8
6	2	651.66	1	8
6	2	1431.1	1	8
6	2	1624.3	1	8
6	2	1664.8	0	8
6	2	1785.9	0	8
6	2	1297.5	1	8
6	2	1446.1	1	8
6	2	1044.9	1	8
6	2	1119.6	1	8
6	2	1063.8	1	8
6	2	990.65	1	8
6	2	2543.2	1	8
6	2	2273	0	8
6	2	2165.4	1	8
6	2	1170.7	1	8
6	2	1033.9	1	8
6	2	1761.9	1	8
6	2	1315.9	1	8
6	2	2155.9	1	8
6	2	1813.4	1	8
6	2	847.73	1	8
6	2	918.91	1	8
6	2	2065	1	8
6	2	816.52	1	8
6	2	1855.2	1	8
6	2	1190.5	1	8
6	2	776.81	1	8
6	2	906.74	1	8
6	2	1620	0	8
6	2	1155.5	1	8
6	2	792.06	1	8
6	2	800.04	1	8
6	2	1279.8	1	8
6	2	693.28	1	8
6	2	1488.3	1	8
6	2	820.88	1	8
6	2	1738	0	8
6	2	645.82	1	8
6	2	665.92	1	8
6	2	597.02	1	8
6	2	1872.4	1	8
6	2	1276.4	1	8
6	2	980.51	1	8
6	2	1725.3	1	8
6	2	1038.6	1	8
6	2	1568	1	8
6	2	1292.2	1	8
6	2	779.59	1	8
6	2	1625.3	1	8
6	2	785.83	1	8
6	2	792.38	1	8
6	2	1179.5	1	8
6	2	1342.2	1	8
6	2	2218.6	0	8
6	2	1079.6	1	8
6	2	1314.1	1	8
6	2	646.34	1	8
6	2	1022.8	1	8
6	2	1235.9	1	8
6	2	1265.5	1	8
6	2	666.89	1	8
6	2	1441.9	1	8
6	2	992.32	1	8
6	2	1410.4	1	8
6	2	1672.3	1	8
6	2	783.5	1	8
6	2	703.02	1	8
6	2	1111.2	1	8
6	2	1110.4	1	8
6	2	685.79	1	8
6	2	1459.4	1	8
6	2	1222	1	8
6	2	2000.7	0	8
6	2	1799.3	1	8
6	2	685.36	1	8
6	2	949.73	1	8
6	2	1308.7	1	8
6	2	1344.3	1	8
6	2	2070.3	0	8
6	2	1409.8	1	8
6	2	1781.3	1	8
6	2	1322	1	8
6	2	1024.9	1	8
6	2	725.05	1	8
6	2	1153.8	1	8
6	2	1429.8	1	8
6	2	1107.7	1	8
6	2	1651.4	0	8
6	2	1054.7	0	8
6	2	636.48	0	8
6	2	1374.3	1	8
6	2	600.54	1	8
6	2	621.18	1	8
6	2	762.62	1	8
6	2	881.14	1	8
6	2	993.88	1	8
6	2	832.5	1	8
6	2	540.71	1	8
6	2	716.48	1	8
6	2	778.18	1	8
6	2	884.35	1	8
6	2	712.39	1	8
6	2	680.42	1	8
6	2	627	1	8
6	2	516.95	1	8
6	2	519.01	1	8
6	2	743.04	1	8
6	2	1036	1	8
6	2	659.26	1	8
6	2	663.11	1	8
6	2	614.3	1	8
6	2	1184.7	1	8
6	2	690.75	1	8
6	2	2339.9	1	8
6	2	1090.9	1	8
6	2	948.67	1	8
6	2	734.22	1	8
6	2	1095.3	1	8
6	2	1080.6	1	8
6	2	725.15	1	8
6	2	669.09	1	8
6	2	948.39	1	8
6	2	596.38	1	8
6	2	1634.9	1	8
6	2	1313.1	1	8
6	2	1201.6	1	8
6	2	652.34	1	8
6	2	1702.3	1	8
6	2	2237.1	1	8
6	2	1025.9	1	8
6	2	1029.4	1	8
6	2	840.72	1	8
6	2	575.49	1	8
6	2	590.92	1	8
6	2	830.44	1	8
6	2	1119.4	1	8
6	2	1190.4	1	8
6	2	759.61	1	8
6	2	595.64	1	8
6	2	719.31	1	8
6	2	605.66	1	8
6	2	532.03	1	8
6	2	601.34	1	8
6	2	1151.9	1	8
6	2	736.95	1	8
6	2	630.42	1	8
6	2	596.65	1	8
6	2	1047.1	1	8
6	2	809.15	1	8
6	2	1008.1	1	8
6	2	806.8	1	8
6	2	1211.2	1	8
6	2	792.79	1	8
6	2	767.45	1	8
6	2	859.12	1	8
6	2	809.88	1	8
6	2	786.96	1	8
6	2	837.59	1	8
6	2	642.67	1	8
6	2	1404.9	1	8
6	2	554.51	1	8
6	2	1797.4	1	8
6	2	1365.1	1	8
6	2	828.09	1	8
6	2	2860.8	0	8
6	2	1964.7	1	8
6	2	708.53	1	8
6	2	617.84	1	8
6	2	1252.6	1	8
6	2	705.36	1	8
6	2	601.84	1	8
6	2	633.55	1	8
6	2	931.03	1	8
6	2	1463.4	1	8
6	2	754.36	1	8
6	2	686.63	1	8
6	2	587.24	1	8
6	2	689.62	1	8
6	2	739.35	1	8
6	2	1232.3	1	8
6	2	682.62	1	8
6	2	1069.9	1	8
6	2	624.82	1	8
6	2	1029	1	8
6	2	826.22	1	8
6	2	814.06	1	8
6	2	575.28	1	8
6	2	1588.6	1	8
6	2	869.9	1	8
6	2	673.18	1	8
6	2	629.77	1	8
6	2	834.83	1	8
6	2	602.31	1	8
6	2	680.7	1	8
6	2	677.53	1	8
6	2	800.38	1	8
6	2	1782.3	1	8
6	2	1571	1	8
6	2	804.99	1	8
6	2	731.58	1	8
6	2	893.74	1	8
6	2	1672.9	1	8
6	2	1100.7	1	8
6	2	655.89	1	8
6	2	742.09	1	8
6	2	531.13	1	8
6	2	716.91	1	8
6	2	962.19	1	8
6	2	629.48	1	8
6	2	671.35	1	8
6	2	537.74	1	8
6	2	765.94	1	8
6	2	640.57	1	8
6	2	1505	1	8
6	2	585.89	1	8
6	2	547.47	1	8
6	2	2291.1	1	8
6	2	1470.5	1	8
6	2	710.01	1	8
6	2	654.4	1	8
6	2	659.09	1	8
6	2	1365.3	1	8
6	2	691.96	1	8
6	2	941.67	1	8
6	2	587.32	1	8
6	2	1229.6	1	8
6	2	648.6	1	8
6	2	877.54	1	8
6	2	618.63	1	8
6	2	676.81	1	8
6	2	1255.4	1	8
6	2	579.42	1	8
6	2	679.2	1	8
6	2	892.93	1	8
6	2	972.94	1	8
6	2	608.33	1	8
6	2	586.33	1	8
6	2	722.32	1	8
6	2	622.47	1	8
6	2	1241.7	1	8
6	2	1275.3	1	8
6	2	814.66	1	8
6	2	701.16	1	8
6	2	603.22	1	8
6	2	893.85	1	8
6	2	784.27	1	8
6	2	599.54	1	8
6	2	1148.8	1	8
6	2	611.74	1	8
6	2	687.35	1	8
6	2	786.6	1	8
6	2	726.06	1	8
6	2	990.05	1	8
6	2	609.97	1	8
6	2	644.53	1	8
6	2	522.89	1	8
6	2	585.84	1	8
6	2	606.23	1	8
6	2	563.94	1	8
6	2	600.56	1	8
6	2	475.69	1	8
6	2	571.46	1	8
6	2	747.84	1	8
6	2	560.32	1	8
6	2	499.53	1	8
6	2	952.9	1	8
6	2	704.43	1	8
6	2	599.12	1	8
6	2	756.66	1	8
6	2	787.93	1	8
6	2	1680.4	1	8
6	2	748.66	1	8
6	2	556.3	1	8
6	2	853.22	1	8
6	2	635.29	1	8
6	2	764.1	1	8
6	2	1577.4	1	8
6	2	707.54	1	8
6	2	606.88	1	8
6	2	773.5	1	8
6	2	1442.6	1	8
6	2	648.55	1	8
6	2	1305.4	1	8
6	2	1351.2	1	8
6	2	663.32	1	8
6	2	628.61	1	8
6	2	646.16	1	8
6	2	554.42	1	8
6	2	638.48	1	8
6	2	714.92	1	8
6	2	892.33	1	8
6	2	543.06	1	8
6	2	641.8	1	8
6	2	846.04	1	8
6	2	705.55	1	8
6	2	550	1	8
6	2	659.7	1	8
6	2	652.07	1	8
6	2	653.6	1	8
6	2	594.76	1	8
6	2	881.59	1	8
6	2	1916.8	1	8
6	2	730.88	1	8
6	2	480.45	1	8
6	2	447.08	1	8
6	2	595.93	1	8
6	2	692.42	1	8
6	2	649.69	1	8
6	2	499.75	1	8
6	2	630.33	1	8
6	2	756.33	0	8
6	2	909.23	1	8
6	2	1146.2	1	8
6	2	631.26	1	8
6	2	700.32	1	8
6	2	485.56	1	8
6	2	538.52	1	8
6	2	625.96	1	8
6	2	544.15	1	8
6	2	462.15	1	8
6	2	520.03	1	8
6	2	1652	1	8
6	2	529.73	1	8
6	2	892.83	0	8
6	2	633.62	1	8
6	2	561.19	1	8
6	2	720.06	1	8
6	2	561.19	1	8
6	2	558.19	1	8
6	2	523.84	1	8
6	2	568.28	1	8
6	2	458.29	1	8
6	2	542.51	1	8
6	2	581.64	1	8
6	2	510.19	1	8
6	2	810.51	1	8
6	2	1047.5	1	9
6	2	1223.4	1	9
6	2	915.8	1	9
6	2	1733.8	1	9
6	2	826.75	1	9
6	2	1121.4	1	9
6	2	1236.8	1	9
6	2	1141.3	1	9
6	2	1110	1	9
6	2	1164.1	1	9
6	2	1515.2	0	9
6	2	1004.2	1	9
6	2	740.03	1	9
6	2	619.1	1	9
6	2	802.32	1	9
6	2	1035	1	9
6	2	942.73	1	9
6	2	901.19	1	9
6	2	1679.6	1	9
6	2	1676.8	1	9
6	2	719.8	1	9
6	2	1267.9	1	9
6	2	1558.6	1	9
6	2	807.32	1	9
6	2	1110.2	1	9
6	2	1833.4	1	9
6	2	851.89	1	9
6	2	1167.5	1	9
6	2	1377.3	1	9
6	2	1050.2	1	9
6	2	994.08	1	9
6	2	844.12	1	9
6	2	1555.8	1	9
6	2	1197.9	1	9
6	2	1278.2	1	9
6	2	871.38	1	9
6	2	1170.7	1	9
6	2	537.76	1	9
6	2	723.7	1	9
6	2	1015.3	1	9
6	2	949	1	9
6	2	1036.8	1	9
6	2	744.98	1	9
6	2	909.43	1	9
6	2	822.57	1	9
6	2	1658.5	1	9
6	2	590.75	1	9
6	2	1136.5	1	9
6	2	1089.2	1	9
6	2	1338.3	1	9
6	2	644.1	1	9
6	2	900.29	1	9
6	2	737.82	1	9
6	2	721.81	1	9
6	2	752.51	1	9
6	2	628.37	1	9
6	2	713.2	1	9
6	2	819.39	1	9
6	2	790.67	1	9
6	2	746.4	1	9
6	2	1049.7	1	9
6	2	706.93	1	9
6	2	1314.3	1	9
6	2	858.34	1	9
6	2	844.01	1	9
6	2	781.24	1	9
6	2	1266.8	1	9
6	2	798.91	1	9
6	2	587.29	1	9
6	2	537.61	1	9
6	2	1164.3	1	9
6	2	866.23	1	9
6	2	1008.4	1	9
6	2	970.4	1	9
6	2	1315.3	1	9
6	2	1175	1	9
6	2	2108.7	1	9
6	2	1252.1	1	9
6	2	787.96	1	9
6	2	743.74	1	9
6	2	975.89	1	9
6	2	954.82	1	9
6	2	935.36	1	9
6	2	746.61	1	9
6	2	769.91	1	9
6	2	1297.3	1	9
6	2	1369.9	1	9
6	2	2126.5	1	9
6	2	1821.8	1	9
6	2	1348.3	0	9
6	2	816.64	1	9
6	2	1484.2	1	9
6	2	667.45	1	9
6	2	1205.9	1	9
6	2	871.96	1	9
6	2	726.08	1	9
6	2	595.04	1	9
6	2	748.63	1	9
6	2	592.1	1	9
6	2	954.41	1	9
6	2	1052.2	1	9
6	2	775.03	1	9
6	2	867.81	1	9
6	2	674.74	1	9
6	2	526.03	1	9
6	2	1260.3	1	9
6	2	1198.7	1	9
6	2	653.61	1	9
6	2	577.17	1	9
6	2	515.31	1	9
6	2	1342.9	1	9
6	2	654.01	1	9
6	2	776.73	1	9
6	2	673.14	1	9
6	2	559.22	1	9
6	2	987.19	1	9
6	2	549.84	1	9
6	2	771.32	1	9
6	2	1162.9	1	9
6	2	1191.4	1	9
6	2	629.32	1	9
6	2	546.61	1	9
6	2	645.21	1	9
6	2	661.27	1	9
6	2	942.63	1	9
6	2	954.19	1	9
6	2	593.53	1	9
6	2	802.23	1	9
6	2	1046.8	1	9
6	2	689.68	1	9
6	2	735.31	1	9
6	2	877.99	1	9
6	2	1310.1	1	9
6	2	857.62	1	9
6	2	809.74	1	9
6	2	1064.2	1	9
6	2	1212.8	1	9
6	2	931.86	1	9
6	2	662.73	1	9
6	2	699.35	1	9
6	2	758	1	9
6	2	2111.4	1	9
6	2	750.11	1	9
6	2	1091.9	1	9
6	2	1429.7	1	9
6	2	1037.5	1	9
6	2	715.32	1	9
6	2	1421.3	1	9
6	2	993.26	1	9
6	2	1021.9	1	9
6	2	560.45	1	9
6	2	1377.1	1	9
6	2	594.74	1	9
6	2	583.53	1	9
6	2	497.79	1	9
6	2	627.08	1	9
6	2	495.81	1	9
6	2	572.13	1	9
6	2	1770.3	1	9
6	2	608.39	1	9
6	2	767.12	1	9
6	2	1508.2	1	9
6	2	875.74	1	9
6	2	969	1	9
6	2	1004.7	1	9
6	2	1608.4	1	9
6	2	560.94	1	9
6	2	1195.1	1	9
6	2	806.83	1	9
6	2	615.34	1	9
6	2	669.24	1	9
6	2	688.46	1	9
6	2	724.94	1	9
6	2	903.01	1	9
6	2	555.42	1	9
6	2	594.87	1	9
6	2	672.76	1	9
6	2	1164.9	1	9
6	2	1657.5	1	9
6	2	1564.5	1	9
6	2	637.14	1	9
6	2	547.34	1	9
6	2	846.93	1	9
6	2	523.45	1	9
6	2	670.62	1	9
6	2	631.74	1	9
6	2	870.28	1	9
6	2	652.8	1	9
6	2	910.92	1	9
6	2	679.66	1	9
6	2	650.39	1	9
6	2	747.37	1	9
6	2	641.72	1	9
6	2	1690.1	1	9
6	2	583.74	1	9
6	2	1551.9	1	9
6	2	1045.4	1	9
6	2	724.83	1	9
6	2	685.99	1	9
6	2	688.74	1	9
6	2	624.28	1	9
6	2	544.61	1	9
6	2	1330.5	1	9
6	2	579.92	1	9
6	2	754.37	1	9
6	2	870.17	1	9
6	2	653.23	1	9
6	2	1957	1	9
6	2	576.68	1	9
6	2	566.43	1	9
6	2	852.92	1	9
6	2	1321.8	1	9
6	2	761.31	1	9
6	2	843.08	1	9
6	2	679.74	1	9
6	2	779.85	1	9
6	2	1130.7	1	9
6	2	1579.3	1	9
6	2	672.1	1	9
6	2	1200.9	1	9
6	2	836.84	1	9
6	2	1117.6	1	9
6	2	1231.9	1	9
6	2	538	1	9
6	2	658.68	1	9
6	2	1021.6	1	9
6	2	725.59	1	9
6	2	715.67	1	9
6	2	708.88	1	9
6	2	667.98	1	9
6	2	792.57	1	9
6	2	675.68	1	9
6	2	659.59	1	9
6	2	553.58	1	9
6	2	584.72	1	9
6	2	570.14	1	9
6	2	584.09	1	9
6	2	600.73	1	9
6	2	1238.9	1	9
6	2	1219.6	1	9
6	2	1071.2	1	9
6	2	1993.7	1	9
6	2	634.78	1	9
6	2	837.08	1	9
6	2	615.91	1	9
6	2	1223.6	1	9
6	2	601.1	1	9
6	2	1394.8	1	9
6	2	575.04	1	9
6	2	657.9	1	9
6	2	674.86	1	9
6	2	511.93	1	9
6	2	533.58	1	9
6	2	620.9	1	9
6	2	603.31	1	9
6	2	530.36	1	9
6	2	1167.1	1	9
6	2	632.4	1	9
6	2	567.41	1	9
6	2	633.1	1	9
6	2	498.28	1	9
6	2	699.65	1	9
6	2	579.09	1	9
6	2	570.09	1	9
6	2	853.75	1	9
6	2	638.57	1	9
6	2	574.14	1	9
6	2	693.81	1	9
6	2	622.19	1	9
6	2	805.13	1	9
6	2	810.12	1	9
6	2	1483.2	1	9
6	2	646.78	1	9
6	2	471.6	1	9
6	2	614.52	1	9
6	2	488.56	1	9
6	2	791.54	1	9
6	2	585.15	1	9
6	2	736.31	1	9
6	2	589.96	1	9
6	2	719.96	1	9
6	2	593.59	1	9
6	2	528.18	1	9
6	2	670.68	1	9
6	2	686.13	1	9
6	2	1245.9	1	9
6	2	562.53	1	9
6	2	514.06	1	9
6	2	1026.6	1	9
6	2	1144	1	9
6	2	925.73	1	9
6	2	721.15	1	9
6	2	589.1	1	9
6	2	602	1	9
6	2	550.08	1	9
6	2	1247	1	9
6	2	660.52	1	9
6	2	599.05	1	9
6	2	469.09	1	9
6	2	870.8	1	9
6	2	726.16	1	9
6	2	636.47	1	9
6	2	1234.7	1	9
6	2	553.27	1	9
6	2	549.02	1	9
6	2	825.46	1	9
6	2	538.16	1	9
6	2	486.15	1	9
6	2	551.63	1	9
6	2	989.92	1	9
6	2	842.21	1	9
6	2	765.08	1	9
6	2	1046.7	1	9
6	2	696.71	1	9
6	2	677.56	1	9
6	2	2031.5	1	9
6	2	877.15	1	9
6	2	594.59	1	9
6	2	550.23	1	9
6	2	448.96	1	9
6	2	759.61	1	9
6	2	439.74	1	9
6	2	1320.6	1	9
6	2	687.05	1	9
6	2	660.12	1	9
6	2	653.97	1	9
6	2	600.6	1	9
6	2	760.07	1	9
6	2	555.6	1	9
6	2	1085.1	1	9
6	2	746.99	1	9
6	2	549.58	1	9
6	2	636.85	1	9
6	2	594.01	1	9
6	2	646.84	1	9
6	2	754.53	1	9
6	2	530.81	1	9
6	2	539.64	1	9
6	2	448.3	1	9
6	2	512.64	1	9
6	2	922.46	1	9
6	2	536.25	1	9
6	2	510.98	1	9
6	2	552.76	1	9
6	2	635.28	1	9
6	2	657.73	1	9
6	2	451.11	1	9
6	2	535.99	1	9
6	2	587.81	1	9
6	2	578.1	1	9
