10	2	1236.7	1	1
10	2	1073.5	1	1
10	2	1096.3	1	1
10	2	971.66	1	1
10	2	873.69	1	1
10	2	1007.6	1	1
10	2	1429.5	1	1
10	2	735.65	1	1
10	2	725.76	1	1
10	2	990.07	1	1
10	2	750.19	1	1
10	2	1026.3	1	1
10	2	582.99	1	1
10	2	783.93	1	1
10	2	611.99	1	1
10	2	883.81	1	1
10	2	1170.6	1	1
10	2	1320.2	1	1
10	2	1277.6	1	1
10	2	1256.3	1	1
10	2	1819.2	1	1
10	2	700.8	1	1
10	2	748.7	1	1
10	2	1012.8	1	1
10	2	970.86	1	1
10	2	830.05	1	1
10	2	926.87	1	1
10	2	649.09	1	1
10	2	835.24	1	1
10	2	978.35	1	1
10	2	881.87	1	1
10	2	986.02	1	1
10	2	1726.7	1	1
10	2	820.7	1	1
10	2	964.83	1	1
10	2	820.36	1	1
10	2	697.98	1	1
10	2	645.43	1	1
10	2	831.63	1	1
10	2	993.12	1	1
10	2	1022.2	1	1
10	2	1316	1	1
10	2	1287	1	1
10	2	1439.1	1	1
10	2	821.89	1	1
10	2	723.85	1	1
10	2	884.87	1	1
10	2	701.56	1	1
10	2	1217.5	1	1
10	2	826.59	1	1
10	2	882.21	1	1
10	2	547.3	1	1
10	2	536.12	1	1
10	2	641.48	1	1
10	2	565.34	1	1
10	2	560.34	1	1
10	2	500.16	1	1
10	2	562.38	1	1
10	2	567.31	1	1
10	2	586.8	1	1
10	2	1882	1	1
10	2	646.13	1	1
10	2	873.43	1	1
10	2	836.03	1	1
10	2	685.85	1	1
10	2	719.86	1	1
10	2	590.28	1	1
10	2	925.32	1	1
10	2	648.71	1	1
10	2	910.19	1	1
10	2	592.94	1	1
10	2	579.87	1	1
10	2	600.7	1	1
10	2	870.22	1	1
10	2	618.41	1	1
10	2	678.78	1	1
10	2	607.02	1	1
10	2	634.75	1	1
10	2	489.56	1	1
10	2	685.34	1	1
10	2	647.16	1	1
10	2	593.69	1	1
10	2	652.68	1	1
10	2	727.02	1	1
10	2	914.47	1	1
10	2	756.47	1	1
10	2	670.5	1	1
10	2	548.82	1	1
10	2	551.06	1	1
10	2	658.18	1	1
10	2	573.64	1	1
10	2	668.33	1	1
10	2	688.68	1	1
10	2	546.55	1	1
10	2	600.91	1	1
10	2	620.53	1	1
10	2	505.85	1	1
10	2	578.69	1	1
10	2	609.37	1	1
10	2	609.54	1	1
10	2	999.44	1	1
10	2	856.04	1	1
10	2	510.75	1	1
10	2	1295.9	1	1
10	2	579.26	1	1
10	2	709.7	1	1
10	2	749.91	1	1
10	2	597.54	1	1
10	2	607.7	1	1
10	2	547.42	1	1
10	2	604.77	1	1
10	2	551.02	0	1
10	2	537.2	1	1
10	2	611.57	1	1
10	2	544.81	1	1
10	2	710.69	1	1
10	2	562.74	1	1
10	2	569.7	1	1
10	2	615.91	1	1
10	2	711.23	1	1
10	2	609.2	1	1
10	2	631.77	1	1
10	2	719.46	1	1
10	2	603.9	1	1
10	2	598.64	1	1
10	2	751.43	1	1
10	2	587.17	1	1
10	2	632.05	1	1
10	2	745.76	1	1
10	2	685.35	1	1
10	2	545.42	1	1
10	2	618.11	1	1
10	2	549.04	1	1
10	2	748.08	1	1
10	2	627.35	1	1
10	2	630.64	1	1
10	2	694.68	1	1
10	2	661.07	1	1
10	2	587.61	1	1
10	2	760.59	1	1
10	2	614.22	1	1
10	2	727.88	1	1
10	2	506.83	1	1
10	2	611.46	1	1
10	2	665.49	1	1
10	2	537.97	1	1
10	2	533.21	1	1
10	2	600.56	1	1
10	2	610.3	1	1
10	2	537.06	1	1
10	2	592.37	1	1
10	2	713.87	1	1
10	2	862.35	1	1
10	2	664.58	1	1
10	2	685.37	1	1
10	2	996.98	1	1
10	2	791.63	1	1
10	2	711.36	1	1
10	2	747.21	1	1
10	2	606.26	1	1
10	2	597.5	1	1
10	2	622.14	1	1
10	2	927.85	1	1
10	2	572.99	1	1
10	2	690.18	1	1
10	2	556.06	1	1
10	2	562.33	1	1
10	2	714.25	1	1
10	2	620.44	1	1
10	2	574.24	1	1
10	2	1159.9	1	1
10	2	721.66	1	1
10	2	829.39	1	1
10	2	613.04	1	1
10	2	648.56	1	1
10	2	588.52	1	1
10	2	518.07	1	1
10	2	581.69	1	1
10	2	576.28	1	1
10	2	588.96	1	1
10	2	528.07	1	1
10	2	830.16	1	1
10	2	513.47	1	1
10	2	457.86	1	1
10	2	599.83	1	1
10	2	791.34	1	1
10	2	562.19	1	1
10	2	533.92	1	1
10	2	643.47	1	1
10	2	541.54	1	1
10	2	599.22	1	1
10	2	857.73	1	1
10	2	554.91	1	1
10	2	603.15	1	1
10	2	644.88	1	1
10	2	550.81	1	1
10	2	560.58	1	1
10	2	508.39	1	1
10	2	962.82	1	1
10	2	641.97	1	1
10	2	531.97	1	1
10	2	797.52	1	1
10	2	604.08	1	1
10	2	713.34	1	1
10	2	546.12	1	1
10	2	529.16	1	1
10	2	906.29	1	1
10	2	483.5	1	1
10	2	561.52	1	1
10	2	567.26	1	1
10	2	497.63	1	1
10	2	537.12	1	1
10	2	604.19	1	1
10	2	620.19	1	1
10	2	600.69	1	1
10	2	541.59	1	1
10	2	552.5	1	1
10	2	534.08	1	1
10	2	532.61	1	1
10	2	532.63	1	1
10	2	581.4	1	1
10	2	534.03	1	1
10	2	442.22	1	1
10	2	435.84	1	1
10	2	415.81	1	1
10	2	468.19	1	1
10	2	512.98	1	1
10	2	501.06	1	1
10	2	501.34	1	1
10	2	501.96	1	1
10	2	551.4	1	1
10	2	499.86	1	1
10	2	524.21	1	1
10	2	841.9	1	1
10	2	584.31	1	1
10	2	568.08	1	1
10	2	565.21	1	1
10	2	515.23	1	1
10	2	616.1	1	1
10	2	864.96	1	1
10	2	533.35	1	1
10	2	595.77	1	1
10	2	657.15	1	1
10	2	551.61	1	1
10	2	662.08	1	1
10	2	580.62	1	1
10	2	614.56	1	1
10	2	507.71	1	1
10	2	527.38	1	1
10	2	652.19	1	1
10	2	552.76	1	1
10	2	1147.1	1	1
10	2	840.44	1	1
10	2	524.4	1	1
10	2	506.42	1	1
10	2	652.72	1	1
10	2	624.2	1	1
10	2	529.25	1	1
10	2	586.35	1	1
10	2	585.6	1	1
10	2	564.92	1	1
10	2	622.59	1	1
10	2	588.85	1	1
10	2	640.39	1	1
10	2	581.29	1	1
10	2	909.63	1	1
10	2	789.75	1	1
10	2	572.89	1	1
10	2	541.87	1	1
10	2	583.88	1	1
10	2	591.84	1	1
10	2	513.82	1	1
10	2	570.89	1	1
10	2	711.4	1	1
10	2	476.33	1	1
10	2	478.94	1	1
10	2	776.45	1	1
10	2	602.76	1	1
10	2	547.7	1	1
10	2	468.84	1	1
10	2	567.77	1	1
10	2	590.19	1	1
10	2	517.73	1	1
10	2	582.88	1	1
10	2	561.56	1	1
10	2	540.92	1	1
10	2	564.04	1	1
10	2	487.26	1	1
10	2	488.72	1	1
10	2	680.21	1	1
10	2	670.52	1	1
10	2	884.18	0	1
10	2	614.88	1	1
10	2	599.19	1	1
10	2	634.92	1	1
10	2	804.22	1	1
10	2	784.7	1	1
10	2	518.18	1	1
10	2	633.73	1	1
10	2	536.33	1	1
10	2	546.43	1	1
10	2	590.55	1	1
10	2	607.77	1	1
10	2	504.76	1	1
10	2	605.36	1	1
10	2	762.26	1	1
10	2	680.21	1	1
10	2	952	1	1
10	2	521.45	1	1
10	2	520.4	1	1
10	2	551.83	1	1
10	2	530.15	1	1
10	2	534.52	1	1
10	2	733.37	1	1
10	2	605.34	1	1
10	2	646.31	1	1
10	2	641.88	1	1
10	2	654.83	1	1
10	2	558.43	1	1
10	2	586.01	1	1
10	2	491.92	1	1
10	2	753.49	1	1
10	2	581.24	1	1
10	2	986.61	1	1
10	2	539.76	1	1
10	2	570.51	1	1
10	2	796.13	1	1
10	2	550.87	1	1
10	2	557.75	1	1
10	2	616.53	1	1
10	2	672.09	1	1
10	2	693.33	1	1
10	2	566.64	1	1
10	2	526.39	1	1
10	2	844.97	1	1
10	2	699.72	1	1
10	2	625.69	1	1
10	2	629.59	1	1
10	2	521.96	1	1
10	2	761.1	1	1
10	2	574.4	1	1
10	2	877.64	1	1
10	2	594.29	1	1
10	2	525.2	1	1
10	2	564.05	1	1
10	2	546.53	1	1
10	2	554.75	1	1
10	2	548.26	1	1
10	2	900.16	1	1
10	2	627.96	1	1
10	2	838.8	1	2
10	2	782.97	1	2
10	2	583.32	1	2
10	2	1197.9	1	2
10	2	1360.8	0	2
10	2	1056.6	0	2
10	2	1845.8	1	2
10	2	740.03	1	2
10	2	986.09	1	2
10	2	788.59	1	2
10	2	666.93	1	2
10	2	1163.8	1	2
10	2	778.12	0	2
10	2	1488	1	2
10	2	1004.1	1	2
10	2	1580.6	0	2
10	2	731.29	1	2
10	2	1001.8	1	2
10	2	1164.1	1	2
10	2	963.11	1	2
10	2	1362.6	1	2
10	2	1165.6	1	2
10	2	1229.7	1	2
10	2	745.28	1	2
10	2	1600.5	1	2
10	2	1135	1	2
10	2	1569.7	1	2
10	2	1202.9	1	2
10	2	2454.3	0	2
10	2	1514.4	1	2
10	2	1170	0	2
10	2	1193.6	0	2
10	2	845.14	1	2
10	2	814.04	1	2
10	2	579.79	1	2
10	2	874.33	1	2
10	2	1161.6	1	2
10	2	1095.6	1	2
10	2	2090.9	1	2
10	2	1006.8	1	2
10	2	1555.5	0	2
10	2	845.7	1	2
10	2	1272.3	0	2
10	2	1493.3	0	2
10	2	1758.7	1	2
10	2	1714.6	1	2
10	2	1229	1	2
10	2	1170.7	1	2
10	2	1002.8	1	2
10	2	818.33	1	2
10	2	882.49	1	2
10	2	725.18	1	2
10	2	746.74	1	2
10	2	637.11	1	2
10	2	788.74	1	2
10	2	868.52	1	2
10	2	824.04	1	2
10	2	612.05	1	2
10	2	768.91	1	2
10	2	896.42	1	2
10	2	1799.8	1	2
10	2	926.98	1	2
10	2	659.31	1	2
10	2	932.02	1	2
10	2	935.66	1	2
10	2	781.98	1	2
10	2	1397.2	1	2
10	2	578.92	1	2
10	2	555.81	1	2
10	2	988.95	1	2
10	2	746.82	1	2
10	2	1309.4	1	2
10	2	843.28	0	2
10	2	1034	1	2
10	2	934.63	1	2
10	2	921.44	1	2
10	2	606.62	1	2
10	2	746.59	1	2
10	2	905.44	1	2
10	2	748.44	1	2
10	2	590.41	1	2
10	2	1140.1	1	2
10	2	819.07	1	2
10	2	911.61	1	2
10	2	692.29	1	2
10	2	686.99	1	2
10	2	1823.2	1	2
10	2	647.87	1	2
10	2	1321	1	2
10	2	903.66	1	2
10	2	945.02	1	2
10	2	1249.8	1	2
10	2	1018.1	0	2
10	2	631.01	1	2
10	2	1559.9	1	2
10	2	893.07	1	2
10	2	1032	1	2
10	2	1060	1	2
10	2	579.66	1	2
10	2	910.03	1	2
10	2	785.83	1	2
10	2	1114.6	0	2
10	2	1102.7	1	2
10	2	948.59	0	2
10	2	777.79	1	2
10	2	641.49	1	2
10	2	814.11	1	2
10	2	910.04	1	2
10	2	1104.3	1	2
10	2	599.91	1	2
10	2	934.6	1	2
10	2	1061.5	1	2
10	2	874.7	1	2
10	2	911.28	1	2
10	2	553.46	1	2
10	2	778.56	1	2
10	2	884.98	1	2
10	2	1130.4	1	2
10	2	833.71	1	2
10	2	811.15	1	2
10	2	667.94	1	2
10	2	1306.6	0	2
10	2	779.19	1	2
10	2	915.29	1	2
10	2	1409.6	1	2
10	2	771.38	1	2
10	2	804.56	1	2
10	2	1079.4	1	2
10	2	828.33	1	2
10	2	1199.4	1	2
10	2	477.5	1	2
10	2	802.08	1	2
10	2	1029.2	1	2
10	2	680.17	1	2
10	2	838.01	1	2
10	2	902.35	0	2
10	2	1311.9	1	2
10	2	925.56	1	2
10	2	894.41	1	2
10	2	567.44	1	2
10	2	796.57	1	2
10	2	1482.4	0	2
10	2	1058	1	2
10	2	663.41	1	2
10	2	599.46	1	2
10	2	582.69	1	2
10	2	1159.4	1	2
10	2	683.89	1	2
10	2	667.32	1	2
10	2	649.94	1	2
10	2	642.07	1	2
10	2	989.58	1	2
10	2	837.56	1	2
10	2	1196.5	1	2
10	2	912.16	1	2
10	2	986.09	1	2
10	2	620.75	1	2
10	2	731.83	1	2
10	2	868.53	1	2
10	2	861.43	1	2
10	2	997.62	1	2
10	2	758.77	1	2
10	2	823.23	0	2
10	2	797.13	1	2
10	2	770.44	1	2
10	2	972.55	1	2
10	2	957.44	0	2
10	2	1169	1	2
10	2	763.8	1	2
10	2	862.77	1	2
10	2	981.85	1	2
10	2	663.81	1	2
10	2	979.36	1	2
10	2	618.87	1	2
10	2	536.39	1	2
10	2	762.9	1	2
10	2	676.14	1	2
10	2	520.06	1	2
10	2	538.8	1	2
10	2	689.2	1	2
10	2	690.17	1	2
10	2	1018.6	1	2
10	2	631.24	1	2
10	2	970.34	1	2
10	2	550.69	1	2
10	2	735.05	1	2
10	2	964.67	1	2
10	2	661.15	1	2
10	2	1028.9	1	2
10	2	915.62	1	2
10	2	1454.1	1	2
10	2	875.44	1	2
10	2	906.28	1	2
10	2	555.87	1	2
10	2	762.27	1	2
10	2	828.58	1	2
10	2	588.12	1	2
10	2	662.76	1	2
10	2	542.23	1	2
10	2	662.36	1	2
10	2	553.52	1	2
10	2	573.75	1	2
10	2	736.81	1	2
10	2	652.87	1	2
10	2	1371.6	0	2
10	2	891.75	1	2
10	2	570.23	1	2
10	2	790.74	1	2
10	2	688.9	1	2
10	2	511	1	2
10	2	643.62	1	2
10	2	608.92	1	2
10	2	710.83	1	2
10	2	699.85	1	2
10	2	576.75	1	2
10	2	1004	0	2
10	2	591.05	1	2
10	2	575.67	1	2
10	2	517.77	1	2
10	2	653.15	1	2
10	2	742.51	1	2
10	2	513.26	1	2
10	2	564.15	1	2
10	2	967.67	1	2
10	2	739.35	1	2
10	2	484.48	1	2
10	2	556.32	1	2
10	2	778.29	1	2
10	2	615.64	1	2
10	2	597.24	1	2
10	2	795.67	1	2
10	2	933.96	1	2
10	2	759.69	1	2
10	2	650.37	1	2
10	2	758.16	1	2
10	2	889.76	1	2
10	2	824.07	1	2
10	2	574.83	1	2
10	2	843.14	1	2
10	2	1045.1	1	2
10	2	567.22	1	2
10	2	819.62	1	2
10	2	838.84	1	2
10	2	1037.6	0	2
10	2	1616.3	1	2
10	2	907.91	1	2
10	2	575.05	1	2
10	2	699.02	1	2
10	2	708.65	1	2
10	2	661.53	1	2
10	2	573.68	1	2
10	2	682.61	1	2
10	2	1290.3	1	2
10	2	1151.3	0	2
10	2	1203.8	1	2
10	2	1053.2	1	2
10	2	705.59	1	2
10	2	669.96	1	2
10	2	897.89	1	2
10	2	918.97	1	2
10	2	629.29	1	2
10	2	723.2	1	2
10	2	895.27	1	2
10	2	1295.4	0	2
10	2	745.15	1	2
10	2	568.97	1	2
10	2	701.97	1	2
10	2	1178.7	1	2
10	2	941.54	1	2
10	2	695.92	1	2
10	2	900.63	1	2
10	2	471.35	1	2
10	2	671.84	1	2
10	2	899.91	1	2
10	2	810.78	1	2
10	2	821.4	1	2
10	2	773.23	1	2
10	2	676.27	1	2
10	2	568.1	1	2
10	2	555.21	1	2
10	2	897.73	1	2
10	2	1052.2	1	2
10	2	1456.8	0	2
10	2	706.18	1	2
10	2	718.35	1	2
10	2	920.37	0	2
10	2	1281.3	0	2
10	2	827.12	1	2
10	2	629.7	1	2
10	2	889.3	1	2
10	2	944.47	1	2
10	2	579.64	1	2
10	2	856.95	1	2
10	2	577.59	1	2
10	2	880.74	1	2
10	2	1479.7	0	2
10	2	977.94	1	2
10	2	798.65	1	2
10	2	615.79	1	2
10	2	488.84	1	2
10	2	993.1	1	2
10	2	675.81	1	2
10	2	1206.8	1	2
10	2	891.77	1	2
10	2	852.26	1	2
10	2	1176.2	1	2
10	2	882.55	1	2
10	2	887.57	1	2
10	2	916.04	1	2
10	2	942.23	1	2
10	2	757.48	1	2
10	2	898.34	1	2
10	2	795.77	1	2
10	2	998.05	1	2
10	2	813.03	1	2
10	2	686.87	1	2
10	2	884.82	1	2
10	2	630.74	1	2
10	2	921.8	1	2
10	2	714.97	1	2
10	2	608.65	1	2
10	2	774.78	1	2
10	2	1038.4	1	2
10	2	903.91	1	2
10	2	536.42	1	2
10	2	829.52	1	2
10	2	555.56	1	2
10	2	747.57	1	2
10	2	960.33	1	2
10	2	841.89	1	2
10	2	827.08	1	2
10	2	872.4	1	2
10	2	1048.2	1	2
10	2	514.45	1	2
10	2	820.48	1	2
10	2	853.57	1	2
10	2	950.21	1	2
10	2	668.74	1	2
10	2	1368.6	1	2
10	2	602.64	1	2
10	2	894.51	1	2
10	2	1199.5	1	2
10	2	897.39	1	2
10	2	686.29	1	2
10	2	732.14	0	2
10	2	663.87	1	2
10	2	1045.3	1	2
10	2	1007.6	0	2
10	2	1139.2	0	3
10	2	1656.7	1	3
10	2	1672	1	3
10	2	1924	1	3
10	2	877.73	1	3
10	2	1668.3	1	3
10	2	1243.8	0	3
10	2	1922.9	0	3
10	2	1123.2	1	3
10	2	1561.3	1	3
10	2	1347.8	1	3
10	2	884.41	1	3
10	2	1768.2	1	3
10	2	1577	1	3
10	2	1303.4	1	3
10	2	905.93	0	3
10	2	1068.5	0	3
10	2	1796.9	0	3
10	2	1592	0	3
10	2	964.11	0	3
10	2	1079.3	1	3
10	2	1206.3	1	3
10	2	1565.7	0	3
10	2	1207.3	0	3
10	2	1740.6	1	3
10	2	762.56	1	3
10	2	1851.1	0	3
10	2	900.18	1	3
10	2	822.88	1	3
10	2	732.15	1	3
10	2	1066.1	1	3
10	2	878.56	1	3
10	2	2187.3	0	3
10	2	564.17	0	3
10	2	1661.9	1	3
10	2	1350.2	1	3
10	2	1669.5	1	3
10	2	1012.8	1	3
10	2	1762.8	1	3
10	2	1050.5	1	3
10	2	1133.3	1	3
10	2	866.43	1	3
10	2	1843.6	1	3
10	2	1447.5	1	3
10	2	931.1	1	3
10	2	888.14	1	3
10	2	1164.4	1	3
10	2	708.71	1	3
10	2	1535.5	0	3
10	2	680.42	0	3
10	2	1066.3	1	3
10	2	829.08	0	3
10	2	668.37	1	3
10	2	791.71	1	3
10	2	640.3	1	3
10	2	819.82	1	3
10	2	740.01	1	3
10	2	818.22	1	3
10	2	1115	1	3
10	2	1250.5	0	3
10	2	1049.7	1	3
10	2	1208.6	1	3
10	2	843.01	1	3
10	2	863.48	1	3
10	2	645.02	1	3
10	2	1516.2	1	3
10	2	648.67	0	3
10	2	956.93	1	3
10	2	1316	1	3
10	2	672.93	1	3
10	2	890.81	1	3
10	2	1001.8	1	3
10	2	827.91	1	3
10	2	1211.7	1	3
10	2	798.51	0	3
10	2	851.78	0	3
10	2	824.88	1	3
10	2	897.34	1	3
10	2	992.15	1	3
10	2	1030.2	1	3
10	2	1670.7	1	3
10	2	1280.5	1	3
10	2	792.74	0	3
10	2	684.56	1	3
10	2	537.72	0	3
10	2	873.36	1	3
10	2	1148.6	1	3
10	2	1043.7	1	3
10	2	1349.7	1	3
10	2	738.62	1	3
10	2	598.37	1	3
10	2	816.86	1	3
10	2	1620.1	1	3
10	2	616.3	0	3
10	2	791.81	0	3
10	2	614.47	1	3
10	2	1030.6	1	3
10	2	663.81	1	3
10	2	897.99	1	3
10	2	634.05	1	3
10	2	508.54	1	3
10	2	1098.3	0	3
10	2	629.34	1	3
10	2	787.67	1	3
10	2	856.85	1	3
10	2	885.45	1	3
10	2	937.08	1	3
10	2	838.49	1	3
10	2	1302.6	1	3
10	2	592.43	1	3
10	2	936.16	1	3
10	2	812.62	1	3
10	2	635.06	1	3
10	2	942.75	1	3
10	2	860.24	1	3
10	2	568.53	1	3
10	2	842.16	1	3
10	2	824.26	1	3
10	2	793.33	1	3
10	2	830.6	1	3
10	2	581.39	1	3
10	2	744.38	1	3
10	2	761.17	1	3
10	2	988.89	1	3
10	2	740.58	1	3
10	2	789.76	1	3
10	2	549.06	1	3
10	2	519.14	1	3
10	2	1246.9	1	3
10	2	531.36	1	3
10	2	935	1	3
10	2	1319.2	1	3
10	2	958.7	1	3
10	2	594.96	1	3
10	2	753.85	1	3
10	2	985.39	1	3
10	2	792.19	1	3
10	2	658.11	1	3
10	2	586.09	1	3
10	2	765.61	1	3
10	2	678.19	1	3
10	2	998.74	1	3
10	2	1008.3	1	3
10	2	711.64	1	3
10	2	536.55	1	3
10	2	764.05	1	3
10	2	660.16	1	3
10	2	713.21	1	3
10	2	1364.9	1	3
10	2	1145.4	1	3
10	2	953.45	1	3
10	2	1028.9	1	3
10	2	899.71	1	3
10	2	703.2	1	3
10	2	791.87	0	3
10	2	1011.3	0	3
10	2	766.57	1	3
10	2	633.2	1	3
10	2	856.36	1	3
10	2	783.09	1	3
10	2	872.61	1	3
10	2	806.81	1	3
10	2	508.76	0	3
10	2	1035.5	1	3
10	2	638.37	1	3
10	2	605.58	1	3
10	2	634.87	1	3
10	2	898.84	1	3
10	2	815.8	1	3
10	2	831.94	0	3
10	2	785.83	1	3
10	2	1243.2	0	3
10	2	730.14	1	3
10	2	568.49	1	3
10	2	695.28	1	3
10	2	1151	1	3
10	2	633.29	1	3
10	2	904.96	1	3
10	2	661.93	1	3
10	2	787.01	1	3
10	2	979.99	1	3
10	2	600.02	1	3
10	2	552.95	1	3
10	2	657.23	1	3
10	2	633.83	1	3
10	2	923.99	1	3
10	2	723.05	1	3
10	2	554.3	0	3
10	2	661.22	1	3
10	2	685.25	1	3
10	2	507.22	1	3
10	2	680.13	0	3
10	2	1351.4	1	3
10	2	701.78	1	3
10	2	637.94	1	3
10	2	625.19	1	3
10	2	955.9	1	3
10	2	573.78	1	3
10	2	624.23	0	3
10	2	602.16	1	3
10	2	489.31	1	3
10	2	578.62	1	3
10	2	489.9	1	3
10	2	495.95	1	3
10	2	696.72	1	3
10	2	1372.2	0	3
10	2	693.05	1	3
10	2	612.75	1	3
10	2	545.13	1	3
10	2	658.08	1	3
10	2	591.87	1	3
10	2	731.25	1	3
10	2	552.87	1	3
10	2	774.08	1	3
10	2	601.23	1	3
10	2	829.96	1	3
10	2	626.86	1	3
10	2	767.12	1	3
10	2	779.73	1	3
10	2	556.39	1	3
10	2	614.07	1	3
10	2	465.99	1	3
10	2	633.18	1	3
10	2	979.78	1	3
10	2	664.92	1	3
10	2	712.39	1	3
10	2	568.97	0	3
10	2	667.83	1	3
10	2	581.93	1	3
10	2	718.2	1	3
10	2	607.6	1	3
10	2	552.94	1	3
10	2	536.21	1	3
10	2	512.26	1	3
10	2	844.65	0	3
10	2	766.99	1	3
10	2	883.13	1	3
10	2	679.91	1	3
10	2	745.8	1	3
10	2	934.73	1	3
10	2	570.67	1	3
10	2	768.36	1	3
10	2	664.97	1	3
10	2	744.87	1	3
10	2	852.35	1	3
10	2	858.85	1	3
10	2	745.89	0	3
10	2	572.33	1	3
10	2	698.29	1	3
10	2	502.81	1	3
10	2	491.88	1	3
10	2	841.84	1	3
10	2	634.54	1	3
10	2	901.99	1	3
10	2	800.52	1	3
10	2	603.68	1	3
10	2	660.08	1	3
10	2	1024	1	3
10	2	88.942	0	3
10	2	734.15	1	3
10	2	680.94	1	3
10	2	894	1	3
10	2	866.36	1	3
10	2	875.81	1	3
10	2	890.39	1	3
10	2	766.95	1	3
10	2	557.73	1	3
10	2	743.96	1	3
10	2	811.72	1	3
10	2	714.02	1	3
10	2	705.82	1	3
10	2	502.23	1	3
10	2	615.23	1	3
10	2	801.93	1	3
10	2	652.37	1	3
10	2	612.87	1	3
10	2	585.96	1	3
10	2	719.44	1	3
10	2	534.16	1	3
10	2	664.37	1	3
10	2	875.52	1	3
10	2	726.4	1	3
10	2	578.3	1	3
10	2	973.47	1	3
10	2	554.69	1	3
10	2	610.51	1	3
10	2	620.17	1	3
10	2	870.87	1	3
10	2	722.79	1	3
10	2	753.12	1	3
10	2	809.66	1	3
10	2	622	1	3
10	2	709.56	1	3
10	2	613.72	1	3
10	2	862.7	1	3
10	2	1064.9	1	3
10	2	548.07	1	3
10	2	656.3	1	3
10	2	781.47	1	3
10	2	729.87	1	3
10	2	618.06	1	3
10	2	814.34	1	3
10	2	638.6	1	3
10	2	641.75	1	3
10	2	608.25	1	3
10	2	538.8	1	3
10	2	621.39	1	3
10	2	628.51	1	3
10	2	639.02	1	3
10	2	624.42	1	3
10	2	644.51	1	3
10	2	915.68	1	3
10	2	655.57	1	3
10	2	769.58	1	3
10	2	729.81	1	3
10	2	620.14	1	3
10	2	758.22	1	3
10	2	659.13	1	3
10	2	818.14	1	3
10	2	592.71	1	3
10	2	621.62	1	3
10	2	1079.7	0	3
10	2	692.13	1	3
10	2	1073.8	1	3
10	2	522.82	1	3
10	2	703.08	1	3
10	2	716.98	1	3
10	2	1626.3	1	3
10	2	627.28	1	3
10	2	600.76	1	3
10	2	1016.1	1	3
10	2	708.85	1	3
10	2	877.78	1	3
10	2	667.09	1	3
10	2	607.28	1	3
10	2	786.35	1	3
10	2	707.22	1	3
10	2	576.9	1	3
10	2	659.17	1	3
10	2	690.33	1	3
10	2	629.77	1	3
10	2	906.58	1	3
10	2	725.34	1	3
10	2	613.18	1	3
10	2	1317.5	1	3
10	2	839.3	1	3
10	2	566.76	1	3
10	2	1350	1	3
10	2	1362.3	1	4
10	2	868.93	1	4
10	2	933.02	1	4
10	2	1141.3	0	4
10	2	1044.4	1	4
10	2	659.7	1	4
10	2	992.63	1	4
10	2	1835.4	1	4
10	2	1453.4	1	4
10	2	1514.8	1	4
10	2	1036.6	1	4
10	2	1400.1	0	4
10	2	923.18	1	4
10	2	1038.1	0	4
10	2	1018.2	1	4
10	2	1257.6	0	4
10	2	1246	1	4
10	2	1471.8	0	4
10	2	2028.2	0	4
10	2	1548.4	0	4
10	2	1482.8	0	4
10	2	864.52	1	4
10	2	1684.6	0	4
10	2	906.73	1	4
10	2	1168.1	1	4
10	2	1142.7	1	4
10	2	1056.6	1	4
10	2	1152.2	1	4
10	2	1349.7	0	4
10	2	1007.4	1	4
10	2	1450.3	1	4
10	2	1856.9	1	4
10	2	1057.3	1	4
10	2	836.84	1	4
10	2	997.97	1	4
10	2	1478.2	0	4
10	2	1058	1	4
10	2	1097.6	1	4
10	2	865.44	1	4
10	2	766.95	1	4
10	2	877.18	1	4
10	2	1341.7	1	4
10	2	1283.1	1	4
10	2	1246.2	1	4
10	2	1068.5	1	4
10	2	786.93	1	4
10	2	996.02	0	4
10	2	914.79	1	4
10	2	1238.9	1	4
10	2	1208.9	1	4
10	2	1225.2	1	4
10	2	1144.4	1	4
10	2	798.68	1	4
10	2	863.11	1	4
10	2	738.45	1	4
10	2	966.59	0	4
10	2	893.13	1	4
10	2	1043.4	1	4
10	2	663.9	1	4
10	2	786.26	1	4
10	2	638.55	0	4
10	2	1144	1	4
10	2	716.45	1	4
10	2	1969.7	1	4
10	2	1215.5	0	4
10	2	611.06	0	4
10	2	1322.7	1	4
10	2	765.72	1	4
10	2	1083.8	0	4
10	2	896.06	0	4
10	2	1006.8	1	4
10	2	973.91	1	4
10	2	549.08	0	4
10	2	693.71	0	4
10	2	1205.4	1	4
10	2	556.96	0	4
10	2	788.75	1	4
10	2	1302.1	1	4
10	2	1052.5	1	4
10	2	1339.2	0	4
10	2	716.88	0	4
10	2	874.82	1	4
10	2	958.61	1	4
10	2	950.16	1	4
10	2	1830.7	1	4
10	2	612.78	1	4
10	2	746.77	1	4
10	2	416.47	0	4
10	2	507	0	4
10	2	1187.4	0	4
10	2	801.05	0	4
10	2	515.33	0	4
10	2	1005.5	1	4
10	2	1304	0	4
10	2	816.26	0	4
10	2	763.17	0	4
10	2	856.62	0	4
10	2	996.92	1	4
10	2	677.05	0	4
10	2	1117.6	0	4
10	2	1103.5	1	4
10	2	829.68	1	4
10	2	844.73	0	4
10	2	1149.6	1	4
10	2	1087.5	1	4
10	2	665.91	1	4
10	2	867.79	1	4
10	2	1095.9	1	4
10	2	957.53	1	4
10	2	785.32	1	4
10	2	1190.6	0	4
10	2	982.99	0	4
10	2	1272.3	1	4
10	2	1803.8	1	4
10	2	876.92	1	4
10	2	850.44	0	4
10	2	641.44	1	4
10	2	906.66	1	4
10	2	940.89	1	4
10	2	595.81	0	4
10	2	912.35	1	4
10	2	952.14	1	4
10	2	787.79	1	4
10	2	733.3	1	4
10	2	833.95	1	4
10	2	1248	1	4
10	2	1032.9	1	4
10	2	663.5	1	4
10	2	754.08	1	4
10	2	755.96	0	4
10	2	915.94	0	4
10	2	858.77	1	4
10	2	686.82	1	4
10	2	659.78	0	4
10	2	960.03	1	4
10	2	789.49	1	4
10	2	1048.9	1	4
10	2	884.38	0	4
10	2	652.95	1	4
10	2	869.62	1	4
10	2	549.69	1	4
10	2	760.74	1	4
10	2	987	1	4
10	2	915.49	1	4
10	2	1110.4	1	4
10	2	1241.8	1	4
10	2	606.72	1	4
10	2	654.7	1	4
10	2	706.23	1	4
10	2	834.41	1	4
10	2	748.04	1	4
10	2	1119.2	1	4
10	2	826.3	0	4
10	2	1252.5	0	4
10	2	1214.9	0	4
10	2	1433.6	1	4
10	2	889.15	1	4
10	2	988.44	1	4
10	2	932.4	1	4
10	2	810.33	1	4
10	2	968.9	0	4
10	2	824.2	0	4
10	2	909.9	1	4
10	2	969.57	1	4
10	2	962.26	0	4
10	2	977.47	1	4
10	2	1289.1	1	4
10	2	1124	1	4
10	2	1120.7	1	4
10	2	974.81	0	4
10	2	866.28	1	4
10	2	1085	1	4
10	2	1288.1	0	4
10	2	746.33	1	4
10	2	665.23	1	4
10	2	1151	1	4
10	2	947.45	1	4
10	2	635.94	1	4
10	2	719.24	1	4
10	2	1360.2	1	4
10	2	677.01	1	4
10	2	511.19	0	4
10	2	667.7	1	4
10	2	582.97	1	4
10	2	1030.3	0	4
10	2	776.25	1	4
10	2	987.08	1	4
10	2	678.04	1	4
10	2	806.18	1	4
10	2	892.35	1	4
10	2	798.91	1	4
10	2	771.8	1	4
10	2	951.45	1	4
10	2	1284.8	0	4
10	2	647.52	1	4
10	2	805.51	1	4
10	2	873.73	1	4
10	2	810.59	1	4
10	2	866.89	0	4
10	2	933.18	1	4
10	2	674.36	1	4
10	2	816.69	1	4
10	2	853.09	1	4
10	2	1438.7	1	4
10	2	1153.7	1	4
10	2	1482.4	1	4
10	2	1050.2	1	4
10	2	931.45	1	4
10	2	571.65	0	4
10	2	546.93	1	4
10	2	1066.5	1	4
10	2	763.06	1	4
10	2	1307.6	1	4
10	2	915.25	1	4
10	2	621.56	1	4
10	2	1061.2	1	4
10	2	564.95	1	4
10	2	615.53	1	4
10	2	836.18	1	4
10	2	709.94	1	4
10	2	659.01	1	4
10	2	630.25	1	4
10	2	947.17	0	4
10	2	603.05	1	4
10	2	870.53	1	4
10	2	1175.8	1	4
10	2	839.98	1	4
10	2	728.07	1	4
10	2	774.62	1	4
10	2	1163	1	4
10	2	1582.3	1	4
10	2	665.45	1	4
10	2	734.15	1	4
10	2	715.05	1	4
10	2	760.65	1	4
10	2	666.76	1	4
10	2	1266.3	0	4
10	2	758.09	1	4
10	2	746.42	1	4
10	2	525.29	0	4
10	2	561.91	0	4
10	2	545.88	0	4
10	2	852.56	1	4
10	2	497.22	0	4
10	2	646.2	1	4
10	2	765.97	0	4
10	2	708.54	1	4
10	2	858.35	1	4
10	2	946.07	1	4
10	2	671.34	1	4
10	2	980.93	1	4
10	2	731.79	0	4
10	2	540.85	1	4
10	2	1118.8	1	4
10	2	930.38	1	4
10	2	1232.6	1	4
10	2	669.18	1	4
10	2	887.66	1	4
10	2	720.28	1	4
10	2	820.52	1	4
10	2	872.92	0	4
10	2	928.86	1	4
10	2	1152	1	4
10	2	872.61	1	4
10	2	832.07	1	4
10	2	810.72	1	4
10	2	1029.4	1	4
10	2	681.86	0	4
10	2	736.34	1	4
10	2	1021.4	1	4
10	2	631.15	1	4
10	2	962.56	1	4
10	2	830.59	1	4
10	2	860.91	1	4
10	2	669.12	1	4
10	2	1104	1	4
10	2	881.13	1	4
10	2	1375.5	1	4
10	2	883.77	1	4
10	2	955.93	0	4
10	2	740.47	1	4
10	2	999.5	1	4
10	2	930.38	0	4
10	2	607.67	1	4
10	2	623.64	1	4
10	2	555.96	1	4
10	2	626.01	1	4
10	2	1056.3	1	4
10	2	638.56	1	4
10	2	657.14	1	4
10	2	897.16	1	4
10	2	1222.4	1	4
10	2	1010	1	4
10	2	1250.6	1	4
10	2	1136.8	1	4
10	2	1044.6	1	4
10	2	1070.3	0	4
10	2	653.75	1	4
10	2	1132.3	1	4
10	2	1095.6	1	4
10	2	810.69	1	4
10	2	808.38	1	4
10	2	1060	1	4
10	2	774.93	1	4
10	2	807.07	1	4
10	2	1073.9	1	4
10	2	929.33	1	4
10	2	903.25	1	4
10	2	1083.6	1	4
10	2	940.55	1	4
10	2	537.69	0	4
10	2	1197.1	1	4
10	2	1071.6	1	4
10	2	931.72	1	4
10	2	537.31	1	4
10	2	447.68	0	4
10	2	1086.3	1	4
10	2	920.39	1	4
10	2	820.64	1	4
10	2	658.39	1	4
10	2	977.75	1	4
10	2	857.06	0	4
10	2	963.28	0	4
10	2	692.57	1	4
10	2	1944.8	0	4
10	2	951.6	1	4
10	2	915.05	0	4
10	2	873.49	1	4
10	2	781.94	1	4
10	2	811.96	1	4
10	2	1133	1	4
10	2	622.44	1	4
10	2	944.3	0	4
10	2	1082.5	1	4
10	2	926.58	1	4
10	2	1389.9	1	4
10	2	642.71	1	4
10	2	897.3	1	4
10	2	1237.2	1	4
10	2	739.01	1	4
10	2	860.39	1	4
10	2	831.74	1	4
10	2	751.41	1	4
10	2	929.24	1	4
10	2	865.15	1	4
10	2	685.56	1	4
10	2	1029	0	4
10	2	1053.6	0	4
10	2	812.28	1	4
10	2	852.82	1	4
10	2	573.47	0	5
10	2	1037.7	0	5
10	2	1761.8	1	5
10	2	1562.6	0	5
10	2	2015.4	1	5
10	2	1152.5	1	5
10	2	620.28	1	5
10	2	759.21	1	5
10	2	1225.3	1	5
10	2	1068.9	0	5
10	2	839.96	0	5
10	2	1212	1	5
10	2	1587.8	0	5
10	2	1858.8	1	5
10	2	1664.5	1	5
10	2	1350.7	0	5
10	2	1838.1	1	5
10	2	1278.9	0	5
10	2	1514.9	1	5
10	2	1663.3	1	5
10	2	1266.6	0	5
10	2	1241.3	1	5
10	2	2088.9	1	5
10	2	1595.3	1	5
10	2	1516.4	0	5
10	2	1303.1	1	5
10	2	1201.9	1	5
10	2	1349.4	1	5
10	2	642.77	1	5
10	2	1325	1	5
10	2	1651.5	1	5
10	2	1056.5	0	5
10	2	1198.5	0	5
10	2	1840.1	0	5
10	2	1027.1	1	5
10	2	1320.9	1	5
10	2	1276.5	0	5
10	2	1369.2	1	5
10	2	1094.5	1	5
10	2	1305.2	1	5
10	2	1277.4	0	5
10	2	1672.3	0	5
10	2	810.52	1	5
10	2	1580.6	1	5
10	2	1106.2	1	5
10	2	1063.2	1	5
10	2	1095.3	1	5
10	2	999.86	1	5
10	2	1999.3	0	5
10	2	928.96	1	5
10	2	1202.5	0	5
10	2	555.55	0	5
10	2	730.61	1	5
10	2	924.98	1	5
10	2	1329.3	0	5
10	2	989.06	1	5
10	2	895.99	1	5
10	2	881.49	1	5
10	2	946.26	1	5
10	2	994.19	1	5
10	2	969.4	1	5
10	2	1342.5	1	5
10	2	1043.4	1	5
10	2	1015.2	1	5
10	2	1261.1	1	5
10	2	768.94	0	5
10	2	1222.9	0	5
10	2	1214.2	1	5
10	2	1118.5	1	5
10	2	776.53	1	5
10	2	837.28	1	5
10	2	919.49	1	5
10	2	828.44	1	5
10	2	683.82	1	5
10	2	611.39	1	5
10	2	1021.9	1	5
10	2	617.58	1	5
10	2	855.32	1	5
10	2	811.25	0	5
10	2	1239.9	1	5
10	2	1042	1	5
10	2	731.9	1	5
10	2	754.58	0	5
10	2	1503.4	0	5
10	2	781.58	1	5
10	2	712.05	1	5
10	2	1173.7	0	5
10	2	960.2	1	5
10	2	927.04	1	5
10	2	798.9	1	5
10	2	1428.5	1	5
10	2	876.67	1	5
10	2	705.69	1	5
10	2	881.12	1	5
10	2	1029.7	1	5
10	2	891.29	1	5
10	2	911.31	1	5
10	2	729.28	1	5
10	2	774.16	1	5
10	2	724.79	1	5
10	2	1161.8	1	5
10	2	1109.4	0	5
10	2	1159.1	1	5
10	2	1461.6	0	5
10	2	1466.1	1	5
10	2	1288.9	1	5
10	2	1012.8	0	5
10	2	1436.4	1	5
10	2	1403.2	1	5
10	2	478.39	0	5
10	2	1247.1	1	5
10	2	1156.5	1	5
10	2	1241.9	0	5
10	2	1001.3	1	5
10	2	979.03	1	5
10	2	878.44	1	5
10	2	616.82	1	5
10	2	519.72	0	5
10	2	731.53	1	5
10	2	879.43	1	5
10	2	976.84	1	5
10	2	1316.6	1	5
10	2	961.48	1	5
10	2	784.62	1	5
10	2	622.07	1	5
10	2	940.92	1	5
10	2	779.99	1	5
10	2	953.25	1	5
10	2	756.08	1	5
10	2	739.81	1	5
10	2	1110.7	0	5
10	2	908.57	0	5
10	2	1005.5	1	5
10	2	761.49	1	5
10	2	680.09	1	5
10	2	870.4	1	5
10	2	568.95	1	5
10	2	752.11	1	5
10	2	802.22	1	5
10	2	705.96	1	5
10	2	926.5	1	5
10	2	888.14	1	5
10	2	1328.1	0	5
10	2	1045.9	0	5
10	2	861.33	1	5
10	2	653.81	1	5
10	2	777.97	1	5
10	2	743.83	1	5
10	2	703.31	1	5
10	2	649.34	1	5
10	2	872.57	0	5
10	2	898.26	0	5
10	2	913.97	1	5
10	2	1136.5	1	5
10	2	902.95	1	5
10	2	818.8	1	5
10	2	768.65	1	5
10	2	1126.2	1	5
10	2	1289.1	1	5
10	2	855.44	1	5
10	2	791.67	1	5
10	2	811.37	1	5
10	2	1315.8	0	5
10	2	896.71	1	5
10	2	999.84	0	5
10	2	935.13	1	5
10	2	762.3	1	5
10	2	909.07	1	5
10	2	717.4	1	5
10	2	725.83	1	5
10	2	849.51	0	5
10	2	915.18	1	5
10	2	912.94	0	5
10	2	858.27	1	5
10	2	791.03	1	5
10	2	978.81	1	5
10	2	715.02	1	5
10	2	771.11	1	5
10	2	930.14	0	5
10	2	717.48	1	5
10	2	1040.7	0	5
10	2	1146.8	0	5
10	2	889.3	1	5
10	2	862.19	0	5
10	2	924.06	1	5
10	2	752.17	1	5
10	2	810.79	1	5
10	2	801.81	1	5
10	2	872.21	1	5
10	2	719.07	0	5
10	2	1154.6	0	5
10	2	680.29	0	5
10	2	1010	0	5
10	2	1368.1	0	5
10	2	905.25	1	5
10	2	980.87	1	5
10	2	786.89	1	5
10	2	777.32	1	5
10	2	727.35	1	5
10	2	775.86	1	5
10	2	860.08	1	5
10	2	914.14	1	5
10	2	805.55	1	5
10	2	787.22	1	5
10	2	1973	1	5
10	2	893.11	1	5
10	2	1619.3	1	5
10	2	1070.6	1	5
10	2	760.28	1	5
10	2	918.59	1	5
10	2	790.94	0	5
10	2	902.66	1	5
10	2	967.78	0	5
10	2	819.41	1	5
10	2	740	0	5
10	2	898.98	1	5
10	2	744.12	1	5
10	2	804.74	1	5
10	2	1076.4	1	5
10	2	755.76	1	5
10	2	549.61	0	5
10	2	867.42	0	5
10	2	871.07	0	5
10	2	947.07	1	5
10	2	881.22	1	5
10	2	1055.9	1	5
10	2	865.5	0	5
10	2	1054.9	1	5
10	2	983.68	1	5
10	2	592.03	0	5
10	2	987.35	1	5
10	2	750.54	1	5
10	2	789.52	1	5
10	2	920.51	0	5
10	2	825.05	1	5
10	2	1029.5	1	5
10	2	863.92	1	5
10	2	884.39	1	5
10	2	832.87	1	5
10	2	1177.3	1	5
10	2	902.69	0	5
10	2	660.36	1	5
10	2	662.65	1	5
10	2	703.06	1	5
10	2	768.08	1	5
10	2	874.27	1	5
10	2	907.44	1	5
10	2	793.64	1	5
10	2	717.09	0	5
10	2	1048.7	0	5
10	2	880.27	1	5
10	2	850.04	1	5
10	2	786.04	0	5
10	2	781.51	0	5
10	2	1999.3	1	5
10	2	834.81	0	5
10	2	931.8	1	5
10	2	1149.5	1	5
10	2	1361.5	0	5
10	2	1168.5	1	5
10	2	807.37	1	5
10	2	626.95	1	5
10	2	730.13	1	5
10	2	1195.3	1	5
10	2	759.95	0	5
10	2	639.4	1	5
10	2	794.58	1	5
10	2	751.02	1	5
10	2	872.31	1	5
10	2	1093.1	1	5
10	2	1232.2	1	5
10	2	870.53	1	5
10	2	1156.3	1	5
10	2	897.48	1	5
10	2	804.85	1	5
10	2	766.55	1	5
10	2	758.48	1	5
10	2	865.23	1	5
10	2	1522.3	0	5
10	2	696.24	1	5
10	2	809.93	1	5
10	2	751.47	1	5
10	2	617.14	1	5
10	2	700.24	1	5
10	2	666.55	1	5
10	2	602.87	1	5
10	2	1231.5	0	5
10	2	663.26	1	5
10	2	859.22	1	5
10	2	1103	1	5
10	2	1625.9	1	5
10	2	1311	1	5
10	2	662.75	1	5
10	2	1441.5	0	5
10	2	1201.2	1	5
10	2	1021.7	0	5
10	2	789.95	1	5
10	2	1232.7	1	5
10	2	816.11	1	5
10	2	1077.6	1	5
10	2	977.87	1	5
10	2	790.63	1	5
10	2	1329.5	1	5
10	2	656.13	1	5
10	2	1027.6	0	5
10	2	856.25	1	5
10	2	803.33	1	5
10	2	967.8	1	5
10	2	738.57	1	5
10	2	976.82	0	5
10	2	1139.6	1	5
10	2	896.28	0	5
10	2	1041.2	1	5
10	2	1289.4	0	5
10	2	1071.8	1	5
10	2	872.41	1	5
10	2	775.05	1	5
10	2	810.44	1	5
10	2	853.97	1	5
10	2	718.35	1	5
10	2	803.01	0	5
10	2	710.48	1	5
10	2	660.52	0	5
10	2	1232.5	1	5
10	2	1235.3	1	5
10	2	648.94	1	5
10	2	561.57	1	5
10	2	818.23	1	5
10	2	838.08	1	5
10	2	1259	1	5
10	2	908.73	1	5
10	2	834.76	1	5
10	2	610.09	1	5
10	2	711.27	1	5
10	2	792.13	1	5
10	2	944.05	1	5
10	2	863.75	1	5
10	2	1026.7	0	5
10	2	999.99	1	5
10	2	800.46	1	5
10	2	1438.6	0	5
10	2	843.74	1	5
10	2	1180.2	0	5
10	2	838.87	0	5
10	2	1311	1	5
10	2	734.79	1	5
10	2	788.61	1	5
10	2	687.16	1	5
10	2	863.47	1	5
10	2	732.35	1	5
10	2	2591	0	6
10	2	997.38	0	6
10	2	1560.4	1	6
10	2	1057.6	1	6
10	2	2471.1	0	6
10	2	752.52	0	6
10	2	927.5	1	6
10	2	1449.7	0	6
10	2	1354.7	1	6
10	2	1609.2	1	6
10	2	1419.7	0	6
10	2	677.4	0	6
10	2	1307.4	1	6
10	2	1211.2	1	6
10	2	1080.3	1	6
10	2	1144.4	0	6
10	2	778.54	1	6
10	2	1145.6	1	6
10	2	1155	0	6
10	2	1191.9	1	6
10	2	1901.9	0	6
10	2	868.5	0	6
10	2	1014.4	0	6
10	2	1846.4	0	6
10	2	956.01	0	6
10	2	1778	1	6
10	2	1182.9	1	6
10	2	1186.2	0	6
10	2	1475.4	1	6
10	2	1732.9	1	6
10	2	621.25	0	6
10	2	1242.8	0	6
10	2	950.13	0	6
10	2	2524.2	0	6
10	2	1808.7	0	6
10	2	1322	0	6
10	2	1786.9	0	6
10	2	1052.6	0	6
10	2	1158.8	0	6
10	2	1778.1	0	6
10	2	1320.3	0	6
10	2	1322.7	0	6
10	2	1376.5	0	6
10	2	938.1	0	6
10	2	1516.1	0	6
10	2	1505.5	1	6
10	2	1962.4	1	6
10	2	1181.2	0	6
10	2	831.75	1	6
10	2	1461	0	6
10	2	816.92	1	6
10	2	824.76	0	6
10	2	979.19	1	6
10	2	968.65	0	6
10	2	1243.2	1	6
10	2	601.49	0	6
10	2	1143.6	1	6
10	2	1543.4	1	6
10	2	999.3	1	6
10	2	629.3	0	6
10	2	1093.8	1	6
10	2	1374.1	1	6
10	2	1902.2	0	6
10	2	1544.1	0	6
10	2	1683.2	0	6
10	2	946.02	1	6
10	2	1159.5	1	6
10	2	826.8	1	6
10	2	1104.6	1	6
10	2	1391.6	0	6
10	2	994.45	1	6
10	2	966.45	1	6
10	2	758.54	1	6
10	2	979.34	1	6
10	2	1024.7	1	6
10	2	902.76	1	6
10	2	857.46	1	6
10	2	802.74	0	6
10	2	710.99	1	6
10	2	726.82	1	6
10	2	1017.1	1	6
10	2	877.05	1	6
10	2	823.01	1	6
10	2	755.82	1	6
10	2	552.56	1	6
10	2	1243.8	1	6
10	2	532.62	1	6
10	2	737.22	1	6
10	2	633.21	1	6
10	2	1068.5	1	6
10	2	1387.1	1	6
10	2	657.38	1	6
10	2	716.42	1	6
10	2	590.3	1	6
10	2	935.13	1	6
10	2	625.89	1	6
10	2	616.01	1	6
10	2	1266.4	1	6
10	2	751.08	1	6
10	2	715.34	1	6
10	2	616.8	1	6
10	2	1504.9	1	6
10	2	2019.6	1	6
10	2	861.86	1	6
10	2	859.79	1	6
10	2	1179.4	0	6
10	2	497.37	1	6
10	2	687.96	1	6
10	2	737	1	6
10	2	715.25	1	6
10	2	1453.1	0	6
10	2	982.61	1	6
10	2	1187.7	1	6
10	2	1159.7	0	6
10	2	892.92	1	6
10	2	669.1	1	6
10	2	909.05	1	6
10	2	838.35	1	6
10	2	903.24	1	6
10	2	836.91	1	6
10	2	625.19	1	6
10	2	685.45	1	6
10	2	580.52	1	6
10	2	743.47	1	6
10	2	794.75	0	6
10	2	542.85	1	6
10	2	536.35	1	6
10	2	874.32	1	6
10	2	635.9	1	6
10	2	1449	0	6
10	2	1382.3	1	6
10	2	1169.9	0	6
10	2	1187.2	1	6
10	2	676.87	1	6
10	2	635.36	1	6
10	2	1096.8	1	6
10	2	605.29	1	6
10	2	551.19	1	6
10	2	652.83	1	6
10	2	771.87	1	6
10	2	1694.4	0	6
10	2	666.45	1	6
10	2	660.38	1	6
10	2	762.75	1	6
10	2	776.97	1	6
10	2	1026.2	1	6
10	2	884.53	1	6
10	2	848.18	1	6
10	2	758.05	1	6
10	2	602.91	1	6
10	2	1234.7	1	6
10	2	916.52	1	6
10	2	1140.4	0	6
10	2	566.33	1	6
10	2	1067.4	1	6
10	2	548.21	1	6
10	2	916.12	1	6
10	2	895.15	1	6
10	2	986.91	1	6
10	2	733.7	1	6
10	2	1229.5	1	6
10	2	882.36	1	6
10	2	747.47	1	6
10	2	633.32	1	6
10	2	754.92	1	6
10	2	1164.5	1	6
10	2	754.21	1	6
10	2	1112.7	1	6
10	2	922.24	1	6
10	2	685.26	1	6
10	2	1187.7	0	6
10	2	705	1	6
10	2	1160.1	1	6
10	2	824.24	1	6
10	2	755.6	0	6
10	2	973.02	0	6
10	2	1216.8	1	6
10	2	1277.5	0	6
10	2	855.7	1	6
10	2	698.18	0	6
10	2	855.79	1	6
10	2	1126.3	0	6
10	2	914.91	1	6
10	2	766.56	1	6
10	2	554.06	1	6
10	2	690.11	0	6
10	2	543.93	1	6
10	2	515.01	1	6
10	2	607.04	1	6
10	2	877.41	1	6
10	2	939.52	1	6
10	2	1226.9	1	6
10	2	871.34	1	6
10	2	1059.6	0	6
10	2	587.67	1	6
10	2	603.02	1	6
10	2	837.37	1	6
10	2	661.66	1	6
10	2	613.51	1	6
10	2	923.52	1	6
10	2	873.39	1	6
10	2	974.61	0	6
10	2	868.54	0	6
10	2	604.59	1	6
10	2	925.89	0	6
10	2	1198.4	1	6
10	2	612.78	1	6
10	2	880.23	1	6
10	2	531.89	1	6
10	2	597.61	1	6
10	2	528.25	1	6
10	2	718.49	1	6
10	2	765.79	1	6
10	2	787.44	1	6
10	2	1214.3	1	6
10	2	523.39	1	6
10	2	1530.7	1	6
10	2	713.32	1	6
10	2	747.78	1	6
10	2	728.8	1	6
10	2	846.42	1	6
10	2	737.23	1	6
10	2	1421.3	1	6
10	2	1472.8	1	6
10	2	850.29	1	6
10	2	1001.5	1	6
10	2	816.98	1	6
10	2	593.61	0	6
10	2	847.87	1	6
10	2	1136.2	1	6
10	2	628.93	1	6
10	2	693.47	0	6
10	2	821.62	1	6
10	2	830.81	1	6
10	2	1233.8	1	6
10	2	951.85	0	6
10	2	1171	0	6
10	2	768.51	1	6
10	2	584.2	1	6
10	2	721.63	1	6
10	2	911.83	1	6
10	2	747.01	1	6
10	2	678.16	1	6
10	2	824.68	1	6
10	2	1190.4	1	6
10	2	831.81	1	6
10	2	602.35	1	6
10	2	509.28	1	6
10	2	989.82	1	6
10	2	1051.4	1	6
10	2	1214.4	0	6
10	2	511.11	1	6
10	2	1324.4	0	6
10	2	1335.7	1	6
10	2	1080.5	1	6
10	2	852.91	1	6
10	2	949.23	1	6
10	2	773.2	1	6
10	2	786.03	1	6
10	2	958.62	1	6
10	2	1364	1	6
10	2	743.66	1	6
10	2	890.75	1	6
10	2	801.69	1	6
10	2	853.67	1	6
10	2	626.86	1	6
10	2	1241.2	1	6
10	2	768.98	1	6
10	2	791.49	1	6
10	2	714.18	1	6
10	2	585.26	1	6
10	2	749.23	1	6
10	2	754.58	1	6
10	2	745.01	1	6
10	2	722.87	1	6
10	2	1096.2	1	6
10	2	627.18	1	6
10	2	598.98	1	6
10	2	1233.8	1	6
10	2	587.18	1	6
10	2	939.29	1	6
10	2	614.96	1	6
10	2	691.24	1	6
10	2	583.82	1	6
10	2	1309.1	1	6
10	2	808.65	0	6
10	2	1096.2	0	6
10	2	749.38	1	6
10	2	806.51	1	6
10	2	696.07	1	6
10	2	657.22	1	6
10	2	937.84	1	6
10	2	625.46	1	6
10	2	1056.2	1	6
10	2	992.5	1	6
10	2	754.32	1	6
10	2	834.21	1	6
10	2	662.46	1	6
10	2	658.61	1	6
10	2	679	1	6
10	2	758.74	1	6
10	2	947.42	0	6
10	2	671.18	1	6
10	2	1124.9	1	6
10	2	1077.1	0	6
10	2	929.09	1	6
10	2	985.99	1	6
10	2	745.7	1	6
10	2	985.04	1	6
10	2	1054.6	1	6
10	2	799.88	1	6
10	2	772.16	1	6
10	2	822.36	1	6
10	2	981.31	1	6
10	2	616.56	1	6
10	2	808.71	1	6
10	2	775.58	0	6
10	2	594.63	1	6
10	2	868.25	1	6
10	2	1016	1	6
10	2	1261.6	1	6
10	2	661.61	1	6
10	2	814.31	1	6
10	2	726.4	1	6
10	2	799.94	1	6
10	2	628.31	1	6
10	2	697.97	1	6
10	2	807.29	1	6
10	2	651.92	1	6
10	2	925.58	1	6
10	2	731.73	1	6
10	2	1043.5	0	6
10	2	763.43	1	6
10	2	655.11	1	6
10	2	843.75	1	6
10	2	1111.3	1	6
10	2	990.23	1	6
10	2	757.51	1	6
10	2	720.59	1	6
10	2	1093	1	6
10	2	953.37	1	6
10	2	687.39	1	6
10	2	929.72	1	6
10	2	627.47	1	6
10	2	781.71	1	6
10	2	1057.1	1	6
10	2	514.78	1	6
10	2	808.28	1	6
10	2	1304.4	1	6
10	2	943.72	1	6
10	2	492.73	1	7
10	2	1144.6	1	7
10	2	563.57	1	7
10	2	639.52	1	7
10	2	975.94	1	7
10	2	705.67	1	7
10	2	1167	1	7
10	2	746.77	1	7
10	2	938.05	1	7
10	2	707.93	1	7
10	2	1484.7	1	7
10	2	802.34	1	7
10	2	904.05	1	7
10	2	731.34	1	7
10	2	1343.5	1	7
10	2	859.92	1	7
10	2	949.27	1	7
10	2	773.69	1	7
10	2	780.44	1	7
10	2	671.81	1	7
10	2	2457.2	1	7
10	2	2141.4	1	7
10	2	828.66	1	7
10	2	658.98	1	7
10	2	671.55	1	7
10	2	767.07	1	7
10	2	879.57	1	7
10	2	1452.9	1	7
10	2	861.37	1	7
10	2	586.72	1	7
10	2	724.4	1	7
10	2	1281.8	1	7
10	2	1594	1	7
10	2	930.8	0	7
10	2	746.11	1	7
10	2	572.1	1	7
10	2	523.86	1	7
10	2	1414.7	1	7
10	2	953.14	1	7
10	2	1270	1	7
10	2	878.95	1	7
10	2	1071.1	1	7
10	2	724.58	1	7
10	2	628.33	1	7
10	2	713.39	1	7
10	2	894.81	1	7
10	2	621.41	1	7
10	2	1596.2	1	7
10	2	1659.7	1	7
10	2	741.09	1	7
10	2	507.33	1	7
10	2	620	1	7
10	2	590.73	1	7
10	2	1330.6	1	7
10	2	550.89	1	7
10	2	631.11	1	7
10	2	650.88	1	7
10	2	754.38	0	7
10	2	654.9	1	7
10	2	650.83	1	7
10	2	738.83	0	7
10	2	664.57	1	7
10	2	721.69	1	7
10	2	558.49	1	7
10	2	1394.7	0	7
10	2	644.07	1	7
10	2	576.51	1	7
10	2	897.34	1	7
10	2	584.91	1	7
10	2	765.46	1	7
10	2	499.11	1	7
10	2	584.69	1	7
10	2	647.26	1	7
10	2	665.88	1	7
10	2	542.98	1	7
10	2	540.69	1	7
10	2	782.99	1	7
10	2	547.59	1	7
10	2	525.16	1	7
10	2	546.41	1	7
10	2	535.12	1	7
10	2	604.55	1	7
10	2	880.42	1	7
10	2	2260.6	1	7
10	2	569.17	1	7
10	2	561.61	1	7
10	2	576.96	1	7
10	2	547.23	1	7
10	2	1015	1	7
10	2	1225.7	0	7
10	2	1273.9	1	7
10	2	663.75	1	7
10	2	813.98	1	7
10	2	474.28	1	7
10	2	443.76	1	7
10	2	623.3	1	7
10	2	992.65	1	7
10	2	761.71	1	7
10	2	719.5	1	7
10	2	632.37	1	7
10	2	976.01	1	7
10	2	714.9	1	7
10	2	647.49	1	7
10	2	781.4	1	7
10	2	657.98	1	7
10	2	611.59	1	7
10	2	850.56	1	7
10	2	1398.8	1	7
10	2	620.21	1	7
10	2	576.23	1	7
10	2	753.13	1	7
10	2	685.8	1	7
10	2	658.09	1	7
10	2	503.31	1	7
10	2	640.69	1	7
10	2	661.4	1	7
10	2	763.8	1	7
10	2	896.42	1	7
10	2	769.1	1	7
10	2	600.88	1	7
10	2	978.74	0	7
10	2	946.65	1	7
10	2	627.76	1	7
10	2	770.32	1	7
10	2	915.09	1	7
10	2	578.59	1	7
10	2	631.38	1	7
10	2	585.71	1	7
10	2	621.5	1	7
10	2	501.02	1	7
10	2	773.96	0	7
10	2	464.19	1	7
10	2	606.46	1	7
10	2	497.91	1	7
10	2	587.11	1	7
10	2	526.76	1	7
10	2	530.27	1	7
10	2	651.3	1	7
10	2	586.21	1	7
10	2	600.88	1	7
10	2	1166.6	1	7
10	2	558.9	1	7
10	2	666.24	1	7
10	2	518.87	1	7
10	2	664.94	1	7
10	2	684.08	1	7
10	2	883.9	1	7
10	2	569.35	1	7
10	2	994.45	1	7
10	2	885.75	1	7
10	2	598.8	1	7
10	2	559.42	1	7
10	2	621.02	1	7
10	2	1171.2	1	7
10	2	741.38	1	7
10	2	940.01	1	7
10	2	623.16	1	7
10	2	650.68	1	7
10	2	649.43	1	7
10	2	678.37	1	7
10	2	537.37	1	7
10	2	587.83	1	7
10	2	807.58	1	7
10	2	591.16	1	7
10	2	550.74	1	7
10	2	609.27	1	7
10	2	1629.8	1	7
10	2	511.98	1	7
10	2	604.36	1	7
10	2	1092.2	0	7
10	2	543.2	1	7
10	2	625.64	1	7
10	2	545.06	1	7
10	2	674.01	1	7
10	2	955.89	1	7
10	2	662.76	1	7
10	2	888.69	1	7
10	2	623.87	1	7
10	2	591.37	1	7
10	2	807.34	1	7
10	2	549.62	1	7
10	2	695.43	1	7
10	2	833.39	0	7
10	2	599.38	1	7
10	2	481.68	1	7
10	2	541.99	1	7
10	2	580.45	1	7
10	2	593.97	1	7
10	2	643.4	1	7
10	2	632.46	1	7
10	2	735.11	1	7
10	2	749.64	1	7
10	2	597.47	1	7
10	2	796.84	1	7
10	2	528.2	1	7
10	2	456.13	1	7
10	2	578.99	1	7
10	2	818.71	1	7
10	2	514.27	1	7
10	2	608.16	1	7
10	2	526.21	1	7
10	2	782.9	1	7
10	2	596.76	1	7
10	2	532.67	1	7
10	2	842.89	1	7
10	2	530.27	1	7
10	2	1277.9	1	7
10	2	619.88	0	7
10	2	757.11	1	7
10	2	501.24	1	7
10	2	431.86	1	7
10	2	526.53	1	7
10	2	671.47	1	7
10	2	582.42	0	7
10	2	528.41	1	7
10	2	532.35	1	7
10	2	532.21	1	7
10	2	537.58	1	7
10	2	540.22	1	7
10	2	515.18	1	7
10	2	676.74	1	7
10	2	584.49	1	7
10	2	626.11	1	7
10	2	750.23	1	7
10	2	1102.4	1	7
10	2	867.71	1	7
10	2	501.26	1	7
10	2	777.91	1	7
10	2	612.44	1	7
10	2	656.5	1	7
10	2	536.5	1	7
10	2	588.93	1	7
10	2	593.69	1	7
10	2	478.17	1	7
10	2	752.19	1	7
10	2	1049	1	7
10	2	559.07	1	7
10	2	640.47	1	7
10	2	525.07	1	7
10	2	465.5	1	7
10	2	622.09	1	7
10	2	637.72	1	7
10	2	479.23	1	7
10	2	549.75	0	7
10	2	665.26	1	7
10	2	586.13	1	7
10	2	531.28	1	7
10	2	557.67	1	7
10	2	477.64	1	7
10	2	464.09	1	7
10	2	817.74	1	7
10	2	711.56	1	7
10	2	646.28	1	7
10	2	933.07	1	7
10	2	547.35	1	7
10	2	787.77	1	7
10	2	688.68	1	7
10	2	547.56	1	7
10	2	701.9	1	7
10	2	632.71	1	7
10	2	517	1	7
10	2	706.25	1	7
10	2	508.54	1	7
10	2	502.55	1	7
10	2	889.6	1	7
10	2	829.24	1	7
10	2	1472.5	1	7
10	2	947.87	1	7
10	2	576.91	1	7
10	2	690.52	1	7
10	2	584.16	1	7
10	2	848.09	1	7
10	2	531.43	1	7
10	2	666.86	1	7
10	2	1096.7	1	7
10	2	627.76	1	7
10	2	510.54	1	7
10	2	781.41	1	7
10	2	519.62	1	7
10	2	1047	1	7
10	2	599.52	1	7
10	2	547.75	1	7
10	2	796.98	1	7
10	2	704.99	1	7
10	2	544.53	1	7
10	2	901.05	1	7
10	2	888.24	1	7
10	2	654.5	1	7
10	2	545.68	1	7
10	2	697.81	1	7
10	2	644.45	1	7
10	2	587.43	1	7
10	2	820.85	1	7
10	2	552.34	1	7
10	2	591.1	1	7
10	2	886.18	1	7
10	2	571.83	1	7
10	2	884.98	1	7
10	2	605.08	1	7
10	2	486.53	1	7
10	2	589.49	1	7
10	2	653.38	1	7
10	2	782.28	1	7
10	2	1177.5	0	7
10	2	839.58	1	7
10	2	758.05	1	7
10	2	1127.3	1	7
10	2	622.72	1	7
10	2	664.08	1	7
10	2	555.32	1	7
10	2	882.71	1	7
10	2	668.7	1	7
10	2	643.56	1	7
10	2	754.85	1	7
10	2	553.22	1	7
10	2	918.54	1	7
10	2	530.57	1	7
10	2	867.49	1	7
10	2	667.83	1	7
10	2	820.52	1	7
10	2	450.87	1	7
10	2	652.74	1	7
10	2	663.51	1	7
10	2	633.91	1	7
10	2	1380.9	0	7
10	2	516.62	1	7
10	2	726.63	1	7
10	2	721.33	1	7
10	2	535.75	1	7
10	2	705.04	1	7
10	2	604.75	1	7
10	2	509.49	1	7
10	2	581.43	1	7
10	2	1027.6	1	7
10	2	564.69	1	7
10	2	596.5	1	7
10	2	603.37	1	7
10	2	1138.3	0	7
10	2	702.45	1	7
10	2	560.09	1	7
10	2	509.9	1	7
10	2	880.4	1	7
10	2	497.11	1	7
10	2	520.24	1	7
10	2	495.25	1	7
10	2	705.54	1	7
10	2	743.33	1	7
10	2	603.07	1	7
10	2	776.17	1	7
10	2	1036.8	1	7
10	2	588.16	1	8
10	2	743.33	1	8
10	2	707.57	1	8
10	2	665.69	1	8
10	2	912.06	1	8
10	2	995.75	1	8
10	2	1459.8	1	8
10	2	951.4	1	8
10	2	1103.3	1	8
10	2	542.69	1	8
10	2	1025.5	1	8
10	2	1081.2	1	8
10	2	802.34	1	8
10	2	681.42	1	8
10	2	691.11	1	8
10	2	592.89	1	8
10	2	571.43	1	8
10	2	478.1	1	8
10	2	814.34	1	8
10	2	978.15	1	8
10	2	702.38	1	8
10	2	790.44	1	8
10	2	819.59	1	8
10	2	1188.7	1	8
10	2	700.39	1	8
10	2	873.81	1	8
10	2	1788.5	1	8
10	2	723.78	1	8
10	2	852.41	1	8
10	2	722.09	1	8
10	2	664.79	1	8
10	2	1851.5	1	8
10	2	1268.4	1	8
10	2	708.57	1	8
10	2	772.89	1	8
10	2	1398.8	1	8
10	2	846.24	1	8
10	2	1060	1	8
10	2	788.69	1	8
10	2	1033.2	1	8
10	2	779.95	1	8
10	2	757.92	1	8
10	2	838.55	0	8
10	2	645.49	1	8
10	2	1259.8	1	8
10	2	935.42	1	8
10	2	741.43	1	8
10	2	600.93	1	8
10	2	1652.4	1	8
10	2	1754.7	0	8
10	2	651.31	1	8
10	2	1746	1	8
10	2	585.55	1	8
10	2	679.15	1	8
10	2	645.77	1	8
10	2	873.18	1	8
10	2	1101.2	1	8
10	2	489.57	1	8
10	2	624.53	1	8
10	2	611.46	1	8
10	2	557.08	1	8
10	2	862.29	1	8
10	2	864.36	1	8
10	2	734.77	1	8
10	2	746.53	1	8
10	2	616.17	0	8
10	2	668.77	1	8
10	2	605.37	1	8
10	2	727.86	1	8
10	2	579.89	1	8
10	2	556.06	1	8
10	2	1078.7	1	8
10	2	592	1	8
10	2	1053	1	8
10	2	673.95	1	8
10	2	707.17	1	8
10	2	633.56	1	8
10	2	599.21	1	8
10	2	546.37	1	8
10	2	1074.1	1	8
10	2	537.29	1	8
10	2	686.64	1	8
10	2	592.78	1	8
10	2	1698.8	1	8
10	2	814.3	1	8
10	2	617.27	1	8
10	2	832.83	1	8
10	2	545.91	1	8
10	2	1373.2	1	8
10	2	780.69	1	8
10	2	573.16	1	8
10	2	1103.3	1	8
10	2	962.53	1	8
10	2	703.37	1	8
10	2	509.99	1	8
10	2	1329.6	1	8
10	2	510.44	1	8
10	2	455.61	1	8
10	2	551.39	1	8
10	2	958.49	0	8
10	2	578.37	1	8
10	2	781.99	1	8
10	2	530.72	1	8
10	2	771.12	1	8
10	2	735.05	1	8
10	2	1505.8	1	8
10	2	628.55	1	8
10	2	946.43	1	8
10	2	835.2	0	8
10	2	410.2	1	8
10	2	1083.2	1	8
10	2	573.12	1	8
10	2	603.27	1	8
10	2	1018.1	1	8
10	2	484.34	1	8
10	2	681.7	1	8
10	2	1120.7	1	8
10	2	536.09	1	8
10	2	674.82	0	8
10	2	606.15	1	8
10	2	1079.5	1	8
10	2	603.16	1	8
10	2	684.21	1	8
10	2	642.6	1	8
10	2	504.88	1	8
10	2	615.22	1	8
10	2	567.73	1	8
10	2	558.49	1	8
10	2	616.76	1	8
10	2	782.2	1	8
10	2	1155.6	1	8
10	2	826.22	1	8
10	2	495.85	1	8
10	2	666.67	1	8
10	2	628.7	1	8
10	2	712.17	1	8
10	2	690.53	1	8
10	2	642.36	1	8
10	2	646.73	1	8
10	2	503.75	1	8
10	2	666.21	1	8
10	2	675.11	1	8
10	2	596.28	1	8
10	2	1259.5	1	8
10	2	535.73	1	8
10	2	575.04	1	8
10	2	708.43	1	8
10	2	666.83	1	8
10	2	578.42	0	8
10	2	587.92	1	8
10	2	653.62	1	8
10	2	573.77	1	8
10	2	703.79	1	8
10	2	474.32	1	8
10	2	534.44	1	8
10	2	794.24	1	8
10	2	958.27	1	8
10	2	644.2	1	8
10	2	720.13	1	8
10	2	612.51	1	8
10	2	962.96	1	8
10	2	508.48	1	8
10	2	1094.2	1	8
10	2	658.7	1	8
10	2	580.12	1	8
10	2	682.77	1	8
10	2	637.47	1	8
10	2	619.14	1	8
10	2	667.87	1	8
10	2	579.47	1	8
10	2	832.21	1	8
10	2	1166.9	0	8
10	2	1106	1	8
10	2	686.6	1	8
10	2	765.52	1	8
10	2	663.44	1	8
10	2	509.63	1	8
10	2	727.37	1	8
10	2	535.63	1	8
10	2	484.87	1	8
10	2	1388.7	1	8
10	2	473.95	1	8
10	2	696.06	1	8
10	2	493.34	1	8
10	2	570.48	1	8
10	2	537.68	1	8
10	2	525.93	1	8
10	2	794.77	1	8
10	2	573.16	1	8
10	2	613.63	1	8
10	2	944.88	1	8
10	2	947.07	1	8
10	2	539.75	1	8
10	2	708.41	1	8
10	2	626.3	1	8
10	2	473.91	1	8
10	2	671.15	1	8
10	2	579.08	1	8
10	2	507.94	1	8
10	2	544.51	1	8
10	2	561.94	1	8
10	2	909.27	1	8
10	2	559.56	1	8
10	2	763.18	1	8
10	2	468.77	1	8
10	2	900.33	1	8
10	2	937.99	1	8
10	2	726.54	1	8
10	2	479.23	1	8
10	2	1431.3	1	8
10	2	1054.3	1	8
10	2	979.29	1	8
10	2	809.22	1	8
10	2	793.46	1	8
10	2	609.47	1	8
10	2	801.28	0	8
10	2	597.2	1	8
10	2	863.22	1	8
10	2	586.42	1	8
10	2	840.54	1	8
10	2	970.65	1	8
10	2	670.93	1	8
10	2	600.29	1	8
10	2	601.48	1	8
10	2	602.72	1	8
10	2	639.25	1	8
10	2	703.08	1	8
10	2	1055.7	1	8
10	2	639.4	0	8
10	2	431.33	1	8
10	2	637.34	1	8
10	2	493.4	1	8
10	2	526.15	1	8
10	2	434.22	1	8
10	2	545.77	1	8
10	2	494.31	1	8
10	2	732.98	1	8
10	2	940.28	1	8
10	2	1159.2	1	8
10	2	439.2	1	8
10	2	452.62	1	8
10	2	437.05	1	8
10	2	450.45	1	8
10	2	480.35	1	8
10	2	490.23	1	8
10	2	860.13	1	8
10	2	606.82	1	8
10	2	710.85	1	8
10	2	775.57	1	8
10	2	588.35	1	8
10	2	767.2	1	8
10	2	602.3	1	8
10	2	549.5	1	8
10	2	752.16	1	8
10	2	524.54	1	8
10	2	680.73	1	8
10	2	920.71	1	8
10	2	681.31	1	8
10	2	554.88	1	8
10	2	779.01	1	8
10	2	919.4	1	8
10	2	551.85	1	8
10	2	586.75	1	8
10	2	521.46	1	8
10	2	486.62	1	8
10	2	624.26	1	8
10	2	577.19	1	8
10	2	602.17	1	8
10	2	898.47	1	8
10	2	774.46	1	8
10	2	551.03	1	8
10	2	1081.3	1	8
10	2	500.51	1	8
10	2	465.17	1	8
10	2	632.98	1	8
10	2	728.37	1	8
10	2	811.11	1	8
10	2	750.93	1	8
10	2	924.54	1	8
10	2	613.8	1	8
10	2	566.92	1	8
10	2	568.26	1	8
10	2	530.29	1	8
10	2	549.8	1	8
10	2	654.4	1	8
10	2	1486.9	0	8
10	2	566.56	1	8
10	2	605.95	1	8
10	2	541.54	1	8
10	2	575.2	1	8
10	2	647.34	1	8
10	2	651.1	1	8
10	2	1118.6	1	8
10	2	689.12	1	8
10	2	1087.1	1	8
10	2	725.89	1	8
10	2	586.05	1	8
10	2	1215.3	1	8
10	2	639.7	1	8
10	2	579.37	1	8
10	2	870.88	1	8
10	2	574.24	1	8
10	2	684.78	1	8
10	2	851.39	1	8
10	2	837.73	1	8
10	2	598.74	1	8
10	2	803.92	0	8
10	2	675.72	1	8
10	2	988.41	1	8
10	2	531.28	1	8
10	2	564.88	1	8
10	2	509.56	1	8
10	2	606.88	1	8
10	2	667.1	1	8
10	2	1000.2	1	8
10	2	1004	1	8
10	2	568.38	1	8
10	2	992.18	1	8
10	2	611.1	1	8
10	2	562.49	1	8
10	2	531.58	1	8
10	2	764.34	1	8
10	2	1037.8	1	8
10	2	465.11	1	8
10	2	595.11	1	8
10	2	573.38	1	8
10	2	618.7	1	8
10	2	588.76	1	8
10	2	619.5	1	8
10	2	630.47	1	8
10	2	658.37	1	8
10	2	887.9	1	8
10	2	1170.2	1	8
10	2	890.86	1	8
10	2	935.71	1	8
10	2	656.67	1	8
10	2	610.53	1	8
10	2	572.26	1	8
10	2	608.82	1	8
10	2	632.06	1	8
10	2	610.33	1	8
10	2	543.14	1	8
10	2	521.67	1	8
10	2	565.53	1	8
10	2	546.06	1	8
10	2	547.18	1	8
10	2	563.52	1	8
10	2	515.09	1	8
10	2	886.57	1	8
10	2	1567.9	1	8
10	2	1440.2	1	9
10	2	1268.1	0	9
10	2	644.39	1	9
10	2	729.57	1	9
10	2	652.33	1	9
10	2	579.69	1	9
10	2	1668.7	1	9
10	2	1692.2	1	9
10	2	701.21	1	9
10	2	1208.8	1	9
10	2	590.53	1	9
10	2	624.55	1	9
10	2	529.38	1	9
10	2	1069.4	1	9
10	2	917.89	1	9
10	2	674.56	1	9
10	2	526.44	1	9
10	2	1184.2	1	9
10	2	715.03	1	9
10	2	1089.6	1	9
10	2	752.58	1	9
10	2	728.09	1	9
10	2	978.25	1	9
10	2	706.57	1	9
10	2	1155	1	9
10	2	748.39	1	9
10	2	2055.4	1	9
10	2	696.39	1	9
10	2	799.99	1	9
10	2	672.66	1	9
10	2	1112.3	1	9
10	2	1234.3	1	9
10	2	1308.7	1	9
10	2	1980.4	1	9
10	2	883.6	1	9
10	2	1479.9	1	9
10	2	1145.3	1	9
10	2	829.91	1	9
10	2	715.05	1	9
10	2	801.27	1	9
10	2	1268.3	1	9
10	2	1018.1	1	9
10	2	766.46	1	9
10	2	1386.2	1	9
10	2	651.98	1	9
10	2	1042.7	1	9
10	2	1235.3	1	9
10	2	1376.4	1	9
10	2	879.7	1	9
10	2	903.73	1	9
10	2	643.62	1	9
10	2	661.32	1	9
10	2	816.77	1	9
10	2	636.38	1	9
10	2	926.89	1	9
10	2	584.86	1	9
10	2	558.97	1	9
10	2	485.19	1	9
10	2	911.42	1	9
10	2	642.22	1	9
10	2	705.75	1	9
10	2	606.05	1	9
10	2	706.52	1	9
10	2	701.68	1	9
10	2	691.28	1	9
10	2	1199.8	1	9
10	2	657.44	1	9
10	2	631.84	1	9
10	2	660.27	1	9
10	2	606.88	1	9
10	2	494.32	1	9
10	2	591.74	1	9
10	2	657.36	1	9
10	2	451.26	1	9
10	2	639.95	1	9
10	2	597.81	1	9
10	2	789.52	1	9
10	2	762.67	1	9
10	2	579.77	1	9
10	2	590.43	1	9
10	2	756.04	1	9
10	2	648.77	1	9
10	2	552.68	1	9
10	2	1033.7	1	9
10	2	532.38	1	9
10	2	578.23	1	9
10	2	1213.1	1	9
10	2	547.75	1	9
10	2	608.13	1	9
10	2	892.42	1	9
10	2	618.6	1	9
10	2	693.59	1	9
10	2	471.48	1	9
10	2	559.47	1	9
10	2	621.1	1	9
10	2	828.69	1	9
10	2	957.02	1	9
10	2	618.69	1	9
10	2	719.26	1	9
10	2	480.88	1	9
10	2	746.2	1	9
10	2	742.08	1	9
10	2	614.7	1	9
10	2	572.8	1	9
10	2	502.13	1	9
10	2	671.21	1	9
10	2	645.3	1	9
10	2	560.87	1	9
10	2	545.11	1	9
10	2	580.56	1	9
10	2	620.22	1	9
10	2	590.37	1	9
10	2	535.55	1	9
10	2	599.37	1	9
10	2	801.02	1	9
10	2	738.43	1	9
10	2	752.83	1	9
10	2	600.35	1	9
10	2	765.96	1	9
10	2	921.47	1	9
10	2	565.32	1	9
10	2	901.8	0	9
10	2	727.72	1	9
10	2	583.05	1	9
10	2	707.78	1	9
10	2	663.98	1	9
10	2	622.16	1	9
10	2	579.06	1	9
10	2	602.24	1	9
10	2	493.6	1	9
10	2	1287.2	1	9
10	2	669.4	1	9
10	2	425.78	1	9
10	2	626.9	1	9
10	2	587.92	1	9
10	2	674.64	1	9
10	2	564.98	1	9
10	2	658.41	1	9
10	2	533.86	1	9
10	2	591.93	1	9
10	2	866.9	1	9
10	2	605.94	1	9
10	2	567.86	1	9
10	2	600.82	1	9
10	2	575.42	1	9
10	2	1010.4	1	9
10	2	791.41	0	9
10	2	608.15	1	9
10	2	615.63	1	9
10	2	503.4	1	9
10	2	764.48	1	9
10	2	561.67	1	9
10	2	471.81	1	9
10	2	789.68	1	9
10	2	731.95	1	9
10	2	782.86	1	9
10	2	806.17	1	9
10	2	582.62	1	9
10	2	559.16	1	9
10	2	631.78	1	9
10	2	851.76	1	9
10	2	579.17	1	9
10	2	550.24	1	9
10	2	709.02	1	9
10	2	496.21	1	9
10	2	1071.2	1	9
10	2	655.4	1	9
10	2	719.98	1	9
10	2	562.11	1	9
10	2	1268.7	1	9
10	2	930.86	1	9
10	2	522.74	1	9
10	2	1088.1	1	9
10	2	582.43	1	9
10	2	584.22	1	9
10	2	822.54	1	9
10	2	654.84	1	9
10	2	612.31	1	9
10	2	681.2	1	9
10	2	531.62	1	9
10	2	587.6	1	9
10	2	535.82	1	9
10	2	1212.6	1	9
10	2	559.57	1	9
10	2	599.05	1	9
10	2	537.62	1	9
10	2	509.74	1	9
10	2	585.89	1	9
10	2	498.89	1	9
10	2	711.28	1	9
10	2	561.64	1	9
10	2	596.71	1	9
10	2	705.47	1	9
10	2	575.53	1	9
10	2	567.9	1	9
10	2	456.08	1	9
10	2	428.23	1	9
10	2	489.8	1	9
10	2	442.25	1	9
10	2	498.05	1	9
10	2	685.73	1	9
10	2	610.7	1	9
10	2	468.14	1	9
10	2	703.71	1	9
10	2	668.9	1	9
10	2	569.26	1	9
10	2	574.64	1	9
10	2	511.23	1	9
10	2	490.47	1	9
10	2	479.08	1	9
10	2	775.55	1	9
10	2	488.71	1	9
10	2	496.45	1	9
10	2	511.73	1	9
10	2	546.2	1	9
10	2	924.2	1	9
10	2	518.89	1	9
10	2	571.04	1	9
10	2	507.07	1	9
10	2	504.07	1	9
10	2	734.34	1	9
10	2	575.64	1	9
10	2	724.51	1	9
10	2	501.08	1	9
10	2	597.27	1	9
10	2	578.22	1	9
10	2	627.04	1	9
10	2	529.51	1	9
10	2	521.45	1	9
10	2	466.2	1	9
10	2	603.67	1	9
10	2	551.87	1	9
10	2	678.27	1	9
10	2	585.47	1	9
10	2	1172.1	1	9
10	2	485.6	1	9
10	2	777.44	1	9
10	2	485.29	1	9
10	2	565.59	1	9
10	2	512.63	1	9
10	2	488.2	1	9
10	2	491.25	1	9
10	2	544.16	1	9
10	2	480.51	1	9
10	2	551.07	1	9
10	2	489.49	1	9
10	2	448.75	1	9
10	2	688.49	1	9
10	2	631.25	1	9
10	2	605.15	1	9
10	2	645.24	1	9
10	2	536.18	1	9
10	2	515.79	1	9
10	2	801.45	1	9
10	2	713.07	1	9
10	2	561.95	1	9
10	2	647.95	1	9
10	2	619.93	1	9
10	2	572.88	1	9
10	2	723.59	1	9
10	2	689.8	1	9
10	2	961.15	1	9
10	2	600.33	1	9
10	2	599.65	1	9
10	2	566.02	1	9
10	2	670.76	1	9
10	2	566.78	1	9
10	2	633.79	1	9
10	2	535.72	1	9
10	2	486.68	1	9
10	2	588.41	1	9
10	2	517.54	1	9
10	2	555.14	1	9
10	2	577.17	1	9
10	2	526.96	1	9
10	2	539.85	1	9
10	2	536.54	1	9
10	2	630.03	1	9
10	2	556.2	1	9
10	2	585.42	1	9
10	2	586.86	1	9
10	2	564.07	1	9
10	2	522.84	1	9
10	2	536.17	1	9
10	2	465.67	1	9
10	2	807.26	1	9
10	2	575.49	1	9
10	2	702.69	1	9
10	2	511.34	1	9
10	2	527.22	1	9
10	2	853.17	1	9
10	2	635.36	1	9
10	2	833.84	1	9
10	2	866.92	1	9
10	2	604.76	1	9
10	2	598.23	1	9
10	2	722.31	1	9
10	2	522.29	1	9
10	2	681.76	1	9
10	2	549.31	1	9
10	2	532.99	1	9
10	2	540.61	1	9
10	2	551.39	1	9
10	2	673.88	1	9
10	2	573.9	1	9
10	2	694.64	1	9
10	2	697.1	1	9
10	2	1003.1	1	9
10	2	482.07	1	9
10	2	530.67	1	9
10	2	477.58	1	9
10	2	1116.4	1	9
10	2	513.52	1	9
10	2	474.08	1	9
10	2	528.55	1	9
10	2	668.38	1	9
10	2	576.16	1	9
10	2	550.7	1	9
10	2	551.38	1	9
10	2	615.15	1	9
10	2	575.43	1	9
10	2	678.27	1	9
10	2	733.22	1	9
10	2	509.98	1	9
10	2	571.63	1	9
10	2	611.13	1	9
10	2	595.91	1	9
10	2	724.14	1	9
10	2	530.4	1	9
10	2	647.05	1	9
10	2	530.13	1	9
10	2	533.58	1	9
10	2	574.09	1	9
10	2	650.8	1	9
10	2	601.3	1	9
10	2	728.31	1	9
10	2	540.49	1	9
10	2	565.29	1	9
10	2	1090.5	1	9
10	2	588.9	1	9
10	2	607.45	1	9
10	2	632.78	1	9
10	2	523.62	1	9
10	2	533.2	1	9
10	2	520.89	1	9
10	2	566.97	1	9
10	2	532.85	1	9
10	2	828.25	1	9
10	2	814.07	1	9
10	2	627.09	1	9
