1	1	1229.8	1	1
1	1	1238.6	1	1
1	1	1170	1	1
1	1	1724.7	1	1
1	1	1296.3	1	1
1	1	949.72	1	1
1	1	758.8	1	1
1	1	948.94	1	1
1	1	1381.5	1	1
1	1	957.45	1	1
1	1	1246.9	1	1
1	1	1146.8	1	1
1	1	927.3	1	1
1	1	1016.7	1	1
1	1	1006	1	1
1	1	784.05	1	1
1	1	897.69	1	1
1	1	787.26	1	1
1	1	977.7	1	1
1	1	1552.8	1	1
1	1	1801	1	1
1	1	859.96	1	1
1	1	652.8	1	1
1	1	687.49	1	1
1	1	934.94	1	1
1	1	783.99	1	1
1	1	1171.3	1	1
1	1	1119.8	1	1
1	1	1053.2	1	1
1	1	1070.7	1	1
1	1	769.32	1	1
1	1	700.99	1	1
1	1	1304.7	1	1
1	1	946.43	1	1
1	1	621.88	1	1
1	1	1893.1	1	1
1	1	888.46	1	1
1	1	976.99	1	1
1	1	1432.7	1	1
1	1	1157.4	1	1
1	1	870.62	1	1
1	1	770.46	1	1
1	1	731.1	1	1
1	1	991.19	1	1
1	1	1058.9	1	1
1	1	741.09	1	1
1	1	815.92	1	1
1	1	1428	1	1
1	1	1091.6	1	1
1	1	884.31	1	1
1	1	1072.7	1	1
1	1	1263.9	1	1
1	1	775.64	1	1
1	1	642.74	1	1
1	1	807.08	1	1
1	1	831.19	1	1
1	1	1071.8	1	1
1	1	1072.8	1	1
1	1	1557.6	1	1
1	1	1456.6	1	1
1	1	1172.4	1	1
1	1	1211.3	1	1
1	1	1080.7	1	1
1	1	930.41	1	1
1	1	1446.1	1	1
1	1	1544.1	1	1
1	1	1806.8	1	1
1	1	1750.9	1	1
1	1	1018.5	1	1
1	1	1840.5	1	1
1	1	1258.2	1	1
1	1	1138	1	1
1	1	698.84	1	1
1	1	1622.7	1	1
1	1	1327.2	1	1
1	1	900.49	1	1
1	1	792.98	1	1
1	1	852.81	1	1
1	1	750.93	1	1
1	1	1338.2	1	1
1	1	1703.7	1	1
1	1	694.44	1	1
1	1	682.55	1	1
1	1	529.12	1	1
1	1	614.77	1	1
1	1	902.3	1	1
1	1	663.58	1	1
1	1	1066.2	1	1
1	1	891.37	1	1
1	1	776.71	1	1
1	1	669.62	1	1
1	1	658.85	1	1
1	1	588.83	1	1
1	1	1406.2	1	1
1	1	657.21	1	1
1	1	1109.2	1	1
1	1	1466	1	1
1	1	854.18	1	1
1	1	1412.3	1	1
1	1	760.88	1	1
1	1	797.08	1	1
1	1	1815.9	1	1
1	1	1899.5	1	1
1	1	842.25	1	1
1	1	657.33	1	1
1	1	909.86	1	1
1	1	644.65	1	1
1	1	690.85	1	1
1	1	681.66	1	1
1	1	672.49	1	1
1	1	567.68	1	1
1	1	801.3	1	1
1	1	659.06	1	1
1	1	662.21	1	1
1	1	622.12	1	1
1	1	644.03	1	1
1	1	1080.3	1	1
1	1	1568.7	1	1
1	1	1515.6	1	1
1	1	1025.1	1	1
1	1	2871.7	1	1
1	1	653.56	1	1
1	1	767.7	1	1
1	1	842.18	1	1
1	1	1064.5	1	1
1	1	694.25	1	1
1	1	1289	1	1
1	1	641.4	1	1
1	1	722.74	1	1
1	1	1376.7	1	1
1	1	668.03	1	1
1	1	820.81	1	1
1	1	641.8	1	1
1	1	933.69	1	1
1	1	742.91	1	1
1	1	620.46	1	1
1	1	548.55	1	1
1	1	726.47	1	1
1	1	1016.6	1	1
1	1	1062	1	1
1	1	665.05	1	1
1	1	768.03	1	1
1	1	701.45	1	1
1	1	529.95	1	1
1	1	2744	1	1
1	1	546.04	1	1
1	1	688.07	1	1
1	1	1300.1	1	1
1	1	1214.1	1	1
1	1	1789.8	1	1
1	1	553.64	1	1
1	1	1077.6	1	1
1	1	316.92	1	1
1	1	691.53	1	1
1	1	679.17	1	1
1	1	843.15	1	1
1	1	535.74	1	1
1	1	689.62	1	1
1	1	877.66	1	1
1	1	1041.2	1	1
1	1	1165.1	1	1
1	1	617.44	1	1
1	1	623.89	1	1
1	1	581.68	1	1
1	1	638.92	1	1
1	1	1095.1	1	1
1	1	611.08	1	1
1	1	883.56	1	1
1	1	1055.1	1	1
1	1	1033.8	1	1
1	1	1570.1	1	1
1	1	727.62	1	1
1	1	755.48	1	1
1	1	641.41	1	1
1	1	2454.9	1	1
1	1	1047.1	1	1
1	1	819.15	1	1
1	1	930.39	1	1
1	1	1148.2	1	1
1	1	841.23	1	1
1	1	2410.9	1	1
1	1	686.74	1	1
1	1	974.34	1	1
1	1	1072.1	1	1
1	1	662.38	1	1
1	1	1486	1	1
1	1	669.61	1	1
1	1	1145.7	1	1
1	1	658.64	1	1
1	1	1633.1	1	1
1	1	659.89	1	1
1	1	484.47	1	1
1	1	1307.5	1	1
1	1	653.16	1	1
1	1	690.75	1	1
1	1	652.88	1	1
1	1	624.05	1	1
1	1	866	1	1
1	1	1037.2	1	1
1	1	614.64	1	1
1	1	697.58	1	1
1	1	968.25	1	1
1	1	679.89	1	1
1	1	630.46	1	1
1	1	599.15	1	1
1	1	861.26	1	1
1	1	562.05	1	1
1	1	617.32	1	1
1	1	2063.8	1	1
1	1	1139.8	1	1
1	1	651.31	1	1
1	1	649.37	1	1
1	1	1082	1	1
1	1	968.63	1	1
1	1	565.15	1	1
1	1	2262.5	1	1
1	1	811.91	1	1
1	1	852.66	1	1
1	1	736.37	1	1
1	1	721.59	1	1
1	1	736.72	1	1
1	1	621.72	1	1
1	1	1036.6	1	1
1	1	667.83	1	1
1	1	915.6	1	1
1	1	1060.9	1	1
1	1	770.45	1	1
1	1	1252.8	1	1
1	1	626.18	1	1
1	1	1494.1	1	1
1	1	716.06	1	1
1	1	1253.4	1	1
1	1	669.81	1	1
1	1	621.62	1	1
1	1	618.74	1	1
1	1	569.87	1	1
1	1	625	1	1
1	1	682.94	1	1
1	1	897.05	1	1
1	1	910.34	1	1
1	1	1053.1	1	1
1	1	639.65	1	1
1	1	769.39	1	1
1	1	596.91	1	1
1	1	612.88	1	1
1	1	782.11	1	1
1	1	581.43	1	1
1	1	741.31	1	1
1	1	793.75	1	1
1	1	815.33	1	1
1	1	842.11	1	1
1	1	877.51	1	1
1	1	615.07	1	1
1	1	1008.3	1	1
1	1	748.39	1	1
1	1	975.83	1	1
1	1	1687.3	1	1
1	1	804.13	1	1
1	1	1207.1	1	1
1	1	1026	1	1
1	1	1065.9	1	1
1	1	1287.2	1	1
1	1	1021.3	1	1
1	1	1246.6	1	1
1	1	1009.4	1	1
1	1	977.19	1	1
1	1	1632.5	1	1
1	1	853.53	1	1
1	1	833.98	1	1
1	1	1207.1	1	1
1	1	1344.2	1	1
1	1	2288.9	1	1
1	1	570.57	1	1
1	1	732.31	1	1
1	1	647.32	1	1
1	1	522.13	1	1
1	1	564.08	1	1
1	1	640.22	1	1
1	1	862.14	1	1
1	1	721.07	1	1
1	1	952.1	1	1
1	1	580.4	1	1
1	1	960.28	1	1
1	1	839.76	1	1
1	1	707.84	1	1
1	1	933.47	1	1
1	1	848.76	1	1
1	1	792.78	1	1
1	1	818.95	1	1
1	1	618.27	1	1
1	1	682.45	1	1
1	1	657.93	1	1
1	1	1050.6	1	1
1	1	636.77	1	1
1	1	1236.7	1	1
1	1	536.02	1	1
1	1	559.9	1	1
1	1	636.87	1	1
1	1	967.37	1	1
1	1	856.53	1	1
1	1	718.68	1	1
1	1	1769.1	1	1
1	1	535.41	1	1
1	1	882.05	1	1
1	1	748.67	1	1
1	1	636.69	1	1
1	1	811.48	1	1
1	1	976.74	1	1
1	1	1926	1	1
1	1	1605.9	1	1
1	1	687.38	1	1
1	1	1259	1	1
1	1	1152.4	1	1
1	1	781.99	1	1
1	1	713.83	1	1
1	1	1071.9	1	1
1	1	713.53	1	1
1	1	798.44	1	1
1	1	678.21	1	1
1	1	916.94	1	1
1	1	1536.3	1	1
1	1	792.84	1	1
1	1	924.29	1	1
1	1	767.98	1	1
1	1	780.45	1	1
1	1	631.58	1	1
1	1	582.81	1	1
1	1	670.27	1	1
1	1	633.69	1	1
1	1	973.24	1	1
1	1	674.64	1	1
1	1	1018.5	1	1
1	1	631.95	1	1
1	1	732.38	1	1
1	1	1131.6	1	1
1	1	1396.8	1	1
1	1	704.62	1	1
1	1	929.67	1	1
1	1	750.73	1	1
1	1	1372.7	1	1
1	1	1268.2	1	1
1	1	685.79	1	1
1	1	1418.3	1	1
1	1	692.71	1	1
1	1	919.89	1	1
1	1	649.06	1	1
1	1	724.51	1	1
1	1	680.06	1	1
1	1	679.25	1	1
1	1	644.9	1	1
1	1	1061.8	1	2
1	1	974.18	1	2
1	1	947.59	1	2
1	1	1391.5	1	2
1	1	1039.1	1	2
1	1	1781.4	0	2
1	1	2110.8	0	2
1	1	1016.7	1	2
1	1	2020.4	0	2
1	1	1277.1	0	2
1	1	1718.1	1	2
1	1	1626.9	1	2
1	1	2746.4	0	2
1	1	1274.8	1	2
1	1	1796.3	1	2
1	1	1393.3	1	2
1	1	2273.9	1	2
1	1	2438.8	1	2
1	1	1617.9	1	2
1	1	1231.9	1	2
1	1	1852.6	1	2
1	1	1630.9	1	2
1	1	1452.4	1	2
1	1	909.58	1	2
1	1	1257.8	1	2
1	1	2910.1	1	2
1	1	1861.1	1	2
1	1	1656.8	1	2
1	1	1663	1	2
1	1	1269.6	1	2
1	1	1436.1	1	2
1	1	1131.3	1	2
1	1	930.56	1	2
1	1	1440.6	1	2
1	1	1328.1	1	2
1	1	1417.1	1	2
1	1	2474.9	1	2
1	1	1552	1	2
1	1	1881.1	1	2
1	1	2309.1	1	2
1	1	1522.5	1	2
1	1	3203.8	0	2
1	1	1637.7	1	2
1	1	1030.9	1	2
1	1	968.1	1	2
1	1	853.44	1	2
1	1	1091	1	2
1	1	1695.8	1	2
1	1	2335.8	1	2
1	1	1371.6	1	2
1	1	1354.4	1	2
1	1	1014.7	1	2
1	1	1428.1	1	2
1	1	1303.9	1	2
1	1	856.15	1	2
1	1	1240.3	1	2
1	1	752.79	1	2
1	1	887.54	1	2
1	1	1060.6	1	2
1	1	2547.5	1	2
1	1	1221.7	1	2
1	1	2294.6	1	2
1	1	843.45	1	2
1	1	1668.3	1	2
1	1	1341.5	1	2
1	1	1811.7	1	2
1	1	1704.1	1	2
1	1	1430.8	1	2
1	1	2062.8	1	2
1	1	2951.4	0	2
1	1	825.07	1	2
1	1	3508.6	0	2
1	1	2460.7	0	2
1	1	1331.9	1	2
1	1	1116.4	1	2
1	1	1576.7	1	2
1	1	1579.9	1	2
1	1	1036	1	2
1	1	2488.2	1	2
1	1	1447.2	0	2
1	1	1335.6	1	2
1	1	1175.7	1	2
1	1	1315	1	2
1	1	1987.5	1	2
1	1	2171.6	1	2
1	1	2897.6	1	2
1	1	1367.5	1	2
1	1	2902.6	1	2
1	1	1373	1	2
1	1	1298.3	1	2
1	1	1481.8	1	2
1	1	757.65	1	2
1	1	1380.4	1	2
1	1	679.81	1	2
1	1	1287.4	1	2
1	1	894.36	1	2
1	1	1172.7	1	2
1	1	2195.4	1	2
1	1	1785.8	1	2
1	1	1133.4	1	2
1	1	3019.5	1	2
1	1	1168.7	1	2
1	1	853.59	1	2
1	1	945.25	1	2
1	1	1190.8	0	2
1	1	746.63	1	2
1	1	1361.9	1	2
1	1	2364	1	2
1	1	1176.2	1	2
1	1	1070.2	1	2
1	1	1503.8	1	2
1	1	1248.7	0	2
1	1	762.65	1	2
1	1	1452.2	1	2
1	1	912.11	0	2
1	1	1117.8	1	2
1	1	2854.8	1	2
1	1	3260.3	0	2
1	1	1520.1	0	2
1	1	1342.6	1	2
1	1	1146.9	1	2
1	1	1602.8	1	2
1	1	946.28	1	2
1	1	1090.5	1	2
1	1	823.6	1	2
1	1	3532.7	1	2
1	1	891.13	1	2
1	1	2100.5	0	2
1	1	3595	0	2
1	1	1570.5	1	2
1	1	1698.7	1	2
1	1	1482.7	1	2
1	1	1731.3	0	2
1	1	1303.7	1	2
1	1	2503.9	1	2
1	1	1088	1	2
1	1	1376.6	1	2
1	1	1649.2	1	2
1	1	1363.6	1	2
1	1	1063.5	1	2
1	1	850.71	1	2
1	1	827.15	1	2
1	1	680.88	0	2
1	1	1986.7	1	2
1	1	2395.6	1	2
1	1	1139.8	0	2
1	1	1760.9	0	2
1	1	2344.1	0	2
1	1	941.84	1	2
1	1	982.46	1	2
1	1	1244.1	1	2
1	1	1227.9	1	2
1	1	902.32	1	2
1	1	1167.1	1	2
1	1	1750.8	1	2
1	1	998.55	1	2
1	1	1027.8	1	2
1	1	1146.4	1	2
1	1	1005.2	1	2
1	1	1084.3	1	2
1	1	834.73	1	2
1	1	1421.2	1	2
1	1	1164.6	1	2
1	1	627	1	2
1	1	1018.6	1	2
1	1	577.81	1	2
1	1	1166.1	1	2
1	1	968.89	1	2
1	1	1181.7	1	2
1	1	3105.1	1	2
1	1	1428.9	1	2
1	1	676.43	1	2
1	1	845.34	1	2
1	1	994.14	1	2
1	1	1085.1	1	2
1	1	1779.7	1	2
1	1	1241.7	1	2
1	1	1214.8	1	2
1	1	1497.8	1	2
1	1	1302.3	1	2
1	1	1269.7	1	2
1	1	1231.8	1	2
1	1	1430	1	2
1	1	1746.3	1	2
1	1	948.92	1	2
1	1	2636.4	1	2
1	1	906	1	2
1	1	2076.6	1	2
1	1	692.65	1	2
1	1	1132.3	1	2
1	1	597.73	1	2
1	1	561.3	1	2
1	1	859.15	1	2
1	1	1112.3	1	2
1	1	1118.9	1	2
1	1	560.81	1	2
1	1	925.94	1	2
1	1	1353.2	1	2
1	1	733.94	1	2
1	1	769.3	1	2
1	1	1973.4	1	2
1	1	715.06	1	2
1	1	624.36	1	2
1	1	670.03	1	2
1	1	615.16	1	2
1	1	1608.1	1	2
1	1	1547.5	1	2
1	1	672.55	1	2
1	1	886.33	1	2
1	1	584.52	1	2
1	1	1298	1	2
1	1	638.35	1	2
1	1	1260.7	0	2
1	1	1526.6	0	2
1	1	1068.2	1	2
1	1	1125.1	1	2
1	1	1311.7	1	2
1	1	1547.3	1	2
1	1	1060.3	1	2
1	1	1083.1	1	2
1	1	804.04	1	2
1	1	637.81	1	2
1	1	1683	1	2
1	1	880.31	1	2
1	1	1141.7	1	2
1	1	1523.8	1	2
1	1	1568.5	1	2
1	1	1338.5	1	2
1	1	904.09	1	2
1	1	676.74	1	2
1	1	1383.4	0	2
1	1	948.73	1	2
1	1	643.7	1	2
1	1	1208	1	2
1	1	949.05	1	2
1	1	1597.2	1	2
1	1	838.22	1	2
1	1	1079.7	1	2
1	1	1330.4	1	2
1	1	2473.9	1	2
1	1	3314.1	0	2
1	1	901.71	1	2
1	1	1094.8	1	2
1	1	1441.6	1	2
1	1	913.85	1	2
1	1	1264	1	2
1	1	1425.5	1	2
1	1	1440.5	1	2
1	1	859.32	1	2
1	1	1144.2	0	2
1	1	1107.7	1	2
1	1	674.27	1	2
1	1	621.4	1	2
1	1	1670.7	1	2
1	1	1535.5	1	2
1	1	1729.8	1	2
1	1	1573.3	0	2
1	1	1473.6	1	2
1	1	1560.1	1	2
1	1	1295.5	1	2
1	1	797.41	1	2
1	1	1727.7	1	2
1	1	618.17	1	2
1	1	1289.7	1	2
1	1	2157.2	0	2
1	1	1372.9	0	2
1	1	1983.2	1	2
1	1	1642.2	1	2
1	1	1204.5	1	2
1	1	1173.5	1	2
1	1	1350.4	1	2
1	1	3340.2	1	2
1	1	571.18	1	2
1	1	1058.8	1	2
1	1	495.88	1	2
1	1	620.05	1	2
1	1	581.5	1	2
1	1	1215.5	1	2
1	1	1103.3	1	2
1	1	1052.3	1	2
1	1	1038.9	1	2
1	1	1119.9	1	2
1	1	1565.2	1	2
1	1	911.28	1	2
1	1	1024.8	1	2
1	1	2778.6	1	2
1	1	671.77	1	2
1	1	791.24	1	2
1	1	1333.9	1	2
1	1	1562.9	1	2
1	1	2219.2	1	2
1	1	867.03	1	2
1	1	1124.2	1	2
1	1	1495	0	2
1	1	1637.4	1	2
1	1	2011	1	2
1	1	1491.5	1	2
1	1	1292.8	1	2
1	1	1012.5	1	2
1	1	1505.7	1	2
1	1	771.14	1	2
1	1	1035.1	1	2
1	1	2285	1	2
1	1	955.26	1	2
1	1	987.79	1	2
1	1	1044.5	1	2
1	1	934.97	1	2
1	1	1025.2	1	2
1	1	1295.4	1	2
1	1	909.93	1	2
1	1	1242.2	1	2
1	1	1172.3	1	2
1	1	992.92	1	2
1	1	922.28	1	2
1	1	1100	1	2
1	1	1089.9	1	2
1	1	961.98	1	2
1	1	972.91	1	2
1	1	1547.6	1	2
1	1	1113.6	0	2
1	1	1222	1	2
1	1	2973.1	0	2
1	1	1072.1	1	2
1	1	935.96	1	2
1	1	646.61	1	2
1	1	1160.2	1	2
1	1	985.16	1	2
1	1	1250.8	1	2
1	1	772.71	1	2
1	1	1133.8	1	2
1	1	1056.9	1	2
1	1	717.01	1	2
1	1	773.44	1	2
1	1	1014	1	2
1	1	758.07	1	2
1	1	1085.1	1	2
1	1	1519.7	1	2
1	1	1483.1	0	2
1	1	1761.1	1	2
1	1	1273.9	0	2
1	1	1161	1	2
1	1	1275	1	2
1	1	1422.6	1	2
1	1	1070.3	1	2
1	1	997.47	1	2
1	1	830.2	1	2
1	1	1209.1	1	2
1	1	660.98	1	2
1	1	1136.7	1	2
1	1	887.8	1	2
1	1	689.63	0	3
1	1	1346.9	0	3
1	1	1148	0	3
1	1	1376.1	0	3
1	1	2334.7	1	3
1	1	1349.1	1	3
1	1	1782	1	3
1	1	1099.8	0	3
1	1	1815.3	1	3
1	1	1340.3	1	3
1	1	1251.5	1	3
1	1	1287.6	1	3
1	1	1673	1	3
1	1	1710.1	1	3
1	1	1353.4	1	3
1	1	1248.6	1	3
1	1	1226.4	1	3
1	1	2261	1	3
1	1	1157	1	3
1	1	1067.1	1	3
1	1	729.48	1	3
1	1	1116.6	1	3
1	1	1032.3	1	3
1	1	1583.4	0	3
1	1	1658.6	1	3
1	1	2049.6	1	3
1	1	1156.2	1	3
1	1	1721.1	1	3
1	1	1745	1	3
1	1	1357.1	1	3
1	1	979.91	0	3
1	1	1032.7	1	3
1	1	1205.6	1	3
1	1	1338.9	1	3
1	1	1258.1	1	3
1	1	2334.9	0	3
1	1	1264.9	1	3
1	1	1307.7	1	3
1	1	1050.1	1	3
1	1	1272.8	1	3
1	1	1033.8	1	3
1	1	1208.2	1	3
1	1	1615	1	3
1	1	1412.7	1	3
1	1	2984.9	1	3
1	1	1368.5	1	3
1	1	1088	1	3
1	1	1289.8	1	3
1	1	1913.7	1	3
1	1	1736.7	1	3
1	1	1788.1	1	3
1	1	968.61	1	3
1	1	958.33	1	3
1	1	1116.2	1	3
1	1	1114.7	1	3
1	1	1471.1	1	3
1	1	956.72	1	3
1	1	1010	1	3
1	1	947.5	1	3
1	1	1340.5	1	3
1	1	1793	1	3
1	1	1566.8	1	3
1	1	1562.9	1	3
1	1	2834.9	1	3
1	1	1401.6	1	3
1	1	1411.4	1	3
1	1	1169.4	1	3
1	1	1721.6	1	3
1	1	1520.4	1	3
1	1	2487.9	1	3
1	1	2627.2	1	3
1	1	1814.5	0	3
1	1	1203.7	0	3
1	1	899.21	1	3
1	1	1273	1	3
1	1	962.4	1	3
1	1	2175.5	1	3
1	1	1653.9	1	3
1	1	899.33	0	3
1	1	1212.1	1	3
1	1	1519.1	1	3
1	1	1901.8	1	3
1	1	2238.3	0	3
1	1	1146.2	1	3
1	1	639.01	1	3
1	1	1423	0	3
1	1	885.41	0	3
1	1	731.58	1	3
1	1	1378.7	1	3
1	1	1379.1	0	3
1	1	1105.2	0	3
1	1	1510.8	1	3
1	1	1456.8	1	3
1	1	1152.6	1	3
1	1	1733.5	1	3
1	1	1263.9	1	3
1	1	1385.7	1	3
1	1	1469.1	1	3
1	1	826.82	1	3
1	1	1504.1	0	3
1	1	1197	1	3
1	1	1029.6	1	3
1	1	1083.5	1	3
1	1	1160.7	1	3
1	1	1113.6	1	3
1	1	1912.5	1	3
1	1	1157.3	1	3
1	1	634.35	1	3
1	1	932	1	3
1	1	1078.8	1	3
1	1	1560.1	1	3
1	1	1781	1	3
1	1	1125	0	3
1	1	924.21	1	3
1	1	646.16	1	3
1	1	1115.6	1	3
1	1	574.34	1	3
1	1	1777.2	1	3
1	1	2213.7	0	3
1	1	1327.9	1	3
1	1	799.4	0	3
1	1	1049.9	1	3
1	1	922.24	1	3
1	1	1031.6	1	3
1	1	2158	0	3
1	1	1339.8	1	3
1	1	1387.1	1	3
1	1	1486.9	1	3
1	1	646.75	1	3
1	1	849.07	1	3
1	1	592.56	1	3
1	1	852.34	1	3
1	1	1244.6	1	3
1	1	1374.4	1	3
1	1	739.77	1	3
1	1	2214.5	1	3
1	1	1382.5	1	3
1	1	1087.9	0	3
1	1	890.43	1	3
1	1	1004.7	1	3
1	1	834.24	1	3
1	1	1917	1	3
1	1	1639.4	1	3
1	1	1830.1	1	3
1	1	655.73	1	3
1	1	600.09	1	3
1	1	1655.4	1	3
1	1	1118	1	3
1	1	1233.1	0	3
1	1	878.75	0	3
1	1	1105.8	1	3
1	1	748.6	0	3
1	1	676.12	1	3
1	1	760.3	1	3
1	1	1295.8	0	3
1	1	689.79	1	3
1	1	1671.7	0	3
1	1	765.02	1	3
1	1	721.3	1	3
1	1	1190.5	1	3
1	1	2623.3	1	3
1	1	1159.5	0	3
1	1	1413.2	1	3
1	1	771.56	1	3
1	1	2371.4	0	3
1	1	1726.9	1	3
1	1	842.73	1	3
1	1	2830.5	1	3
1	1	1132.1	0	3
1	1	1101.2	1	3
1	1	870.11	1	3
1	1	1109.1	1	3
1	1	1503.8	0	3
1	1	818.35	0	3
1	1	1054.3	0	3
1	1	2016.3	0	3
1	1	770.33	1	3
1	1	1273	1	3
1	1	946.79	1	3
1	1	2026.9	0	3
1	1	2451.7	0	3
1	1	1841.2	1	3
1	1	940.1	1	3
1	1	1638.3	1	3
1	1	827.67	1	3
1	1	2368.7	1	3
1	1	1430	1	3
1	1	1638.4	1	3
1	1	882.87	1	3
1	1	1132	1	3
1	1	848.62	1	3
1	1	762.79	1	3
1	1	843.72	1	3
1	1	849.2	0	3
1	1	634.7	1	3
1	1	774.6	1	3
1	1	1378.4	1	3
1	1	1712.3	1	3
1	1	1389.9	1	3
1	1	1109.6	1	3
1	1	1039.5	1	3
1	1	1147.4	1	3
1	1	901.9	0	3
1	1	670.12	1	3
1	1	1270.4	1	3
1	1	2197.2	0	3
1	1	1069.5	0	3
1	1	1867.9	1	3
1	1	675.75	1	3
1	1	978.58	0	3
1	1	908.62	1	3
1	1	720.41	1	3
1	1	1402.1	1	3
1	1	956.07	1	3
1	1	718.93	1	3
1	1	939.83	1	3
1	1	2543.3	0	3
1	1	742.02	1	3
1	1	1010.3	1	3
1	1	746.98	1	3
1	1	969.76	1	3
1	1	1107	1	3
1	1	1000.6	1	3
1	1	1247.2	1	3
1	1	1057.3	1	3
1	1	2039.9	1	3
1	1	1114.1	1	3
1	1	745.4	1	3
1	1	788.06	1	3
1	1	1300.3	0	3
1	1	1470.6	0	3
1	1	881.35	1	3
1	1	688.95	1	3
1	1	663.67	1	3
1	1	788.55	1	3
1	1	2094.5	1	3
1	1	1589.7	1	3
1	1	549.41	1	3
1	1	832.91	1	3
1	1	795.16	1	3
1	1	722.03	1	3
1	1	824.1	1	3
1	1	564.76	1	3
1	1	686.48	1	3
1	1	548.7	1	3
1	1	1092.6	1	3
1	1	745.5	1	3
1	1	1773.9	1	3
1	1	1167	1	3
1	1	1036.6	1	3
1	1	2609.9	0	3
1	1	1577.6	0	3
1	1	1141.1	1	3
1	1	1061.2	1	3
1	1	854.95	1	3
1	1	1286.7	1	3
1	1	820.41	1	3
1	1	2014.9	1	3
1	1	1236.3	1	3
1	1	1366.4	1	3
1	1	1447.8	1	3
1	1	1286.1	1	3
1	1	1522	1	3
1	1	1302.6	1	3
1	1	1299	1	3
1	1	912.2	1	3
1	1	594.04	1	3
1	1	745.45	1	3
1	1	745.8	1	3
1	1	904.13	1	3
1	1	1477.2	1	3
1	1	1757.1	1	3
1	1	1563	1	3
1	1	1676.3	1	3
1	1	1000.5	1	3
1	1	813.81	1	3
1	1	641.48	1	3
1	1	823.29	1	3
1	1	883.18	1	3
1	1	881.2	1	3
1	1	905.48	1	3
1	1	1129.3	1	3
1	1	768.29	1	3
1	1	1522	1	3
1	1	909.92	0	3
1	1	1335.7	1	3
1	1	1557.9	1	3
1	1	1025.9	1	3
1	1	1937.1	1	3
1	1	2126.1	1	3
1	1	816.31	1	3
1	1	869.5	1	3
1	1	641.24	1	3
1	1	1046.8	1	3
1	1	936.7	1	3
1	1	748.64	1	3
1	1	1633.9	1	3
1	1	704.97	1	3
1	1	1149.9	1	3
1	1	1235.7	1	3
1	1	821.47	1	3
1	1	1281.8	1	3
1	1	1194.7	1	3
1	1	657.46	1	3
1	1	1224.5	1	3
1	1	1269.7	1	3
1	1	1417.1	1	3
1	1	1210.5	1	3
1	1	841.13	1	3
1	1	746.24	1	3
1	1	1162.3	0	3
1	1	1468.8	1	3
1	1	1229.2	1	3
1	1	1000.3	1	3
1	1	2251.8	1	3
1	1	1454.7	0	3
1	1	1301	1	3
1	1	996.44	1	3
1	1	1179.8	1	3
1	1	597.18	1	3
1	1	774.52	1	3
1	1	899.97	1	3
1	1	601.34	1	3
1	1	1149	1	3
1	1	898.38	1	3
1	1	1148	1	3
1	1	824.07	1	3
1	1	876.63	1	3
1	1	738.26	1	3
1	1	1487.5	1	3
1	1	599.09	1	3
1	1	797.08	1	3
1	1	1259.9	1	3
1	1	738.89	1	3
1	1	690.22	1	3
1	1	679.55	1	3
1	1	986.26	1	3
1	1	1858.9	1	3
1	1	858.32	1	3
1	1	686.21	1	3
1	1	1864.5	1	3
1	1	1121.9	1	3
1	1	767.1	1	3
1	1	677.33	1	3
1	1	1860.8	1	3
1	1	745.42	1	3
1	1	1459	1	3
1	1	788.37	1	3
1	1	1084.3	1	3
1	1	773.89	0	4
1	1	1020.9	1	4
1	1	1306.8	1	4
1	1	1535.1	1	4
1	1	1112.9	1	4
1	1	1071.7	1	4
1	1	2033	0	4
1	1	1718.3	1	4
1	1	783.79	0	4
1	1	1770.5	1	4
1	1	1504.1	1	4
1	1	1924.8	0	4
1	1	1941.1	0	4
1	1	1931.6	1	4
1	1	2201.6	0	4
1	1	1869.8	1	4
1	1	1744.4	1	4
1	1	1151.5	1	4
1	1	1586.9	1	4
1	1	1276.6	1	4
1	1	882.96	0	4
1	1	894.1	0	4
1	1	1388.3	1	4
1	1	2859.5	0	4
1	1	727.22	0	4
1	1	1402	0	4
1	1	1551.9	1	4
1	1	2456.9	1	4
1	1	1680.6	1	4
1	1	1607.5	1	4
1	1	1446.6	1	4
1	1	1920.4	1	4
1	1	1474.1	1	4
1	1	2118.4	1	4
1	1	1618.1	1	4
1	1	809.6	1	4
1	1	1396.9	1	4
1	1	1414.5	1	4
1	1	1973.1	1	4
1	1	1500.3	1	4
1	1	2377.8	1	4
1	1	2235.5	1	4
1	1	2856.8	1	4
1	1	2105.5	1	4
1	1	2252.7	1	4
1	1	1316	1	4
1	1	1545	1	4
1	1	1715.3	1	4
1	1	2433.3	1	4
1	1	2224.8	1	4
1	1	1354.2	1	4
1	1	1678.2	1	4
1	1	1166.8	1	4
1	1	1053.8	1	4
1	1	1051.9	1	4
1	1	2156.7	0	4
1	1	1920	1	4
1	1	1350	1	4
1	1	1429.4	1	4
1	1	2028.9	0	4
1	1	1056.3	1	4
1	1	1462.4	0	4
1	1	2688.9	0	4
1	1	1858.6	1	4
1	1	1056.8	1	4
1	1	2465.8	1	4
1	1	2461.2	0	4
1	1	2625	1	4
1	1	2597.5	0	4
1	1	1858.8	1	4
1	1	2846.1	0	4
1	1	3667	0	4
1	1	1363.4	1	4
1	1	1202.2	1	4
1	1	1613.1	0	4
1	1	2120.4	1	4
1	1	4030.1	1	4
1	1	1114.6	1	4
1	1	1678	0	4
1	1	3920.7	1	4
1	1	2210.7	1	4
1	1	1198	0	4
1	1	2033.1	1	4
1	1	1535.7	0	4
1	1	3986.3	0	4
1	1	2543.2	1	4
1	1	1998.3	1	4
1	1	1718.1	1	4
1	1	1952.1	1	4
1	1	956.78	1	4
1	1	820.28	0	4
1	1	1472.2	1	4
1	1	3422	1	4
1	1	1190.3	1	4
1	1	815.05	1	4
1	1	1798.1	1	4
1	1	1663.1	1	4
1	1	1403.5	1	4
1	1	2950	0	4
1	1	2400.2	1	4
1	1	1356.5	0	4
1	1	1628.7	1	4
1	1	2548.4	1	4
1	1	2087.4	1	4
1	1	1033.7	1	4
1	1	1457.3	1	4
1	1	966.56	1	4
1	1	1034.9	0	4
1	1	1283.2	1	4
1	1	662.62	1	4
1	1	1409.8	1	4
1	1	893.49	1	4
1	1	1465.3	1	4
1	1	1246.6	1	4
1	1	1821.2	0	4
1	1	1470.8	1	4
1	1	985.5	1	4
1	1	2152	0	4
1	1	1126.7	0	4
1	1	1731.4	0	4
1	1	1717.2	0	4
1	1	1210.9	1	4
1	1	1175.3	1	4
1	1	1310.3	1	4
1	1	1461.1	0	4
1	1	862.55	0	4
1	1	2591.2	1	4
1	1	1386.5	0	4
1	1	1354.4	0	4
1	1	1807.9	1	4
1	1	1405.5	0	4
1	1	1737.2	1	4
1	1	1633.3	1	4
1	1	3665.1	1	4
1	1	2175.1	1	4
1	1	1511.5	0	4
1	1	928.54	1	4
1	1	1213.5	1	4
1	1	2219.6	0	4
1	1	3594	0	4
1	1	2971.9	1	4
1	1	1291.4	1	4
1	1	1483.7	1	4
1	1	1743	1	4
1	1	600.57	1	4
1	1	867.63	1	4
1	1	1155.9	0	4
1	1	1144.5	0	4
1	1	1253.9	0	4
1	1	2296.6	0	4
1	1	1072.5	0	4
1	1	2426.8	1	4
1	1	786.96	1	4
1	1	1136.7	1	4
1	1	1347.6	0	4
1	1	2035.9	1	4
1	1	2046.2	1	4
1	1	1632.9	1	4
1	1	747.08	1	4
1	1	1048.5	1	4
1	1	556.42	1	4
1	1	1077.5	1	4
1	1	1891.5	1	4
1	1	1302.6	1	4
1	1	1599.8	1	4
1	1	1406	0	4
1	1	1345	1	4
1	1	3023.3	0	4
1	1	742.34	0	4
1	1	1176.7	0	4
1	1	829.28	0	4
1	1	1907.1	1	4
1	1	668.93	1	4
1	1	1375.8	1	4
1	1	1423.6	1	4
1	1	1650.2	0	4
1	1	1544.2	1	4
1	1	1394.3	1	4
1	1	1529.6	0	4
1	1	1128.6	0	4
1	1	1256.4	1	4
1	1	1275.1	1	4
1	1	1745.8	1	4
1	1	1156.2	0	4
1	1	1300.3	0	4
1	1	1664.8	1	4
1	1	2809.6	0	4
1	1	1439.2	1	4
1	1	1300.1	0	4
1	1	987.03	1	4
1	1	961.46	1	4
1	1	1452.4	1	4
1	1	1183.1	1	4
1	1	1462.7	1	4
1	1	785.45	1	4
1	1	1502.8	1	4
1	1	878.04	1	4
1	1	1244	0	4
1	1	884.28	1	4
1	1	784.64	1	4
1	1	1094.3	0	4
1	1	1451.3	0	4
1	1	666.05	0	4
1	1	1755.8	1	4
1	1	1168.6	1	4
1	1	1300.1	0	4
1	1	1611.2	1	4
1	1	747.8	1	4
1	1	713.13	1	4
1	1	1099.1	1	4
1	1	2013.2	1	4
1	1	1804.3	1	4
1	1	1990.5	1	4
1	1	1851.8	0	4
1	1	987.7	0	4
1	1	1252.1	1	4
1	1	1248.8	1	4
1	1	1023.8	0	4
1	1	1801.5	1	4
1	1	2261.2	1	4
1	1	937.13	1	4
1	1	1605.3	1	4
1	1	1919.5	0	4
1	1	1215.3	1	4
1	1	1407.1	1	4
1	1	1524.6	1	4
1	1	1895.7	1	4
1	1	2083.8	1	4
1	1	1636.6	1	4
1	1	711.31	1	4
1	1	1934.9	0	4
1	1	1538.3	1	4
1	1	847.04	0	4
1	1	1398.5	1	4
1	1	1453.2	1	4
1	1	1632.3	0	4
1	1	756.29	1	4
1	1	1544.6	1	4
1	1	1002.6	1	4
1	1	1835.6	0	4
1	1	1997.5	1	4
1	1	1192.9	1	4
1	1	583.54	1	4
1	1	1647.9	1	4
1	1	941.58	1	4
1	1	1244.3	1	4
1	1	1331.7	0	4
1	1	1484.7	1	4
1	1	935.72	1	4
1	1	1556.2	1	4
1	1	1738.1	0	4
1	1	961.92	1	4
1	1	1452.6	1	4
1	1	1630.4	1	4
1	1	1370.6	1	4
1	1	2659.8	0	4
1	1	1285.2	1	4
1	1	1602.5	1	4
1	1	1290.3	1	4
1	1	773.72	1	4
1	1	1085	1	4
1	1	2189.2	1	4
1	1	1282.3	1	4
1	1	910.5	0	4
1	1	1758.5	0	4
1	1	1274	1	4
1	1	1874.3	0	4
1	1	1861	1	4
1	1	1564.5	1	4
1	1	1787	1	4
1	1	1027.1	1	4
1	1	1360	0	4
1	1	1442.7	1	4
1	1	1312.1	0	4
1	1	2401.4	0	4
1	1	934.53	1	4
1	1	1032.1	1	4
1	1	900.16	1	4
1	1	1334.5	1	4
1	1	1196.2	1	4
1	1	1351.6	1	4
1	1	3062.1	0	4
1	1	1066.9	1	4
1	1	1787.4	1	4
1	1	1245.4	1	4
1	1	904.41	1	4
1	1	2115.8	1	4
1	1	849.03	1	4
1	1	1231.8	1	4
1	1	1058.8	1	4
1	1	1591.2	1	4
1	1	841.97	1	4
1	1	1406.8	1	4
1	1	1579.2	1	4
1	1	933.05	1	4
1	1	1363	1	4
1	1	1953.5	1	4
1	1	2310.4	1	4
1	1	1110.9	1	4
1	1	2117.7	1	4
1	1	1911.6	1	4
1	1	1275.9	1	4
1	1	692.7	1	4
1	1	908.29	1	4
1	1	737.84	1	4
1	1	1049.6	1	4
1	1	1437.5	1	4
1	1	1608.2	1	4
1	1	1336.1	1	4
1	1	758.3	0	4
1	1	1570.7	0	4
1	1	1567	0	4
1	1	1259.5	0	4
1	1	1702.7	1	4
1	1	1606.8	0	4
1	1	1407.9	1	4
1	1	1722.9	1	4
1	1	1097.4	1	4
1	1	1233.2	1	4
1	1	1089.2	1	4
1	1	1877.3	1	4
1	1	1246.1	1	4
1	1	845.19	1	4
1	1	1105.1	1	4
1	1	1603.3	0	4
1	1	1011	1	4
1	1	1017.2	1	4
1	1	935.59	1	4
1	1	836.67	1	4
1	1	895.64	0	4
1	1	1784.1	1	4
1	1	896.12	1	4
1	1	1016.1	1	4
1	1	1050.9	1	4
1	1	969.14	1	4
1	1	913.23	1	4
1	1	1833.2	0	4
1	1	705.2	1	4
1	1	1216.9	0	4
1	1	1107.4	1	4
1	1	1262.5	0	4
1	1	1131.8	0	4
1	1	2516.1	0	4
1	1	2582.4	1	4
1	1	1963.4	0	4
1	1	1124.7	1	4
1	1	1211.5	1	4
1	1	917.66	1	4
1	1	924.74	1	4
1	1	1300.2	1	4
1	1	1551.8	0	5
1	1	2416.8	0	5
1	1	768.46	0	5
1	1	1723.5	1	5
1	1	1932.9	1	5
1	1	1576.3	1	5
1	1	2080.9	0	5
1	1	1414.1	1	5
1	1	1590.3	1	5
1	1	2379.3	1	5
1	1	1523	1	5
1	1	2227.4	1	5
1	1	1955.7	1	5
1	1	1399.2	1	5
1	1	1374.3	0	5
1	1	1663.8	1	5
1	1	1448.2	1	5
1	1	1511.8	1	5
1	1	1529.6	1	5
1	1	1159	1	5
1	1	1740.1	1	5
1	1	708.66	0	5
1	1	1486.9	1	5
1	1	1826.5	1	5
1	1	774.21	1	5
1	1	1542.2	1	5
1	1	1234.8	1	5
1	1	1235.7	1	5
1	1	1954.8	0	5
1	1	1380.4	1	5
1	1	1070.7	1	5
1	1	1819.2	1	5
1	1	1742.1	1	5
1	1	1513.7	1	5
1	1	1138.1	1	5
1	1	1528.7	1	5
1	1	1950.4	1	5
1	1	2359.3	1	5
1	1	1610.2	1	5
1	1	1107.8	1	5
1	1	1383	1	5
1	1	1184.9	1	5
1	1	1423.3	1	5
1	1	1364.3	1	5
1	1	847.09	1	5
1	1	1919.3	1	5
1	1	1339.3	1	5
1	1	1085.7	1	5
1	1	1432.6	0	5
1	1	2203.1	0	5
1	1	1641.1	1	5
1	1	2198.1	1	5
1	1	1173.7	1	5
1	1	1441.7	1	5
1	1	3247.1	1	5
1	1	1557	0	5
1	1	1050	1	5
1	1	1396.1	1	5
1	1	1304.6	1	5
1	1	1116.5	1	5
1	1	2157.1	0	5
1	1	1326.9	0	5
1	1	2117.7	0	5
1	1	1519.7	1	5
1	1	1644.6	1	5
1	1	2218.4	1	5
1	1	1551.1	1	5
1	1	1265.7	1	5
1	1	1421.2	1	5
1	1	1501.9	1	5
1	1	3172.9	1	5
1	1	2319.4	1	5
1	1	1207.2	1	5
1	1	1414.1	1	5
1	1	1161	1	5
1	1	1003.4	1	5
1	1	1494.1	1	5
1	1	1199.3	1	5
1	1	2396.1	1	5
1	1	860.74	1	5
1	1	1611.8	1	5
1	1	1178.7	1	5
1	1	1250.5	1	5
1	1	2502.2	1	5
1	1	2515.6	1	5
1	1	825.36	1	5
1	1	3440.2	1	5
1	1	1404.2	1	5
1	1	1060.9	1	5
1	1	1417.2	1	5
1	1	2041	1	5
1	1	906.68	1	5
1	1	1892.2	1	5
1	1	1148.1	0	5
1	1	1092.8	1	5
1	1	947.89	1	5
1	1	1076	1	5
1	1	1828	1	5
1	1	1092	1	5
1	1	1157	1	5
1	1	1092.5	1	5
1	1	2353.9	0	5
1	1	1569	0	5
1	1	1040.1	1	5
1	1	760.53	1	5
1	1	788.49	1	5
1	1	702.1	1	5
1	1	1444.3	1	5
1	1	786.91	1	5
1	1	1127.4	0	5
1	1	778.39	1	5
1	1	854.29	1	5
1	1	699.98	1	5
1	1	871.89	1	5
1	1	677.57	1	5
1	1	1608.8	1	5
1	1	1050.5	1	5
1	1	2366.2	1	5
1	1	1187.6	1	5
1	1	1114.9	1	5
1	1	1292.8	0	5
1	1	997.67	1	5
1	1	1035.9	1	5
1	1	890.47	1	5
1	1	787.58	1	5
1	1	749.98	1	5
1	1	2111.5	1	5
1	1	1148.2	1	5
1	1	1003.8	0	5
1	1	1873.5	1	5
1	1	1300.7	1	5
1	1	724.19	1	5
1	1	2805.9	1	5
1	1	819.29	1	5
1	1	818.75	1	5
1	1	727.02	1	5
1	1	1318.5	1	5
1	1	2903.1	1	5
1	1	1390.3	1	5
1	1	1392.3	1	5
1	1	1127.9	1	5
1	1	1908	1	5
1	1	2500.1	1	5
1	1	1033.7	1	5
1	1	1834.3	1	5
1	1	1003.3	1	5
1	1	1025.8	1	5
1	1	1100.4	1	5
1	1	1204.2	1	5
1	1	1162.5	1	5
1	1	1637.6	1	5
1	1	840.23	1	5
1	1	792.36	1	5
1	1	813.05	1	5
1	1	927.49	1	5
1	1	1595.1	1	5
1	1	1116.3	1	5
1	1	977.05	1	5
1	1	875.74	1	5
1	1	1180.7	1	5
1	1	736.87	0	5
1	1	1734.5	0	5
1	1	1624.8	0	5
1	1	1271.7	1	5
1	1	1482.6	1	5
1	1	1106.8	1	5
1	1	998.52	1	5
1	1	709.18	1	5
1	1	1116.7	1	5
1	1	1155.9	1	5
1	1	1812.4	0	5
1	1	1481.7	1	5
1	1	580.34	1	5
1	1	1223.3	1	5
1	1	774.92	1	5
1	1	2995.3	1	5
1	1	1467.9	0	5
1	1	1568	1	5
1	1	989.27	1	5
1	1	2005.6	1	5
1	1	1497.5	1	5
1	1	1090.7	1	5
1	1	899.69	1	5
1	1	749.42	1	5
1	1	771.26	1	5
1	1	800.56	1	5
1	1	914.03	0	5
1	1	665.25	1	5
1	1	1170.1	1	5
1	1	1014.6	1	5
1	1	1835.5	0	5
1	1	1137.4	1	5
1	1	974.34	1	5
1	1	802.16	1	5
1	1	1039.1	1	5
1	1	825.15	1	5
1	1	725.78	1	5
1	1	820.3	1	5
1	1	1248.6	0	5
1	1	2054.6	1	5
1	1	1300.8	1	5
1	1	1252.4	1	5
1	1	1315.3	0	5
1	1	1640.1	1	5
1	1	1037.7	0	5
1	1	1112	1	5
1	1	1140.9	1	5
1	1	1347.5	1	5
1	1	1238	1	5
1	1	1904.3	0	5
1	1	1401.8	1	5
1	1	1288.3	0	5
1	1	2701.6	1	5
1	1	2610.3	1	5
1	1	1169.7	1	5
1	1	1132.9	1	5
1	1	1244.9	1	5
1	1	912.01	1	5
1	1	725.75	1	5
1	1	1974	1	5
1	1	1150.5	1	5
1	1	1504.8	1	5
1	1	1421	1	5
1	1	1103.4	1	5
1	1	1188.6	1	5
1	1	1572.2	1	5
1	1	1158.1	1	5
1	1	1189.8	1	5
1	1	1483.9	1	5
1	1	1543.6	1	5
1	1	878.96	1	5
1	1	2297.7	1	5
1	1	1141.4	1	5
1	1	1339.9	1	5
1	1	1315	1	5
1	1	1351.4	1	5
1	1	1739	1	5
1	1	1211.6	1	5
1	1	1363.4	1	5
1	1	1681.9	1	5
1	1	962.58	1	5
1	1	1136.3	1	5
1	1	962.4	1	5
1	1	915.64	1	5
1	1	856.89	1	5
1	1	896.17	1	5
1	1	766.43	1	5
1	1	1003.3	1	5
1	1	879.92	1	5
1	1	1023.9	1	5
1	1	990.11	1	5
1	1	1341.6	1	5
1	1	1087.4	1	5
1	1	889.32	1	5
1	1	1386.2	1	5
1	1	1097.2	1	5
1	1	1617.9	1	5
1	1	1783.7	1	5
1	1	1266.9	1	5
1	1	1464.4	1	5
1	1	1757.7	0	5
1	1	1103.1	1	5
1	1	1213.5	1	5
1	1	1263	1	5
1	1	158.19	1	5
1	1	1536	1	5
1	1	2316.3	1	5
1	1	484.66	0	5
1	1	1967.7	1	5
1	1	2121	1	5
1	1	2172.7	1	5
1	1	1282.8	1	5
1	1	1777.3	1	5
1	1	1022.7	1	5
1	1	418.48	0	5
1	1	1099.9	1	5
1	1	1026.9	1	5
1	1	1604.2	1	5
1	1	1970.8	1	5
1	1	894.1	1	5
1	1	1006.5	1	5
1	1	1552.3	1	5
1	1	1292.1	1	5
1	1	1038.4	1	5
1	1	1122.6	1	5
1	1	1594.9	1	5
1	1	2213.8	1	5
1	1	998.9	1	5
1	1	767.65	1	5
1	1	1005.6	1	5
1	1	970.06	1	5
1	1	1219.7	1	5
1	1	1301.8	1	5
1	1	961.03	1	5
1	1	1470	1	5
1	1	1051.4	1	5
1	1	1026.3	1	5
1	1	1244.9	1	5
1	1	1198.1	1	5
1	1	1033.1	1	5
1	1	828.78	1	5
1	1	1630.5	1	5
1	1	1268.2	1	5
1	1	1491.1	1	5
1	1	1092.1	1	5
1	1	2266.4	1	5
1	1	1269.7	1	5
1	1	1097.3	1	5
1	1	799.69	1	5
1	1	1220.8	1	5
1	1	1279.1	1	5
1	1	952.35	1	5
1	1	735.27	1	5
1	1	1616.7	1	5
1	1	834.14	1	5
1	1	1512.7	1	5
1	1	1213.7	1	5
1	1	1018.6	1	5
1	1	1036.1	1	5
1	1	1002	0	5
1	1	1057.1	1	5
1	1	916.37	1	5
1	1	906.76	1	5
1	1	1141.1	1	5
1	1	909.2	1	5
1	1	1379.5	0	5
1	1	1692.9	1	5
1	1	1651.9	1	5
1	1	940.18	1	5
1	1	868.68	1	5
1	1	842.63	1	5
1	1	913.94	1	5
1	1	1046.4	1	5
1	1	1312.4	1	5
1	1	1270.4	1	5
1	1	901.97	1	5
1	1	1162.3	1	5
1	1	1357.8	1	5
1	1	1292.8	1	5
1	1	1296	1	5
1	1	1125.5	1	5
1	1	1057.3	1	5
1	1	1387	0	5
1	1	1711.7	1	5
1	1	1051.7	1	5
1	1	882.1	1	5
1	1	927.09	1	5
1	1	1066.8	1	5
1	1	948.92	1	5
1	1	1572.3	1	6
1	1	2071.4	0	6
1	1	1638.6	1	6
1	1	1753.9	1	6
1	1	1355.7	0	6
1	1	3184.6	1	6
1	1	1581.3	1	6
1	1	2028.3	1	6
1	1	1542.4	1	6
1	1	2040	1	6
1	1	1917.2	1	6
1	1	1704.4	0	6
1	1	2117.7	1	6
1	1	1965.6	1	6
1	1	1418.4	1	6
1	1	729.37	1	6
1	1	1603	1	6
1	1	1544.7	1	6
1	1	1236.5	0	6
1	1	1839.6	1	6
1	1	407.45	1	6
1	1	1155.1	1	6
1	1	1434.3	0	6
1	1	753.27	1	6
1	1	775.47	1	6
1	1	2181	1	6
1	1	1969.2	1	6
1	1	2095.1	0	6
1	1	1004.9	1	6
1	1	1667.9	1	6
1	1	1889.9	1	6
1	1	1983	1	6
1	1	1378.4	1	6
1	1	2288	1	6
1	1	2385.3	1	6
1	1	1121.3	0	6
1	1	1833.8	1	6
1	1	1633.6	1	6
1	1	1438.6	1	6
1	1	2249.2	1	6
1	1	1427.6	1	6
1	1	1433.4	1	6
1	1	1270.1	1	6
1	1	3069.2	0	6
1	1	1166.8	1	6
1	1	2555.2	1	6
1	1	1392.5	1	6
1	1	1839.8	1	6
1	1	2018.2	1	6
1	1	1382.2	1	6
1	1	1508.2	1	6
1	1	1697.2	1	6
1	1	1777.6	1	6
1	1	1403.5	1	6
1	1	1512.7	1	6
1	1	929.6	1	6
1	1	749.55	1	6
1	1	1623.2	1	6
1	1	1253.4	1	6
1	1	2052.3	1	6
1	1	1222.9	1	6
1	1	2002.5	1	6
1	1	2459.5	0	6
1	1	2747	1	6
1	1	2187.7	1	6
1	1	2201.6	1	6
1	1	2103.9	0	6
1	1	1338.6	1	6
1	1	1001.2	1	6
1	1	3383.4	0	6
1	1	1014.9	1	6
1	1	2062.3	1	6
1	1	1491	1	6
1	1	1102.9	1	6
1	1	996.01	1	6
1	1	869.15	1	6
1	1	1042.5	1	6
1	1	1720.6	1	6
1	1	1714.7	1	6
1	1	1422.7	1	6
1	1	1539.3	1	6
1	1	2305.8	1	6
1	1	1990.6	1	6
1	1	1458.2	1	6
1	1	2865.7	1	6
1	1	1320.6	1	6
1	1	2033.9	1	6
1	1	1692.1	0	6
1	1	1781.4	1	6
1	1	1454.2	1	6
1	1	1548.2	1	6
1	1	1589.8	1	6
1	1	1945.8	1	6
1	1	1219.6	1	6
1	1	2110.2	1	6
1	1	1047.6	1	6
1	1	1009.5	1	6
1	1	1486.2	1	6
1	1	855	1	6
1	1	1977	1	6
1	1	1228.4	1	6
1	1	970.23	1	6
1	1	934.12	1	6
1	1	533.87	1	6
1	1	622.49	1	6
1	1	585.31	1	6
1	1	691.98	1	6
1	1	835.17	1	6
1	1	771.21	1	6
1	1	1017.5	1	6
1	1	685.84	1	6
1	1	1157.7	1	6
1	1	899.19	1	6
1	1	627.2	1	6
1	1	1401.4	1	6
1	1	716.79	1	6
1	1	2008.8	1	6
1	1	1081.2	1	6
1	1	1234.7	1	6
1	1	711.97	1	6
1	1	735.79	1	6
1	1	670	1	6
1	1	1081.3	1	6
1	1	922.24	1	6
1	1	614.36	1	6
1	1	712.42	1	6
1	1	1756.9	1	6
1	1	665.47	1	6
1	1	969.09	1	6
1	1	844.29	1	6
1	1	635.76	1	6
1	1	1583.2	1	6
1	1	1293.1	1	6
1	1	1202.6	1	6
1	1	801.7	1	6
1	1	787.76	1	6
1	1	1000.3	1	6
1	1	848.06	1	6
1	1	649.12	1	6
1	1	846.65	1	6
1	1	1052.2	1	6
1	1	1185.3	1	6
1	1	1825.8	0	6
1	1	2595	1	6
1	1	1119.7	1	6
1	1	973.59	1	6
1	1	1244.9	1	6
1	1	640.02	1	6
1	1	600.33	1	6
1	1	235.96	0	6
1	1	304.91	0	6
1	1	586.82	1	6
1	1	736.41	1	6
1	1	1112.7	0	6
1	1	814.76	1	6
1	1	537.89	1	6
1	1	818.92	0	6
1	1	1281.7	1	6
1	1	1293.9	1	6
1	1	1078	1	6
1	1	1395.8	1	6
1	1	1178.5	1	6
1	1	1819.7	0	6
1	1	768.55	1	6
1	1	1619.1	1	6
1	1	1680.3	1	6
1	1	1484.9	1	6
1	1	834.84	1	6
1	1	1944.8	1	6
1	1	1020.6	1	6
1	1	2122.1	1	6
1	1	2352.5	1	6
1	1	1279.4	1	6
1	1	1135	1	6
1	1	2325.4	1	6
1	1	1006.3	1	6
1	1	973	1	6
1	1	1480	1	6
1	1	1321.5	1	6
1	1	1397	1	6
1	1	2122.5	1	6
1	1	922.18	1	6
1	1	934.79	1	6
1	1	1819.1	1	6
1	1	842.86	1	6
1	1	784.49	1	6
1	1	1041.8	0	6
1	1	1282.4	1	6
1	1	606.77	1	6
1	1	1440	1	6
1	1	989.48	1	6
1	1	850.16	1	6
1	1	575.6	1	6
1	1	726.91	1	6
1	1	1171.4	0	6
1	1	1229.8	1	6
1	1	2289.9	0	6
1	1	984.95	1	6
1	1	999.22	1	6
1	1	1584.7	0	6
1	1	1011.7	1	6
1	1	1064.5	1	6
1	1	1314.7	1	6
1	1	1424.9	1	6
1	1	1069	1	6
1	1	1160.1	1	6
1	1	1113.8	1	6
1	1	1194.4	0	6
1	1	1308.2	1	6
1	1	1562.6	1	6
1	1	1072	1	6
1	1	944.65	1	6
1	1	1055.7	1	6
1	1	2368.6	1	6
1	1	2051	1	6
1	1	859.58	1	6
1	1	1130.8	1	6
1	1	1169.1	1	6
1	1	1403.1	1	6
1	1	1254.6	1	6
1	1	913.09	1	6
1	1	856.81	1	6
1	1	778.38	1	6
1	1	913.02	1	6
1	1	962.32	1	6
1	1	1173.8	1	6
1	1	792.58	1	6
1	1	831.98	1	6
1	1	1203.1	1	6
1	1	1094.4	1	6
1	1	997.69	1	6
1	1	845.17	1	6
1	1	1814.5	1	6
1	1	1213.5	1	6
1	1	1347.7	0	6
1	1	767.58	1	6
1	1	886.25	1	6
1	1	2121	1	6
1	1	1219.3	1	6
1	1	2986.8	1	6
1	1	1128.6	1	6
1	1	1106	1	6
1	1	1055.9	1	6
1	1	901.88	1	6
1	1	771.23	1	6
1	1	1018	1	6
1	1	682.44	1	6
1	1	882.93	1	6
1	1	1071.9	1	6
1	1	1297.5	1	6
1	1	1532.7	1	6
1	1	1348.7	1	6
1	1	1066.6	1	6
1	1	1320.5	1	6
1	1	1238.8	1	6
1	1	1513.6	1	6
1	1	895.06	1	6
1	1	1880.5	1	6
1	1	1127	1	6
1	1	1140.5	1	6
1	1	1389.4	1	6
1	1	1081.2	1	6
1	1	1285.8	1	6
1	1	1351.5	1	6
1	1	1314.1	1	6
1	1	1355	1	6
1	1	1130.3	1	6
1	1	1462.2	1	6
1	1	936.97	1	6
1	1	1951.8	1	6
1	1	849.37	1	6
1	1	872.27	1	6
1	1	1301.9	1	6
1	1	996.07	1	6
1	1	1469.9	1	6
1	1	1398.4	1	6
1	1	925.06	1	6
1	1	1518.9	1	6
1	1	1033.1	1	6
1	1	1677.4	1	6
1	1	1276.8	1	6
1	1	1657.4	1	6
1	1	2164	1	6
1	1	895.19	1	6
1	1	1933.6	1	6
1	1	1878.5	1	6
1	1	883.53	1	6
1	1	1341.4	1	6
1	1	845.39	1	6
1	1	873.11	1	6
1	1	830.3	1	6
1	1	1387.7	1	6
1	1	1256.5	1	6
1	1	792.68	1	6
1	1	704.16	1	6
1	1	888.59	1	6
1	1	1938	0	6
1	1	1152.4	1	6
1	1	1193.7	1	6
1	1	1377.2	1	6
1	1	1018.1	1	6
1	1	1339.6	1	6
1	1	1035.4	1	6
1	1	902.73	1	6
1	1	943.51	1	6
1	1	910.96	1	6
1	1	914.4	1	6
1	1	836.25	1	6
1	1	745.19	1	6
1	1	910.01	1	6
1	1	754.14	1	6
1	1	1271.6	1	6
1	1	1577.5	1	6
1	1	1052.4	1	6
1	1	820.79	1	6
1	1	956.69	1	6
1	1	1069.1	1	6
1	1	1482.1	1	6
1	1	1635.5	1	6
1	1	1785.3	1	6
1	1	1129.4	1	6
1	1	2797.4	1	6
1	1	1003.2	1	6
1	1	1084.6	1	6
1	1	746.89	1	6
1	1	1242.9	1	6
1	1	741.05	1	6
1	1	1081.6	1	6
1	1	849.22	1	6
1	1	1088.7	1	6
1	1	949.7	1	6
1	1	841.09	1	6
1	1	1036.8	1	6
1	1	1280.6	1	6
1	1	2123.7	1	6
1	1	1154	1	6
1	1	1027.7	1	6
1	1	811.2	1	6
1	1	937.56	1	6
1	1	1036.9	0	6
1	1	1966.1	1	6
1	1	1302.4	1	6
1	1	1032.4	1	6
1	1	1600.3	1	6
1	1	1050.5	1	6
1	1	1456.2	1	6
1	1	1159	1	6
1	1	1074.5	1	6
1	1	1347.6	1	6
1	1	1383.1	1	7
1	1	1580.7	1	7
1	1	1636.8	1	7
1	1	1646.1	0	7
1	1	1013	1	7
1	1	1031.6	1	7
1	1	790.45	1	7
1	1	937.37	1	7
1	1	811.65	1	7
1	1	1018.3	1	7
1	1	1075.9	1	7
1	1	647.99	1	7
1	1	810.64	1	7
1	1	524.69	1	7
1	1	1188.3	1	7
1	1	922.88	1	7
1	1	552.03	1	7
1	1	576.77	1	7
1	1	1412.8	1	7
1	1	641.35	1	7
1	1	696.67	1	7
1	1	627.21	1	7
1	1	1093.3	1	7
1	1	1375.6	1	7
1	1	1928	1	7
1	1	1556.1	1	7
1	1	1297.7	0	7
1	1	1796.1	1	7
1	1	1334.5	1	7
1	1	623.93	1	7
1	1	897.1	1	7
1	1	894.53	1	7
1	1	1356.8	1	7
1	1	960.57	1	7
1	1	1075.2	1	7
1	1	1045.1	1	7
1	1	1440.2	1	7
1	1	1534.1	1	7
1	1	2380.2	0	7
1	1	1695.5	1	7
1	1	832.92	1	7
1	1	997.56	1	7
1	1	1339.7	1	7
1	1	1165.5	1	7
1	1	1950.2	1	7
1	1	1460.4	1	7
1	1	1859.8	1	7
1	1	1600.5	1	7
1	1	1292.8	1	7
1	1	1049.3	1	7
1	1	929.19	1	7
1	1	802.08	1	7
1	1	1207.2	0	7
1	1	1088	1	7
1	1	1435.7	1	7
1	1	846.7	1	7
1	1	1097.6	1	7
1	1	793.12	1	7
1	1	960.6	1	7
1	1	1386.8	1	7
1	1	999.27	1	7
1	1	888.36	1	7
1	1	992.91	1	7
1	1	1538.5	1	7
1	1	1039.6	1	7
1	1	1305.2	1	7
1	1	3413.8	1	7
1	1	1549.6	1	7
1	1	1572	1	7
1	1	773.13	1	7
1	1	781.83	1	7
1	1	1084.4	1	7
1	1	1107.6	1	7
1	1	1003.3	1	7
1	1	1069.9	1	7
1	1	793.45	1	7
1	1	869.72	0	7
1	1	773.53	1	7
1	1	1137.1	1	7
1	1	904.53	1	7
1	1	1212.6	1	7
1	1	1749.2	1	7
1	1	759.7	1	7
1	1	748.7	1	7
1	1	1823.9	1	7
1	1	1020.5	1	7
1	1	747.85	1	7
1	1	771.41	1	7
1	1	807.63	1	7
1	1	1189.4	1	7
1	1	698.6	1	7
1	1	795.1	1	7
1	1	654.05	1	7
1	1	837.11	1	7
1	1	1394.5	1	7
1	1	632.1	1	7
1	1	1697.3	1	7
1	1	1113.5	1	7
1	1	646.45	1	7
1	1	687.36	1	7
1	1	2328.3	1	7
1	1	853.54	1	7
1	1	1431	1	7
1	1	1110.5	1	7
1	1	973.25	1	7
1	1	771.17	1	7
1	1	1830.9	1	7
1	1	646.95	0	7
1	1	777.43	1	7
1	1	1257.9	1	7
1	1	1164.8	1	7
1	1	904.68	1	7
1	1	749.47	1	7
1	1	970.88	1	7
1	1	1433.3	0	7
1	1	548.17	1	7
1	1	974.69	1	7
1	1	1196.7	1	7
1	1	1776.9	1	7
1	1	1084	1	7
1	1	884.04	1	7
1	1	779.49	1	7
1	1	1085.4	1	7
1	1	854.31	1	7
1	1	715.82	1	7
1	1	1453.3	1	7
1	1	679.32	1	7
1	1	832.31	1	7
1	1	720.67	1	7
1	1	2074.3	1	7
1	1	588.32	1	7
1	1	885.37	1	7
1	1	1045	1	7
1	1	482.3	1	7
1	1	949.42	1	7
1	1	1164.6	1	7
1	1	1987.2	1	7
1	1	1040.8	1	7
1	1	1029.7	1	7
1	1	2207.2	0	7
1	1	1391.5	0	7
1	1	2437.3	1	7
1	1	2245.4	1	7
1	1	2507.3	1	7
1	1	682.47	1	7
1	1	1359.1	1	7
1	1	2468.6	1	7
1	1	1358.2	1	7
1	1	551.53	1	7
1	1	1692.1	1	7
1	1	644.28	1	7
1	1	1008.1	1	7
1	1	839.43	1	7
1	1	1073.5	1	7
1	1	533.41	1	7
1	1	533.68	1	7
1	1	766.72	1	7
1	1	863.42	1	7
1	1	887.71	1	7
1	1	1261.8	1	7
1	1	721.48	1	7
1	1	830.51	1	7
1	1	657.86	1	7
1	1	632.65	1	7
1	1	1275	1	7
1	1	1128.1	1	7
1	1	1764.7	1	7
1	1	897.4	1	7
1	1	1224.4	1	7
1	1	694.94	1	7
1	1	1359.1	1	7
1	1	1503.7	1	7
1	1	787.86	1	7
1	1	1304.1	1	7
1	1	1111.9	1	7
1	1	663.65	1	7
1	1	1172.6	1	7
1	1	2050.8	1	7
1	1	947.09	1	7
1	1	1994.6	1	7
1	1	1116.1	1	7
1	1	800.96	1	7
1	1	742.12	1	7
1	1	607.76	1	7
1	1	916.26	1	7
1	1	1739.3	0	7
1	1	999.01	1	7
1	1	629.17	1	7
1	1	1332.2	1	7
1	1	1280.1	1	7
1	1	918.69	1	7
1	1	682.93	1	7
1	1	1022.1	1	7
1	1	606.58	1	7
1	1	582.76	1	7
1	1	945.08	0	7
1	1	2000.4	1	7
1	1	955.28	1	7
1	1	707.96	1	7
1	1	566.24	1	7
1	1	764	1	7
1	1	645.98	1	7
1	1	657.73	1	7
1	1	903.84	1	7
1	1	1253.2	1	7
1	1	1664.4	1	7
1	1	976.86	1	7
1	1	2520.9	1	7
1	1	1391.4	1	7
1	1	1218.9	1	7
1	1	781.44	1	7
1	1	1489.3	1	7
1	1	1098.1	1	7
1	1	862.52	1	7
1	1	1238.3	1	7
1	1	1134	1	7
1	1	720.19	1	7
1	1	660.62	1	7
1	1	965.68	1	7
1	1	936.09	1	7
1	1	899.02	1	7
1	1	1051.5	1	7
1	1	881.64	1	7
1	1	1463.7	1	7
1	1	1159.6	1	7
1	1	1031	1	7
1	1	1172.8	1	7
1	1	588.92	1	7
1	1	850.58	1	7
1	1	852.86	1	7
1	1	856.41	1	7
1	1	1237.1	1	7
1	1	1425.3	1	7
1	1	938.72	1	7
1	1	1973.6	1	7
1	1	949	1	7
1	1	1225.5	1	7
1	1	739.85	1	7
1	1	1045.2	1	7
1	1	891.92	1	7
1	1	734.04	1	7
1	1	1126.9	1	7
1	1	1112.1	1	7
1	1	889.51	1	7
1	1	872.6	1	7
1	1	753.05	1	7
1	1	812.42	1	7
1	1	772.69	1	7
1	1	1048.8	1	7
1	1	879.88	1	7
1	1	1466.9	1	7
1	1	1108.2	1	7
1	1	1061.7	1	7
1	1	932.81	1	7
1	1	1074.1	1	7
1	1	1219.8	1	7
1	1	1712.7	1	7
1	1	1278.5	1	7
1	1	1102.5	0	7
1	1	781.77	1	7
1	1	817.37	0	7
1	1	1203.9	1	7
1	1	1242.9	1	7
1	1	1455.5	1	7
1	1	618.79	1	7
1	1	283.97	1	7
1	1	1637	1	7
1	1	758.36	0	7
1	1	1001.1	1	7
1	1	1703.1	0	7
1	1	1190.1	1	7
1	1	1951.5	1	7
1	1	958.99	1	7
1	1	872.3	1	7
1	1	955.67	1	7
1	1	1068.8	1	7
1	1	895.11	0	7
1	1	874.87	1	7
1	1	866.56	1	7
1	1	968.08	0	7
1	1	1362	1	7
1	1	768.77	1	7
1	1	921.33	1	7
1	1	1416.3	1	7
1	1	1362.4	1	7
1	1	1020.9	1	7
1	1	923.53	1	7
1	1	1322.6	0	7
1	1	770.92	1	7
1	1	716.12	1	7
1	1	1046.8	1	7
1	1	713.94	1	7
1	1	1568.9	1	7
1	1	1393.9	1	7
1	1	1055.3	1	7
1	1	938.5	1	7
1	1	943.39	1	7
1	1	1504.7	1	7
1	1	855.57	1	7
1	1	1143.3	1	7
1	1	800.28	1	7
1	1	754.18	1	7
1	1	738.74	1	7
1	1	759.72	1	7
1	1	1074.7	1	7
1	1	924.68	1	7
1	1	665.91	1	7
1	1	792.03	1	7
1	1	940.75	1	7
1	1	1064.6	1	7
1	1	828.45	1	7
1	1	561.37	1	7
1	1	769.18	1	7
1	1	737.41	1	7
1	1	1006.8	1	7
1	1	1888.2	1	7
1	1	918.13	1	7
1	1	1235.6	1	7
1	1	1476.2	1	7
1	1	928.05	1	7
1	1	1805.2	1	7
1	1	1224.7	1	7
1	1	799.58	1	7
1	1	668.19	1	7
1	1	846.94	1	7
1	1	1182.3	1	7
1	1	993.56	1	7
1	1	975.58	1	7
1	1	790.07	1	7
1	1	841.44	1	7
1	1	1183	1	7
1	1	1464.6	1	7
1	1	961.21	1	7
1	1	1032.9	0	7
1	1	932.23	1	7
1	1	927.87	1	7
1	1	1101.8	1	7
1	1	1215.9	1	7
1	1	2084.5	1	7
1	1	1161.1	1	7
1	1	1933.8	1	7
1	1	613.97	1	7
1	1	906.34	1	7
1	1	870.98	1	7
1	1	952.12	1	7
1	1	847.15	1	7
1	1	2306.9	1	7
1	1	1016.2	1	7
1	1	899.7	1	7
1	1	1087.4	1	8
1	1	1083.8	1	8
1	1	1522.9	1	8
1	1	1097.9	1	8
1	1	1719.6	1	8
1	1	1755.5	1	8
1	1	681.88	1	8
1	1	1605.4	1	8
1	1	740.4	1	8
1	1	1146.2	1	8
1	1	1351.5	1	8
1	1	1042.7	1	8
1	1	700.06	1	8
1	1	877.76	1	8
1	1	774.49	1	8
1	1	669	1	8
1	1	834.04	1	8
1	1	566.59	1	8
1	1	664.38	1	8
1	1	576.53	1	8
1	1	1021.8	1	8
1	1	616.03	1	8
1	1	571.85	1	8
1	1	1386	1	8
1	1	1116.5	1	8
1	1	1337.1	1	8
1	1	1337.4	1	8
1	1	1197.7	1	8
1	1	1042	1	8
1	1	602.32	1	8
1	1	773.8	1	8
1	1	809.6	1	8
1	1	530.38	1	8
1	1	714.03	1	8
1	1	1192.9	1	8
1	1	806.93	1	8
1	1	2081.8	1	8
1	1	781.54	1	8
1	1	896.34	1	8
1	1	922.42	1	8
1	1	993.88	1	8
1	1	780.73	1	8
1	1	905.22	1	8
1	1	1665.2	1	8
1	1	2094.7	1	8
1	1	1655.1	0	8
1	1	2491.9	1	8
1	1	1111.8	1	8
1	1	919.54	1	8
1	1	1292.5	1	8
1	1	1165.7	1	8
1	1	1324.6	1	8
1	1	921.33	1	8
1	1	2125.6	1	8
1	1	1098.2	1	8
1	1	1313	1	8
1	1	2272.1	0	8
1	1	988.11	1	8
1	1	974.88	1	8
1	1	1008.8	1	8
1	1	1199.6	1	8
1	1	1740.3	1	8
1	1	849.35	1	8
1	1	949.04	1	8
1	1	1122.1	1	8
1	1	1043.8	1	8
1	1	860.95	1	8
1	1	1138.7	1	8
1	1	1076.8	1	8
1	1	1815.8	1	8
1	1	1128.4	1	8
1	1	869.06	1	8
1	1	730.1	1	8
1	1	1041.3	1	8
1	1	620.92	1	8
1	1	1765.5	1	8
1	1	1162.3	1	8
1	1	2490.7	1	8
1	1	927.88	1	8
1	1	1428.7	1	8
1	1	1252.2	1	8
1	1	1208.9	1	8
1	1	806.27	1	8
1	1	1123.2	1	8
1	1	738.94	1	8
1	1	779.94	1	8
1	1	741.95	1	8
1	1	1148.9	1	8
1	1	675.94	1	8
1	1	617.82	1	8
1	1	849.72	1	8
1	1	1105.9	1	8
1	1	590.93	1	8
1	1	1150.6	1	8
1	1	1444	1	8
1	1	808.01	1	8
1	1	1245.1	1	8
1	1	979.09	1	8
1	1	2130.1	1	8
1	1	2346.6	1	8
1	1	1562.3	1	8
1	1	550.46	1	8
1	1	555.41	1	8
1	1	530.54	1	8
1	1	1498.9	1	8
1	1	661.81	1	8
1	1	601.37	1	8
1	1	1273.5	0	8
1	1	981.77	1	8
1	1	1085	1	8
1	1	1294.3	1	8
1	1	1155	1	8
1	1	590.23	1	8
1	1	1228.8	1	8
1	1	702.88	1	8
1	1	814.42	1	8
1	1	3174.8	1	8
1	1	1246.4	1	8
1	1	1325	1	8
1	1	2974.5	1	8
1	1	750.09	1	8
1	1	702.64	1	8
1	1	927.06	1	8
1	1	1381	1	8
1	1	1113.8	1	8
1	1	2681.6	1	8
1	1	1015.2	1	8
1	1	719.55	1	8
1	1	542.19	1	8
1	1	590.38	1	8
1	1	547.64	1	8
1	1	802.25	1	8
1	1	884.89	1	8
1	1	1174.4	1	8
1	1	798.76	1	8
1	1	1578.2	1	8
1	1	991.32	1	8
1	1	1534	1	8
1	1	2799.6	1	8
1	1	962.32	1	8
1	1	1223.9	1	8
1	1	766.36	1	8
1	1	828.44	1	8
1	1	1786.9	1	8
1	1	922.28	1	8
1	1	739.07	1	8
1	1	1266.3	1	8
1	1	964.31	1	8
1	1	1074.1	1	8
1	1	584.2	1	8
1	1	861.96	1	8
1	1	839.15	1	8
1	1	700.48	1	8
1	1	1309.2	1	8
1	1	564.88	1	8
1	1	1091.4	1	8
1	1	1056.6	1	8
1	1	786.45	1	8
1	1	575.78	1	8
1	1	1238.5	1	8
1	1	966.16	1	8
1	1	815.79	1	8
1	1	719.22	1	8
1	1	949.82	1	8
1	1	1239.1	1	8
1	1	617.94	1	8
1	1	686.52	1	8
1	1	1702	1	8
1	1	715.81	1	8
1	1	1722.5	1	8
1	1	1003	1	8
1	1	990.14	1	8
1	1	592.04	1	8
1	1	659.38	1	8
1	1	723.22	1	8
1	1	966.44	1	8
1	1	1083.5	1	8
1	1	795.3	1	8
1	1	784.17	1	8
1	1	1119.5	1	8
1	1	953.37	1	8
1	1	1771.6	1	8
1	1	1120.2	1	8
1	1	628.18	1	8
1	1	1982.1	1	8
1	1	582.48	1	8
1	1	1263.6	1	8
1	1	613.42	1	8
1	1	895.61	1	8
1	1	548.68	1	8
1	1	782.01	1	8
1	1	584.81	1	8
1	1	608.26	1	8
1	1	1222.6	1	8
1	1	2865.2	1	8
1	1	715.02	1	8
1	1	728.1	1	8
1	1	955.47	1	8
1	1	665.6	1	8
1	1	853.58	0	8
1	1	750.69	1	8
1	1	587.94	1	8
1	1	885.65	1	8
1	1	869.55	1	8
1	1	1338.1	1	8
1	1	1306.2	1	8
1	1	1839.5	1	8
1	1	900.38	1	8
1	1	887.77	1	8
1	1	968.62	1	8
1	1	938.78	1	8
1	1	926.41	1	8
1	1	1528.7	1	8
1	1	914.45	1	8
1	1	1079.8	1	8
1	1	997.43	1	8
1	1	638.1	1	8
1	1	632.57	1	8
1	1	970.76	1	8
1	1	1115.1	1	8
1	1	852.14	1	8
1	1	1913.4	0	8
1	1	1278.3	1	8
1	1	2388	1	8
1	1	1021	1	8
1	1	965.66	1	8
1	1	853.12	1	8
1	1	1522.2	1	8
1	1	778.4	1	8
1	1	794.49	1	8
1	1	709.01	1	8
1	1	1082.1	1	8
1	1	1336.2	0	8
1	1	1094.2	1	8
1	1	1535.8	1	8
1	1	712.96	1	8
1	1	1834	1	8
1	1	1584.8	1	8
1	1	1551.3	1	8
1	1	2531.6	1	8
1	1	1342.3	1	8
1	1	1112.3	1	8
1	1	1159.6	1	8
1	1	1159.1	1	8
1	1	1086	1	8
1	1	845.43	1	8
1	1	827.4	1	8
1	1	748.65	1	8
1	1	773.23	1	8
1	1	966.26	1	8
1	1	1140.2	1	8
1	1	936.58	1	8
1	1	1469.2	1	8
1	1	928.83	0	8
1	1	1716.1	1	8
1	1	1944.2	1	8
1	1	1464.7	1	8
1	1	1359.9	1	8
1	1	1327.4	1	8
1	1	1342.2	1	8
1	1	1481.3	1	8
1	1	1290.1	1	8
1	1	1763.7	1	8
1	1	948.8	1	8
1	1	785.38	1	8
1	1	308.18	0	8
1	1	3231	1	8
1	1	1227.6	1	8
1	1	1261	1	8
1	1	1394	1	8
1	1	1168.9	1	8
1	1	1030.9	1	8
1	1	1592.5	1	8
1	1	1323	1	8
1	1	645.03	1	8
1	1	1282	1	8
1	1	1152.5	1	8
1	1	885.73	1	8
1	1	1354.7	1	8
1	1	1290.5	1	8
1	1	1473	1	8
1	1	2546.4	1	8
1	1	1178.6	0	8
1	1	769.9	1	8
1	1	863.12	1	8
1	1	909.06	1	8
1	1	1297.2	1	8
1	1	826.03	1	8
1	1	669.91	1	8
1	1	1154.4	1	8
1	1	979.76	1	8
1	1	901.91	1	8
1	1	1058.4	1	8
1	1	780.48	1	8
1	1	1147.9	1	8
1	1	1193.8	1	8
1	1	813.89	1	8
1	1	797.34	1	8
1	1	922.7	1	8
1	1	1214.2	1	8
1	1	1599.6	1	8
1	1	830.36	1	8
1	1	782.34	1	8
1	1	734.72	1	8
1	1	1089.7	1	8
1	1	1032.3	1	8
1	1	803.76	1	8
1	1	1087.5	0	8
1	1	1110	1	8
1	1	781.8	1	8
1	1	1265.2	1	8
1	1	698.58	1	8
1	1	1283.3	1	8
1	1	1034.7	1	8
1	1	1750.7	1	8
1	1	799.66	1	8
1	1	1164.2	1	8
1	1	984.2	1	8
1	1	999.42	1	8
1	1	1020	1	8
1	1	2160.1	1	8
1	1	1452.5	1	8
1	1	805.22	1	8
1	1	1330.5	1	8
1	1	697.43	1	8
1	1	890.65	1	8
1	1	779.45	1	8
1	1	1550.6	1	8
1	1	1341	1	8
1	1	898.84	1	8
1	1	1066.8	1	8
1	1	753.43	1	8
1	1	1546	0	8
1	1	2627.1	1	8
1	1	1339.6	1	8
1	1	972.51	1	8
1	1	1222.1	1	8
1	1	1763.6	1	8
1	1	831.18	1	8
1	1	711.75	1	8
1	1	674.81	1	8
1	1	577.9	1	8
1	1	1010.2	1	8
1	1	1426.5	1	8
1	1	1116.4	1	8
1	1	1541.5	1	8
1	1	663.36	1	8
1	1	1050.8	1	8
1	1	2050.9	1	9
1	1	844.08	1	9
1	1	818.42	1	9
1	1	889.15	1	9
1	1	1204.6	1	9
1	1	1951.6	1	9
1	1	786.55	1	9
1	1	1202.8	1	9
1	1	1105.4	1	9
1	1	929.7	1	9
1	1	1097.8	1	9
1	1	1044.2	1	9
1	1	747.14	1	9
1	1	1566.1	1	9
1	1	635.53	1	9
1	1	573.8	1	9
1	1	786.07	1	9
1	1	1041	1	9
1	1	516.12	1	9
1	1	1094.2	1	9
1	1	413.29	1	9
1	1	1213.3	1	9
1	1	623.71	1	9
1	1	790.35	1	9
1	1	827.59	1	9
1	1	1566	1	9
1	1	1435.2	1	9
1	1	1049.6	1	9
1	1	1321.7	1	9
1	1	1042	1	9
1	1	675.91	1	9
1	1	1155.4	1	9
1	1	1037.6	1	9
1	1	1056.4	1	9
1	1	1698.9	1	9
1	1	1237.3	1	9
1	1	1597.8	1	9
1	1	1194.6	1	9
1	1	1239.4	1	9
1	1	1327.3	1	9
1	1	1207.9	1	9
1	1	1105.8	1	9
1	1	1116.4	1	9
1	1	1037.5	1	9
1	1	1104.6	1	9
1	1	1046.7	1	9
1	1	1520.1	1	9
1	1	1017.2	1	9
1	1	1302.6	1	9
1	1	1990	1	9
1	1	1312.7	1	9
1	1	906.24	1	9
1	1	859.91	1	9
1	1	1529.9	1	9
1	1	1435.9	1	9
1	1	1230.4	1	9
1	1	1487	1	9
1	1	639.86	1	9
1	1	789.24	1	9
1	1	963.78	1	9
1	1	1530.8	1	9
1	1	913.1	1	9
1	1	2735.5	1	9
1	1	2766.6	1	9
1	1	788.21	1	9
1	1	1323.5	1	9
1	1	941.16	1	9
1	1	967.3	1	9
1	1	2095.4	1	9
1	1	1798	1	9
1	1	1810.5	1	9
1	1	1262.3	1	9
1	1	685.19	1	9
1	1	2626.4	1	9
1	1	1229.1	1	9
1	1	1042.3	1	9
1	1	1159.7	1	9
1	1	855.7	1	9
1	1	672.62	1	9
1	1	1416.5	1	9
1	1	906.74	1	9
1	1	1464	1	9
1	1	1423.9	1	9
1	1	1143.4	1	9
1	1	667.7	1	9
1	1	1071.4	1	9
1	1	1407.8	1	9
1	1	916.73	1	9
1	1	1276.2	1	9
1	1	1008.6	1	9
1	1	779.27	1	9
1	1	1030.2	1	9
1	1	1787	1	9
1	1	637.93	1	9
1	1	868.88	1	9
1	1	1535.5	1	9
1	1	1464.4	1	9
1	1	726.04	1	9
1	1	1568.8	1	9
1	1	912.64	1	9
1	1	1139.8	1	9
1	1	1231.7	1	9
1	1	1619.4	1	9
1	1	1123.7	1	9
1	1	637.37	1	9
1	1	608.69	1	9
1	1	984.31	1	9
1	1	932.01	1	9
1	1	569.85	1	9
1	1	536.71	1	9
1	1	556.51	1	9
1	1	628.31	1	9
1	1	814.53	1	9
1	1	1207.1	1	9
1	1	854.65	1	9
1	1	684.54	1	9
1	1	1001.6	1	9
1	1	2279.1	1	9
1	1	1905.3	1	9
1	1	1101.8	1	9
1	1	727.2	1	9
1	1	837.35	1	9
1	1	917.82	1	9
1	1	951.3	1	9
1	1	590.44	1	9
1	1	804.86	1	9
1	1	710.31	1	9
1	1	619.85	1	9
1	1	602.87	1	9
1	1	867.46	1	9
1	1	675.34	1	9
1	1	680.48	1	9
1	1	546.56	1	9
1	1	542.92	1	9
1	1	701.69	1	9
1	1	573.43	1	9
1	1	563.67	1	9
1	1	598.77	1	9
1	1	729.05	1	9
1	1	868.91	1	9
1	1	687.02	1	9
1	1	2035.8	1	9
1	1	1761.3	1	9
1	1	1163.8	1	9
1	1	1548.2	1	9
1	1	864.07	1	9
1	1	1084.7	1	9
1	1	996.12	1	9
1	1	1445.5	1	9
1	1	560.46	1	9
1	1	933.92	1	9
1	1	832.3	1	9
1	1	953.17	1	9
1	1	659.81	1	9
1	1	651.88	1	9
1	1	818.66	1	9
1	1	611.64	1	9
1	1	703.46	1	9
1	1	895.12	1	9
1	1	1495.4	1	9
1	1	893.97	1	9
1	1	782.25	1	9
1	1	586.62	1	9
1	1	1139.7	1	9
1	1	722.08	1	9
1	1	675.93	1	9
1	1	750.01	1	9
1	1	1103.4	1	9
1	1	1043.1	1	9
1	1	1249.3	1	9
1	1	2127.5	1	9
1	1	1037	1	9
1	1	648.64	1	9
1	1	1075.6	1	9
1	1	603.65	1	9
1	1	786.48	1	9
1	1	767.78	1	9
1	1	626.2	1	9
1	1	679.37	1	9
1	1	1325.4	1	9
1	1	2135.4	1	9
1	1	2673.6	1	9
1	1	1133.9	1	9
1	1	617.05	1	9
1	1	1755.1	1	9
1	1	1217.4	1	9
1	1	659.35	1	9
1	1	1778.6	1	9
1	1	1225.3	1	9
1	1	703.93	1	9
1	1	634.95	1	9
1	1	514.98	1	9
1	1	570.17	1	9
1	1	603.53	1	9
1	1	1184.7	1	9
1	1	835.19	1	9
1	1	592.13	1	9
1	1	1368.4	1	9
1	1	1124.3	0	9
1	1	657.16	1	9
1	1	618.47	1	9
1	1	874.29	1	9
1	1	1714.8	1	9
1	1	843.7	1	9
1	1	1174.8	1	9
1	1	900.52	1	9
1	1	847.72	1	9
1	1	716.34	1	9
1	1	814.76	1	9
1	1	906.12	1	9
1	1	708.96	1	9
1	1	958.46	1	9
1	1	793.5	1	9
1	1	998.58	1	9
1	1	1216.6	1	9
1	1	726.79	1	9
1	1	775.94	1	9
1	1	612.39	1	9
1	1	799.2	1	9
1	1	712.65	1	9
1	1	659.75	1	9
1	1	1826.8	1	9
1	1	947.3	1	9
1	1	649.8	1	9
1	1	1187.8	1	9
1	1	1193.4	1	9
1	1	649.32	1	9
1	1	904.35	1	9
1	1	750.15	1	9
1	1	953.46	1	9
1	1	1022.5	1	9
1	1	921.93	1	9
1	1	855.72	1	9
1	1	1161.1	1	9
1	1	1090.6	1	9
1	1	825.58	1	9
1	1	879.68	1	9
1	1	1124.8	1	9
1	1	1027	1	9
1	1	770.97	1	9
1	1	912.76	1	9
1	1	740.27	1	9
1	1	1262.4	1	9
1	1	1116.9	1	9
1	1	1404.7	1	9
1	1	624.53	1	9
1	1	699.97	1	9
1	1	857.49	1	9
1	1	631.4	1	9
1	1	1451.4	1	9
1	1	932.91	1	9
1	1	766.45	1	9
1	1	799.01	1	9
1	1	1177.9	1	9
1	1	1199.6	1	9
1	1	1264.7	1	9
1	1	1050	1	9
1	1	1142.1	1	9
1	1	826.7	1	9
1	1	1252.9	1	9
1	1	1914.3	1	9
1	1	971.03	1	9
1	1	1238.7	1	9
1	1	1188.4	1	9
1	1	734.63	1	9
1	1	1107.5	1	9
1	1	1525.9	1	9
1	1	1279.7	1	9
1	1	622.85	1	9
1	1	848.85	1	9
1	1	907.66	1	9
1	1	1126.5	1	9
1	1	1248.6	1	9
1	1	1176.5	1	9
1	1	677.82	1	9
1	1	918.13	1	9
1	1	1695.6	1	9
1	1	2301.7	1	9
1	1	826.18	1	9
1	1	905.21	1	9
1	1	1210.8	1	9
1	1	1411.9	1	9
1	1	1096.1	0	9
1	1	766.32	1	9
1	1	1041.3	1	9
1	1	768.74	1	9
1	1	961.01	1	9
1	1	780.35	1	9
1	1	597.89	1	9
1	1	1170.4	1	9
1	1	1068.3	1	9
1	1	686.38	1	9
1	1	809.39	1	9
1	1	747.2	1	9
1	1	839.37	1	9
1	1	598.08	1	9
1	1	618.02	1	9
1	1	1005.6	1	9
1	1	642.87	1	9
1	1	688.64	1	9
1	1	1033.9	1	9
1	1	927.69	1	9
1	1	713.31	1	9
1	1	877.58	1	9
1	1	765.68	1	9
1	1	1096	1	9
1	1	854.45	1	9
1	1	946.52	1	9
1	1	684.95	1	9
1	1	1243	1	9
1	1	1089.9	1	9
1	1	970.95	1	9
1	1	969.56	1	9
1	1	715.51	1	9
1	1	986	1	9
1	1	906.66	1	9
1	1	826.04	1	9
1	1	860.09	1	9
1	1	1108.8	1	9
1	1	1610.9	1	9
1	1	1059.6	1	9
1	1	878.8	1	9
1	1	880.24	1	9
1	1	1173.1	1	9
1	1	812.53	1	9
1	1	632.22	1	9
1	1	637.92	1	9
1	1	943.13	1	9
1	1	700.94	1	9
1	1	1558.7	1	9
1	1	704	1	9
1	1	1118.7	1	9
1	1	774.61	1	9
1	1	1032.3	1	9
1	1	2659	1	9
1	1	739.74	1	9
1	1	574.14	1	9
1	1	918.03	1	9
1	1	1920.9	1	9
1	1	723.32	1	9
1	1	659.09	1	9
1	1	798.16	1	9
1	1	808.56	1	9
1	1	710.8	1	9
1	1	1047.2	1	9
1	1	804.72	1	9
1	1	912.18	1	9
1	1	1157.3	1	9
1	1	969.82	1	9
