314,1,12,2,1,0,1,0,0,1,9,0,1,2.1627
314,1,12,1,1,1,1,1,0,1,1,1,1,0.57993
314,1,12,2,1,0,0,1,1,9,5,1,2,0.55324
314,1,12,2,1,0,0,1,1,9,5,1,2,0.60028
314,1,12,2,1,0,1,1,0,9,1,1,2,0.53977
314,1,12,1,1,0,0,0,1,1,7,0,1,0.47287
314,1,12,1,1,0,1,1,1,9,1,1,2,0.62665
314,1,12,2,1,1,1,1,1,9,9,1,1,0.60301
314,1,12,1,1,0,1,0,1,1,9,1,2,0.48015
314,1,12,2,1,1,1,1,1,9,9,1,1,0.23288
314,1,12,2,1,0,1,1,0,9,1,0,1,0.59526
314,1,12,1,1,1,1,1,0,1,1,1,1,0.74785
314,1,12,1,1,0,1,0,1,1,9,1,2,0.4482
314,1,12,2,1,0,0,0,1,5,9,1,2,0.52878
314,1,12,2,1,0,1,0,0,9,1,0,1,0.86158
314,1,12,2,1,0,1,0,0,1,9,1,2,0.51789
314,1,12,2,1,1,1,1,0,9,9,1,1,0.4389
314,1,12,1,1,0,1,0,0,5,7,1,2,0.55166
314,1,12,2,1,1,0,0,1,5,1,1,1,0.5507
314,1,12,2,1,0,0,0,1,5,9,1,2,0.4529
314,1,12,1,1,0,1,0,0,5,7,0,1,0.50651
314,1,12,1,1,0,1,1,1,9,1,0,1,0.4319
314,1,12,1,1,1,1,0,0,7,7,1,1,0.66903
314,1,12,2,1,1,0,0,1,5,1,1,1,0.54079
314,1,12,1,1,1,1,1,1,7,7,1,1,0.32895
314,1,12,1,1,1,1,0,0,7,7,1,1,0.54048
314,1,12,2,1,1,1,1,0,9,9,1,1,0.6459
314,1,12,1,1,1,1,1,0,7,7,1,1,0.28356
314,1,12,1,1,1,1,1,1,7,7,1,1,0.22658
314,1,12,1,1,0,0,0,1,1,7,0,1,0.50955
314,1,12,1,1,1,1,1,0,7,7,1,1,0.47108
314,1,12,2,1,0,1,0,0,9,1,1,2,0.69821
314,2,15,2,0,0,0,0,0,9,7,1,2,2.4266
314,2,15,1,0,1,1,1,0,9,9,1,1,0.66504
314,2,15,1,0,1,1,0,1,7,7,1,1,0.64543
314,2,15,1,0,1,0,1,1,1,7,1,1,0.43312
314,2,15,2,0,1,0,0,1,9,5,1,1,0.45607
314,2,15,1,0,1,1,1,0,7,7,1,1,0.34137
314,2,15,1,0,0,1,0,1,9,1,0,1,0.44613
314,2,15,2,0,0,0,1,1,1,5,1,2,0.43867
314,2,15,2,0,0,0,1,1,5,1,1,2,0.44832
314,2,15,1,0,0,0,0,0,1,5,1,2,1.1759
314,2,15,1,0,1,0,0,0,7,1,1,1,0.47641
314,2,15,2,0,0,0,1,1,5,1,1,2,0.7925
314,2,15,1,0,0,0,0,0,1,5,1,2,0.7869
314,2,15,1,0,1,1,1,0,9,9,1,1,0.5107
314,2,15,1,0,0,1,1,1,1,9,1,2,0.79257
314,2,15,2,0,0,1,1,0,9,1,1,2,0.44633
314,2,15,1,0,1,1,0,1,7,7,1,1,0.7297
314,2,15,1,0,1,0,0,0,7,1,1,1,0.63873
314,2,15,2,0,0,1,1,0,9,1,1,2,0.69048
314,2,15,2,0,1,0,0,1,9,5,0,2,0.7295
314,2,15,1,0,0,1,1,1,1,9,1,2,0.51641
314,2,15,2,0,0,1,1,0,1,9,1,2,0.72563
314,2,15,2,0,0,0,0,0,5,1,0,1,0.7735
314,2,15,1,0,1,1,1,0,7,7,1,1,0.62253
314,2,15,2,0,0,0,0,0,9,7,0,1,0.59805
314,2,15,1,0,1,0,1,1,1,7,1,1,0.50086
314,2,15,2,0,0,1,1,0,1,9,1,2,0.66264
314,2,15,2,0,0,0,0,0,5,1,1,2,0.87103
314,2,15,1,0,0,1,0,1,9,1,1,2,0.67887
314,2,15,2,0,0,0,1,1,1,5,1,2,0.46349
314,2,15,2,0,1,1,0,1,5,5,0,2,0.78832
314,2,15,2,0,1,1,0,1,5,5,1,1,0.81399
314,3,1,2,0,0,0,1,0,9,7,1,2,0.92268
314,3,1,2,0,0,0,0,0,7,9,1,2,0.84115
314,3,1,2,0,0,0,0,1,1,5,1,2,0.64823
314,3,1,1,0,1,1,0,1,1,1,0,2,0.50568
314,3,1,1,0,1,1,1,0,5,5,1,1,0.6062
314,3,1,1,0,1,1,0,1,1,1,0,2,0.69045
314,3,1,2,0,1,0,0,1,7,1,0,2,0.58071
314,3,1,1,0,1,0,1,1,9,5,0,2,0.77692
314,3,1,1,0,1,0,0,1,9,5,1,1,0.69919
314,3,1,1,0,1,0,0,0,9,5,1,1,0.96592
314,3,1,1,0,1,0,0,1,9,5,1,1,0.84645
314,3,1,2,0,0,0,0,0,7,9,1,2,0.50285
314,3,1,1,0,1,1,0,0,7,7,0,2,1.1756
314,3,1,2,0,1,1,0,0,7,7,1,1,0.99726
314,3,1,2,0,0,1,1,1,7,5,1,2,0.8265
314,3,1,1,0,1,1,0,0,7,7,0,2,1.3911
314,3,1,1,0,1,1,1,1,1,1,1,1,0.82715
314,3,1,2,0,1,1,1,1,9,9,1,1,0.71014
314,3,1,1,0,1,0,1,1,9,5,0,2,0.77551
314,3,1,1,0,1,0,0,0,9,5,1,1,0.76401
314,3,1,1,0,0,1,1,0,5,7,0,1,0.66318
314,3,1,1,0,1,1,1,0,5,5,1,1,0.52228
314,3,1,2,0,0,0,1,0,9,7,1,2,0.81216
314,3,1,2,0,1,1,1,1,9,9,1,1,0.48062
314,3,1,2,0,1,0,0,1,7,1,0,2,0.6955
314,3,1,2,0,0,0,0,1,1,5,1,2,0.97054
314,3,1,1,0,0,1,1,0,5,7,1,2,0.72382
314,3,1,2,0,1,1,1,0,5,5,1,1,0.4538
314,3,1,2,0,0,1,1,1,7,5,1,2,0.8547
314,3,1,2,0,1,1,0,0,7,7,0,2,1.0919
314,3,1,1,0,1,1,1,1,1,1,1,1,0.39769
314,3,1,2,0,1,1,1,0,5,5,1,1,0.49444
314,4,5,2,0,1,1,1,1,5,5,1,1,0.74403
314,4,5,2,0,1,0,0,0,7,1,0,2,0.8948
314,4,5,2,0,1,0,0,0,1,7,0,2,0.81255
314,4,5,1,0,0,1,1,0,1,9,1,2,0.68611
314,4,5,2,0,1,0,0,0,7,1,1,1,0.54732
314,4,5,2,0,0,1,0,1,7,5,1,2,0.47738
314,4,5,2,0,1,0,0,0,1,7,1,1,0.42321
314,4,5,1,0,0,1,0,1,5,7,0,1,0.18274
314,4,5,1,0,0,0,1,1,9,7,0,1,0.83265
314,4,5,2,0,1,1,1,1,5,5,1,1,0.38071
314,4,5,1,0,0,1,0,1,5,7,1,2,0.58075
314,4,5,1,0,0,0,1,1,9,7,1,2,0.76541
314,4,5,1,0,0,0,0,0,5,1,1,2,1.1574
314,4,5,1,0,1,0,1,0,7,1,1,1,0.6033
314,4,5,1,0,0,1,1,0,1,9,1,2,0.41605
314,4,5,2,0,0,1,0,1,5,7,0,1,0.77285
314,4,5,2,0,0,1,0,1,7,5,1,2,0.55989
314,4,5,1,0,0,0,1,1,5,1,1,2,0.79899
314,4,5,2,0,0,0,1,0,5,1,0,1,0.41453
314,4,5,2,0,0,1,1,1,9,1,1,2,0.57097
314,4,5,2,0,0,1,0,1,5,7,1,2,0.91731
314,4,5,2,0,0,0,1,0,1,5,1,2,0.68483
314,4,5,1,0,0,0,0,1,9,7,0,1,0.76024
314,4,5,1,0,0,0,1,1,5,1,1,2,0.63024
314,4,5,2,0,0,1,1,1,9,1,1,2,0.61649
314,4,5,1,0,0,0,0,1,9,7,0,1,1.0061
314,4,5,2,0,0,0,1,0,5,1,1,2,0.71166
314,4,5,1,0,1,0,1,0,7,1,0,2,1.1723
314,4,5,1,0,1,0,0,0,5,9,1,1,0.80324
314,4,5,1,0,1,0,0,0,5,9,1,1,0.36366
314,4,5,1,0,0,0,0,0,5,1,1,2,0.52816
314,4,5,2,0,0,0,1,0,1,5,1,2,0.9828
314,5,8,2,1,1,0,1,0,7,9,1,1,1.0152
314,5,8,2,1,0,1,0,0,7,5,0,1,0.85225
314,5,8,2,1,0,1,0,0,7,5,0,1,0.36556
314,5,8,2,1,0,0,0,1,9,5,1,2,0.6166
314,5,8,1,1,1,1,1,1,9,9,0,2,0.38882
314,5,8,1,1,0,0,1,0,5,9,1,2,0.93364
314,5,8,1,1,1,0,0,1,7,9,1,1,0.84108
314,5,8,2,1,0,0,0,1,9,5,1,2,0.69804
314,5,8,1,1,1,1,1,1,9,9,1,1,0.60362
314,5,8,2,1,0,1,1,1,9,1,1,2,0.64909
314,5,8,2,1,0,1,1,1,9,1,1,2,0.66736
314,5,8,1,1,1,1,1,0,5,5,1,1,0.72989
314,5,8,1,1,1,0,0,1,5,1,1,1,0.54126
314,5,8,1,1,1,0,1,1,9,7,1,1,1.2116
314,5,8,1,1,1,0,0,1,7,9,0,2,0.60402
314,5,8,1,1,1,0,1,1,9,7,0,2,0.69624
314,5,8,1,1,1,1,1,0,5,5,1,1,0.54199
314,5,8,2,1,0,0,0,1,1,7,1,2,0.53757
314,5,8,2,1,1,0,1,0,7,9,1,1,0.71572
314,5,8,2,1,1,0,1,1,9,7,1,1,0.44391
314,5,8,2,1,0,1,0,0,5,7,1,2,0.56945
314,5,8,1,1,0,0,1,0,5,9,1,2,0.74175
314,5,8,1,1,0,0,0,0,1,7,1,2,0.68485
314,5,8,2,1,0,1,0,0,5,7,1,2,0.54648
314,5,8,1,1,1,0,0,1,5,1,1,1,0.47339
314,5,8,1,1,0,0,0,0,1,7,1,2,0.46834
314,5,8,2,1,0,0,0,1,1,7,1,2,0.67425
314,5,8,1,1,1,1,0,0,9,9,1,1,0.57518
314,5,8,2,1,1,0,1,0,1,5,1,1,0.47349
314,5,8,1,1,1,1,0,0,9,9,1,1,0.24047
314,5,8,2,1,1,0,1,0,1,5,1,1,0.3813
314,5,8,2,1,1,0,1,1,9,7,1,1,0.27048
314,6,10,2,1,0,1,1,0,1,9,1,2,0.7903
314,6,10,1,1,0,0,1,1,9,5,0,1,0.27855
314,6,10,1,1,0,0,0,1,9,5,0,1,0.88403
314,6,10,2,1,0,0,0,1,7,1,0,1,0.70462
314,6,10,1,1,0,1,1,0,1,9,1,2,0.63622
314,6,10,2,1,1,0,1,1,7,9,1,1,0.58274
314,6,10,2,1,0,0,0,0,1,7,1,2,0.61526
314,6,10,2,1,1,0,0,1,1,5,1,1,0.68508
314,6,10,2,1,0,0,1,0,9,5,1,2,0.81871
314,6,10,2,1,0,0,0,0,1,7,1,2,1.0533
314,6,10,2,1,1,0,0,1,1,5,1,1,0.49374
314,6,10,2,1,1,0,0,0,1,5,1,1,0.40977
314,6,10,1,1,0,0,0,1,9,5,0,1,0.42891
314,6,10,1,1,1,0,0,0,1,5,0,2,0.61131
314,6,10,1,1,1,0,0,0,5,1,1,1,0.4196
314,6,10,1,1,1,0,1,0,5,1,1,1,0.46019
314,6,10,2,1,1,0,1,1,7,9,1,1,0.67853
314,6,10,2,1,0,0,0,1,7,1,1,2,0.50202
314,6,10,1,1,0,1,1,0,1,9,1,2,0.45242
314,6,10,2,1,1,1,1,1,5,5,1,1,0.42829
314,6,10,1,1,1,0,0,0,5,1,1,1,0.46008
314,6,10,1,1,0,0,0,1,5,9,1,2,0.28038
314,6,10,1,1,0,0,1,1,1,7,1,2,0.55103
314,6,10,1,1,0,0,1,1,1,7,1,2,0.36411
314,6,10,1,1,0,0,0,1,5,9,1,2,0.74893
314,6,10,1,1,1,0,0,0,1,5,0,2,0.64232
314,6,10,1,1,1,0,1,0,5,1,1,1,0.39977
314,6,10,2,1,1,1,1,1,5,5,1,1,0.21904
314,6,10,1,1,0,0,1,1,9,5,1,2,0.30327
314,6,10,2,1,0,0,1,0,9,5,1,2,1.2144
314,6,10,2,1,1,0,0,0,1,5,0,2,0.85117
314,6,10,2,1,0,1,1,0,1,9,1,2,0.7651
314,7,13,1,0,0,0,0,0,9,7,0,1,0.75801
314,7,13,1,0,0,1,0,0,5,7,1,2,0.61977
314,7,13,2,0,0,1,0,1,1,9,1,2,0.36896
314,7,13,2,0,1,0,1,0,1,7,0,2,0.47376
314,7,13,1,0,0,0,1,0,5,1,0,1,0.91582
314,7,13,2,0,1,0,1,0,9,5,1,1,0.89916
314,7,13,1,0,0,0,1,1,7,9,1,2,0.60013
314,7,13,1,0,0,1,0,0,5,7,1,2,0.96028
314,7,13,1,0,0,0,1,1,1,5,1,2,0.61467
314,7,13,2,0,1,0,0,0,5,9,1,1,0.93615
314,7,13,2,0,0,0,1,1,9,7,1,2,0.65924
314,7,13,1,0,0,1,0,1,7,5,1,2,1.1541
314,7,13,1,0,0,0,1,0,5,1,1,2,0.72838
314,7,13,2,0,0,0,0,1,9,7,1,2,0.9163
314,7,13,1,0,0,0,1,1,1,5,1,2,0.59233
314,7,13,2,0,1,0,1,0,9,5,1,1,0.71475
314,7,13,1,0,0,1,0,1,1,9,1,2,0.59613
314,7,13,2,0,0,1,0,1,1,9,1,2,0.64172
314,7,13,2,0,1,0,1,1,1,7,0,2,0.74049
314,7,13,2,0,1,0,0,0,5,9,1,1,0.72488
314,7,13,1,0,1,0,1,0,9,5,1,1,0.69795
314,7,13,2,0,0,0,0,1,9,7,0,1,0.81294
314,7,13,1,0,0,1,0,1,1,9,1,2,0.80403
314,7,13,2,0,0,1,0,0,7,5,1,2,0.6612
314,7,13,2,0,0,0,1,1,9,7,1,2,0.74499
314,7,13,2,0,0,1,0,0,7,5,1,2,0.66189
314,7,13,2,0,1,0,1,0,1,7,0,2,1.0305
314,7,13,1,0,0,1,0,1,7,5,1,2,0.61379
314,7,13,1,0,1,0,1,0,9,5,1,1,0.55663
314,7,13,2,0,1,0,1,1,1,7,1,1,0.48214
314,7,13,1,0,0,0,0,0,9,7,1,2,0.68107
314,7,13,1,0,0,0,1,1,7,9,1,2,0.65915
314,8,3,1,0,0,1,1,0,9,1,1,2,0.91822
314,8,3,1,0,1,1,1,0,1,1,1,1,0.39394
314,8,3,1,0,1,0,0,0,1,7,1,1,0.6749
314,8,3,2,0,1,0,1,1,5,9,1,1,0.51582
314,8,3,2,0,0,0,0,1,7,9,1,2,0.43097
314,8,3,1,0,1,1,0,1,5,5,1,1,0.6329
314,8,3,1,0,0,1,1,1,5,7,1,2,0.40682
314,8,3,1,0,0,0,0,1,7,9,1,2,0.56323
314,8,3,1,0,1,0,0,0,1,7,1,1,0.5679
314,8,3,2,0,0,1,1,0,5,7,1,2,0.63437
314,8,3,1,0,1,1,1,1,5,5,0,2,0.42181
314,8,3,1,0,1,1,0,0,5,5,1,1,0.63824
314,8,3,2,0,1,0,1,0,5,9,1,1,0.52633
314,8,3,2,0,1,0,1,1,5,9,1,1,0.28489
314,8,3,1,0,1,1,1,0,1,1,1,1,0.43462
314,8,3,2,0,0,1,1,1,1,9,1,2,0.31897
314,8,3,1,0,0,1,1,0,9,1,0,1,0.305
314,8,3,2,0,1,1,0,1,7,7,0,2,1.2119
314,8,3,2,0,0,1,1,1,1,9,1,2,0.85772
314,8,3,2,0,1,0,1,0,5,9,1,1,0.47944
314,8,3,2,0,0,1,0,0,5,7,1,2,0.73243
314,8,3,2,0,1,1,0,0,5,5,1,1,0.56032
314,8,3,2,0,0,0,0,1,7,9,1,2,0.47417
314,8,3,1,0,1,1,1,1,5,5,1,1,0.62107
314,8,3,1,0,1,1,0,0,5,5,1,1,0.37713
314,8,3,2,0,1,1,0,1,7,7,1,1,0.51504
314,8,3,1,0,0,0,0,1,7,9,1,2,0.94132
314,8,3,1,0,0,1,1,1,5,7,1,2,-0.0092473
314,8,3,2,0,0,1,1,0,5,7,1,2,0.78936
314,8,3,2,0,1,1,0,0,5,5,0,2,0.70288
314,8,3,2,0,0,1,0,0,5,7,1,2,0.82618
314,8,3,1,0,1,1,0,1,5,5,1,1,0.48335
314,9,6,1,1,1,1,0,0,1,1,1,1,0.77288
314,9,6,2,1,0,0,0,0,9,5,1,2,0.60415
314,9,6,1,1,1,0,0,1,1,5,1,1,0.52762
314,9,6,2,1,0,1,0,1,9,1,1,2,0.82345
314,9,6,2,1,0,0,1,0,1,7,1,2,0.97228
314,9,6,1,1,1,0,1,0,1,5,0,2,0.80627
314,9,6,2,1,0,0,1,0,7,1,1,2,0.59877
314,9,6,2,1,0,0,1,1,5,9,1,2,0.459
314,9,6,1,1,0,1,1,0,7,5,0,1,0.27921
314,9,6,2,1,1,1,0,1,1,1,0,2,0.88547
314,9,6,1,1,0,0,0,0,7,1,1,2,1.183
314,9,6,1,1,1,0,0,1,9,7,1,1,0.64141
314,9,6,1,1,1,0,0,1,9,7,1,1,0.37102
314,9,6,2,1,1,1,0,0,7,7,1,1,0.6258
314,9,6,2,1,0,0,1,0,1,7,1,2,0.59872
314,9,6,2,1,1,1,0,0,7,7,1,1,1.2504
314,9,6,2,1,0,0,0,0,9,5,1,2,1.583
314,9,6,2,1,1,1,1,1,1,1,1,1,0.47999
314,9,6,2,1,1,1,0,1,1,1,1,1,0.47679
314,9,6,1,1,1,0,1,1,1,5,1,1,0.27695
314,9,6,1,1,0,0,0,0,7,1,1,2,0.44129
314,9,6,1,1,1,0,0,1,1,5,1,1,0.24939
314,9,6,1,1,1,1,0,0,1,1,1,1,0.45464
314,9,6,1,1,1,0,1,0,1,5,1,1,0.15299
314,9,6,2,1,1,1,1,1,1,1,1,1,0.23963
314,9,6,1,1,0,1,1,0,7,5,1,2,0.37796
314,9,6,2,1,0,0,1,0,7,1,0,1,0.32003
314,9,6,1,1,0,0,1,1,5,9,1,2,0.60133
314,9,6,1,1,1,0,1,1,1,5,1,1,0.65192
314,9,6,1,1,0,0,1,1,5,9,1,2,0.52743
314,9,6,2,1,0,1,0,1,9,1,1,2,1.0896
314,9,6,2,1,0,0,1,1,5,9,1,2,0.39972
314,10,11,1,0,1,1,0,0,1,1,1,1,0.78705
314,10,11,2,0,1,1,0,1,9,9,1,1,0.86114
314,10,11,2,0,0,0,1,1,7,9,1,2,0.57638
314,10,11,2,0,1,1,1,0,7,7,1,1,0.6454
314,10,11,1,0,0,1,0,0,1,9,1,2,0.50482
314,10,11,1,0,1,0,1,1,5,9,1,1,0.61592
314,10,11,2,0,0,0,1,1,7,9,1,2,0.51574
314,10,11,2,0,1,1,1,0,7,7,1,1,0.86334
314,10,11,1,0,0,1,1,1,7,5,1,2,0.68395
314,10,11,1,0,0,0,1,0,1,5,1,2,0.61349
314,10,11,2,0,0,0,0,1,5,1,1,2,0.8579
314,10,11,1,0,1,0,1,0,5,9,1,1,0.50156
314,10,11,2,0,1,1,1,0,1,1,1,1,0.33877
314,10,11,2,0,1,1,0,0,1,1,0,2,0.86303
314,10,11,1,0,0,1,1,1,7,5,1,2,0.39887
314,10,11,2,0,1,0,0,0,9,5,0,2,0.76516
314,10,11,1,0,0,0,0,1,5,1,0,1,0.79803
314,10,11,1,0,1,0,0,1,1,7,0,2,0.75194
314,10,11,1,0,0,0,1,0,1,5,0,1,0.7145
314,10,11,2,0,1,1,0,1,9,9,1,1,0.66105
314,10,11,1,0,1,0,1,1,5,9,1,1,0.41004
314,10,11,1,0,1,1,0,0,1,1,1,1,0.54921
314,10,11,2,0,1,0,0,0,9,5,1,1,0.66641
314,10,11,2,0,0,0,0,1,5,1,1,2,0.72902
314,10,11,2,0,1,1,1,0,1,1,1,1,0.37055
314,10,11,2,0,1,1,0,0,1,1,0,2,0.51887
314,10,11,1,0,1,0,1,0,5,9,1,1,0.25834
314,10,11,1,0,0,1,0,0,1,9,1,2,0.35618
314,10,11,2,0,0,1,1,1,5,7,1,2,0.4281
314,10,11,2,0,0,1,1,1,5,7,1,2,0.52696
314,10,11,1,0,1,0,0,1,1,7,0,2,0.45012
314,10,11,1,0,0,0,0,1,5,1,1,2,1.1724
314,11,7,1,0,1,0,0,1,5,9,0,2,0.58651
314,11,7,1,0,0,0,0,1,1,5,1,2,0.84364
314,11,7,1,0,0,0,0,1,1,5,1,2,0.63621
314,11,7,2,0,1,0,0,1,5,9,1,1,0.50127
314,11,7,1,0,0,1,0,0,9,1,1,2,0.627
314,11,7,2,0,1,1,1,0,9,9,1,1,0.40678
314,11,7,2,0,0,1,1,0,7,5,1,2,0.45529
314,11,7,1,0,1,1,1,1,9,9,0,2,0.33957
314,11,7,1,0,1,1,1,1,7,7,1,1,0.37866
314,11,7,2,0,1,0,1,1,7,1,1,1,0.58316
314,11,7,1,0,0,1,0,0,9,1,0,1,0.65939
314,11,7,1,0,0,0,1,0,7,9,1,2,0.46788
314,11,7,2,0,0,0,0,0,1,5,1,2,0.50482
314,11,7,2,0,1,1,1,1,7,7,1,1,0.52957
314,11,7,1,0,1,1,1,1,7,7,1,1,0.24953
314,11,7,2,0,1,1,1,0,9,9,1,1,0.49322
314,11,7,2,0,1,0,0,1,1,7,0,2,0.87572
314,11,7,2,0,0,0,0,0,1,5,1,2,0.94709
314,11,7,2,0,0,1,1,0,7,5,1,2,1.003
314,11,7,2,0,1,1,1,1,7,7,1,1,0.53997
314,11,7,1,0,1,1,0,0,9,9,1,1,0.53772
314,11,7,2,0,1,0,0,1,5,9,1,1,0.30569
314,11,7,1,0,0,1,1,0,7,5,0,1,0.45762
314,11,7,2,0,1,0,1,1,7,1,1,1,0.27439
314,11,7,2,0,0,1,0,0,1,9,1,2,0.3082
314,11,7,1,0,1,0,0,1,5,9,1,1,0.52752
314,11,7,2,0,1,0,0,1,1,7,1,1,0.39125
314,11,7,1,0,1,1,1,1,9,9,1,1,0.16466
314,11,7,1,0,0,0,1,0,7,9,0,1,0.38301
314,11,7,2,0,0,1,0,0,1,9,1,2,0.38531
314,11,7,1,0,1,1,0,0,9,9,1,1,0.68006
314,11,7,1,0,0,1,1,0,7,5,1,2,0.83987
314,12,4,1,1,1,1,0,1,5,5,1,1,0.46312
314,12,4,2,1,1,0,0,0,7,9,1,1,0.47517
314,12,4,1,1,1,1,1,1,1,1,1,1,0.60703
314,12,4,1,1,0,1,0,1,5,7,1,2,0.37249
314,12,4,2,1,1,1,1,0,7,7,1,1,0.49218
314,12,4,1,1,1,0,1,1,5,1,1,1,0.25422
314,12,4,1,1,1,0,0,0,7,9,0,2,1.1862
314,12,4,2,1,1,1,0,1,5,5,1,1,0.39323
314,12,4,1,1,1,1,0,1,5,5,1,1,0.25748
314,12,4,1,1,0,0,1,0,1,7,0,1,0.12291
314,12,4,2,1,0,1,0,1,5,7,1,2,0.59457
314,12,4,2,1,0,1,0,1,5,7,1,2,0.33169
314,12,4,1,1,0,1,0,1,5,7,1,2,0.30951
314,12,4,1,1,0,0,1,0,1,7,0,1,0.3583
314,12,4,2,1,1,0,0,0,9,7,1,1,0.7176
314,12,4,2,1,1,0,0,0,7,9,1,1,0.2808
314,12,4,1,1,1,0,1,1,5,1,1,1,0.19258
314,12,4,1,1,1,1,0,0,5,5,0,2,0.57193
314,12,4,1,1,1,1,0,0,5,5,1,1,0.43671
314,12,4,2,1,1,1,1,0,7,7,1,1,0.35077
314,12,4,1,1,0,1,1,0,9,1,1,2,0.37037
314,12,4,2,1,0,1,1,1,7,5,1,2,0.80485
314,12,4,1,1,0,1,1,0,9,1,1,2,0.43492
314,12,4,2,1,1,1,0,1,5,5,1,1,0.77572
314,12,4,2,1,0,1,1,1,7,5,1,2,0.45929
314,12,4,2,1,0,0,1,0,5,9,1,2,0.60701
314,12,4,1,1,1,1,1,1,1,1,1,1,0.54347
314,12,4,2,1,1,0,0,0,9,7,1,1,0.64467
314,12,4,2,1,0,0,1,0,5,9,1,2,0.35368
314,12,4,1,1,1,0,0,0,7,9,1,1,0.68112
314,12,4,2,1,1,0,1,1,5,1,1,1,0.51143
314,12,4,2,1,1,0,1,1,5,1,1,1,0.192
314,13,9,2,0,1,1,0,0,9,9,1,1,0.45876
314,13,9,2,0,1,1,0,1,1,1,1,1,0.3982
314,13,9,2,0,0,1,0,0,9,1,1,2,0.46396
314,13,9,1,0,1,0,1,0,1,7,1,1,0.38986
314,13,9,1,0,0,1,1,1,9,1,1,2,0.90706
314,13,9,1,0,0,1,1,1,9,1,0,1,0.32777
314,13,9,1,0,0,0,1,0,9,7,1,2,0.61491
314,13,9,1,0,1,0,1,1,7,1,1,1,0.34567
314,13,9,2,0,1,1,0,0,9,9,1,1,1.1298
314,13,9,1,0,0,0,0,0,7,9,1,2,0.5843
314,13,9,2,0,0,1,0,0,9,1,0,1,1.5258
314,13,9,2,0,0,0,1,0,7,9,1,2,0.92463
314,13,9,2,0,0,0,1,0,7,9,1,2,1.0636
314,13,9,2,0,0,1,0,1,9,1,1,2,0.90281
314,13,9,1,0,1,0,0,1,7,1,1,1,0.2994
314,13,9,2,0,1,1,1,1,1,1,1,1,0.26672
314,13,9,2,0,1,0,1,0,7,1,1,1,0.41084
314,13,9,1,0,1,1,0,1,9,9,1,1,0.50888
314,13,9,1,0,0,1,0,0,7,5,1,2,0.32608
314,13,9,1,0,0,0,1,0,9,7,1,2,0.53207
314,13,9,1,0,1,0,0,1,7,1,1,1,0.39244
314,13,9,1,0,1,1,0,1,9,9,1,1,0.77757
314,13,9,2,0,0,1,0,1,9,1,1,2,0.43234
314,13,9,2,0,1,0,1,0,7,1,0,2,0.45736
314,13,9,2,0,1,1,1,1,1,1,1,1,0.20799
314,13,9,2,0,1,0,1,1,9,5,1,1,0.21108
314,13,9,2,0,1,0,1,1,9,5,1,1,0.20593
314,13,9,1,0,1,0,1,1,7,1,1,1,0.18509
314,13,9,1,0,0,1,0,0,7,5,0,1,0.27532
314,13,9,2,0,1,1,0,1,1,1,1,1,0.22071
314,13,9,1,0,1,0,1,0,1,7,1,1,0.20748
314,13,9,1,0,0,0,0,0,7,9,1,2,0.42048
314,14,16,2,1,1,0,0,1,9,7,1,1,0.77223
314,14,16,2,1,0,1,1,1,1,9,1,2,0.25819
314,14,16,2,1,1,1,0,0,5,5,1,1,0.23548
314,14,16,1,1,0,1,1,1,7,5,1,2,0.32844
314,14,16,1,1,0,1,1,1,7,5,1,2,0.52951
314,14,16,1,1,0,1,0,0,1,9,1,2,0.80251
314,14,16,2,1,0,0,0,0,5,9,1,2,0.22201
314,14,16,1,1,0,1,0,0,7,5,0,1,0.19987
314,14,16,2,1,0,0,1,1,7,1,1,2,0.73436
314,14,16,1,1,0,1,0,0,1,9,1,2,0.54328
314,14,16,1,1,0,0,1,0,9,5,1,2,0.67842
314,14,16,1,1,1,0,1,1,7,9,1,1,0.83101
314,14,16,2,1,1,1,1,0,1,1,0,2,0.37447
314,14,16,2,1,1,1,1,0,5,5,1,1,0.23625
314,14,16,1,1,0,1,1,0,5,7,1,2,0.318
314,14,16,1,1,0,1,0,0,7,5,0,1,0.50846
314,14,16,2,1,0,0,0,0,5,9,1,2,0.5847
314,14,16,1,1,1,1,0,1,7,7,0,2,0.2935
314,14,16,1,1,0,1,0,1,7,5,0,1,0.7432
314,14,16,1,1,0,1,1,0,5,7,1,2,0.42667
314,14,16,2,1,1,1,0,0,5,5,1,1,0.49966
314,14,16,2,1,0,0,1,1,7,1,1,2,0.64552
314,14,16,1,1,0,0,1,0,9,5,1,2,0.50851
314,14,16,2,1,1,1,1,0,5,5,1,1,0.39626
314,14,16,2,1,1,1,1,0,1,1,1,1,0.27139
314,14,16,1,1,0,1,0,1,7,5,1,2,0.58225
314,14,16,2,1,1,1,0,1,7,7,1,1,0.61164
314,14,16,2,1,0,1,1,1,1,9,1,2,0.53978
314,14,16,1,1,1,1,0,1,7,7,0,2,0.36993
314,14,16,2,1,1,1,0,1,7,7,1,1,0.57314
314,14,16,1,1,1,0,1,1,7,9,1,1,0.52437
314,14,16,2,1,1,0,0,1,9,7,1,1,0.29575
314,15,14,2,1,1,0,1,0,9,7,1,1,0.76595
314,15,14,2,1,1,0,1,1,1,5,1,1,0.44411
314,15,14,1,1,1,0,1,0,7,9,1,1,0.45114
314,15,14,1,1,0,0,0,0,5,9,1,2,0.34312
314,15,14,1,1,1,1,1,1,5,5,1,1,0.19589
314,15,14,1,1,1,0,0,0,9,7,1,1,0.28148
314,15,14,2,1,0,1,0,1,7,5,1,2,0.65275
314,15,14,1,1,0,1,1,1,1,9,1,2,0.38625
314,15,14,1,1,1,0,1,0,7,9,0,2,1.1136
314,15,14,2,1,1,0,0,1,7,9,1,1,0.46101
314,15,14,1,1,0,0,0,0,5,9,1,2,0.84715
314,15,14,2,1,1,1,0,0,9,9,1,1,0.5731
314,15,14,1,1,1,0,0,0,9,7,1,1,0.25914
314,15,14,2,1,0,0,1,1,1,7,1,2,0.27135
314,15,14,2,1,1,1,0,0,1,1,1,1,0.55902
314,15,14,2,1,0,0,1,1,1,7,1,2,0.43487
314,15,14,2,1,1,0,1,0,9,7,0,2,0.30882
314,15,14,2,1,1,1,0,0,9,9,1,1,0.33366
314,15,14,2,1,1,0,1,0,5,1,1,1,0.25582
314,15,14,1,1,1,1,0,1,9,9,1,1,0.24047
314,15,14,2,1,0,1,0,1,7,5,1,2,0.33308
314,15,14,2,1,1,0,1,0,5,1,1,1,0.17317
314,15,14,1,1,1,1,0,1,9,9,1,1,0.13362
314,15,14,1,1,0,0,1,0,7,1,1,2,0.25821
314,15,14,1,1,0,1,1,1,1,9,1,2,0.5029
314,15,14,1,1,0,1,0,1,9,1,1,2,0.4009
314,15,14,2,1,1,1,0,0,1,1,1,1,0.83335
314,15,14,2,1,1,0,0,1,7,9,1,1,0.46583
314,15,14,1,1,0,0,1,0,7,1,1,2,0.28284
314,15,14,2,1,1,0,1,1,1,5,1,1,0.5876
314,15,14,1,1,0,1,0,1,9,1,0,1,0.49562
314,15,14,1,1,1,1,1,1,5,5,1,1,0.26494
314,16,2,2,1,0,1,1,0,5,7,1,2,0.51162
314,16,2,1,1,1,1,1,0,9,9,0,2,0.40181
314,16,2,2,1,0,0,0,0,7,1,1,2,0.62976
314,16,2,2,1,1,1,1,1,7,7,1,1,0.39753
314,16,2,2,1,0,1,1,1,5,7,1,2,0.21273
314,16,2,1,1,0,1,1,1,5,7,1,2,0.41545
314,16,2,2,1,0,1,0,1,1,9,1,2,0.44581
314,16,2,1,1,0,1,1,1,5,7,1,2,0.60181
314,16,2,1,1,0,0,0,1,7,1,0,1,0.42614
314,16,2,2,1,0,1,1,0,7,5,1,2,0.71154
314,16,2,2,1,0,1,1,1,5,7,1,2,0.46566
314,16,2,2,1,1,0,0,0,5,1,0,2,0.74802
314,16,2,1,1,1,0,1,0,9,7,1,1,0.538
314,16,2,2,1,1,0,0,0,5,1,1,1,0.36206
314,16,2,1,1,1,1,1,0,9,9,1,1,0.33079
314,16,2,1,1,0,0,1,1,7,1,1,2,0.26496
314,16,2,2,1,0,0,0,0,7,1,1,2,0.5452
314,16,2,1,1,0,0,1,1,7,1,1,2,0.36811
314,16,2,1,1,1,0,1,0,9,7,1,1,0.30365
314,16,2,1,1,1,1,0,1,1,1,1,1,0.52836
314,16,2,2,1,0,1,0,1,1,9,1,2,0.25481
314,16,2,2,1,0,1,1,0,5,7,1,2,0.32252
314,16,2,1,1,0,1,0,0,9,1,0,1,0.55097
314,16,2,1,1,0,0,0,0,9,5,0,1,0.30838
314,16,2,1,1,1,1,0,1,1,1,1,1,0.28717
314,16,2,2,1,0,1,1,0,7,5,1,2,0.48528
314,16,2,1,1,0,0,0,0,9,5,1,2,0.53916
314,16,2,2,1,1,1,0,1,9,9,1,1,0.61318
314,16,2,2,1,1,1,0,1,9,9,1,1,0.22987
314,16,2,2,1,1,1,1,1,7,7,1,1,0.19194
314,16,2,1,1,0,1,0,0,9,1,1,2,0.31188
314,16,2,1,1,0,0,0,1,7,1,1,2,0.36551
