320,1,15,1,0,1,0,1,0,9,5,1,1,3.3613
320,1,15,1,0,1,0,1,0,1,7,1,1,0.90669
320,1,15,2,0,1,1,0,1,1,1,NaN,NaN,NaN
320,1,15,2,0,0,0,0,0,1,5,1,2,0.53784
320,1,15,2,0,1,0,1,0,7,1,1,1,0.46496
320,1,15,1,0,0,0,0,0,7,9,1,2,0.73356
320,1,15,1,0,0,0,1,1,9,7,0,1,0.22985
320,1,15,1,0,0,1,1,1,9,1,1,2,0.60776
320,1,15,1,0,0,1,1,1,9,1,0,1,0.28117
320,1,15,2,0,0,1,1,0,1,9,1,2,0.43785
320,1,15,1,0,0,0,0,0,7,9,1,2,0.3544
320,1,15,1,0,1,0,0,1,1,7,1,1,0.66208
320,1,15,1,0,1,0,0,1,1,7,1,1,0.27682
320,1,15,2,0,1,0,0,0,5,9,0,2,0.49219
320,1,15,1,0,1,0,1,0,9,5,1,1,0.29158
320,1,15,2,0,1,0,1,1,7,1,1,1,0.069743
320,1,15,2,0,1,0,1,1,7,1,1,1,0.26995
320,1,15,1,0,0,0,1,1,9,7,1,2,0.51534
320,1,15,2,0,1,0,0,0,5,9,0,2,0.76983
320,1,15,1,0,0,1,0,0,1,9,1,2,0.48532
320,1,15,1,0,1,0,1,0,1,7,1,1,0.20401
320,1,15,2,0,0,0,0,0,1,5,1,2,0.43641
320,1,15,2,0,1,1,0,1,5,5,0,2,0.44225
320,1,15,2,0,1,1,0,1,1,1,1,1,0.49103
320,1,15,2,0,0,1,1,1,1,9,1,2,0.32718
320,1,15,2,0,1,0,1,0,7,1,1,1,0.53001
320,1,15,1,0,0,0,0,1,9,7,0,1,0.47286
320,1,15,1,0,0,0,0,1,9,7,0,1,0.62297
320,1,15,2,0,1,1,0,1,5,5,0,2,0.57834
320,1,15,2,0,0,1,1,0,1,9,1,2,0.9213
320,1,15,2,0,0,1,1,1,1,9,1,2,0.2801
320,1,15,1,0,0,1,0,0,1,9,0,1,0.93325
320,2,3,2,0,1,0,1,0,5,9,1,1,0.62282
320,2,3,1,0,0,1,1,0,5,7,1,2,0.60571
320,2,3,2,0,0,1,0,0,7,5,0,1,1.1328
320,2,3,2,0,0,0,0,0,9,7,1,2,0.99446
320,2,3,1,0,1,0,0,1,9,5,1,1,0.76715
320,2,3,2,0,1,0,0,1,9,5,1,1,1.0044
320,2,3,1,0,0,0,0,1,1,5,1,2,0.50273
320,2,3,1,0,0,0,0,0,5,1,0,1,1.0785
320,2,3,1,0,1,0,1,1,7,1,1,1,0.34539
320,2,3,1,0,0,1,1,0,5,7,0,1,0.56324
320,2,3,2,0,1,1,1,1,9,9,1,1,0.33222
320,2,3,1,0,1,0,1,0,5,9,1,1,0.36078
320,2,3,2,0,0,0,0,0,9,7,1,2,1.2975
320,2,3,1,0,1,0,1,0,5,9,1,1,0.35983
320,2,3,2,0,1,0,1,0,5,9,1,1,0.31469
320,2,3,2,0,1,1,1,0,7,7,1,1,0.29054
320,2,3,1,0,0,1,0,0,7,5,1,2,0.51564
320,2,3,2,0,0,0,0,1,1,5,1,2,0.60131
320,2,3,1,0,0,0,0,0,5,1,0,1,0.50373
320,2,3,1,0,1,1,1,1,9,9,1,1,0.34789
320,2,3,2,0,0,0,1,1,5,1,1,2,0.33897
320,2,3,2,0,1,1,1,1,9,9,1,1,0.16005
320,2,3,1,0,0,1,0,0,7,5,1,2,0.37712
320,2,3,1,0,1,0,1,1,7,1,1,1,0.16027
320,2,3,1,0,0,0,0,1,1,5,1,2,0.42009
320,2,3,2,0,0,1,0,0,7,5,1,2,0.29562
320,2,3,2,0,0,0,0,1,1,5,1,2,0.44276
320,2,3,1,0,1,0,0,1,9,5,0,2,0.42498
320,2,3,2,0,0,0,1,1,5,1,0,1,0.30635
320,2,3,1,0,1,1,1,1,9,9,1,1,0.70917
320,2,3,2,0,1,1,1,0,7,7,1,1,0.54221
320,2,3,2,0,1,0,0,1,9,5,0,2,0.20025
320,3,11,1,0,0,0,0,1,7,9,1,2,0.32049
320,3,11,2,0,0,0,1,0,9,7,0,1,0.52069
320,3,11,2,0,0,1,0,0,9,1,0,1,0.6765
320,3,11,2,0,0,1,0,1,1,9,1,2,1.0329
320,3,11,2,0,1,1,1,1,1,1,1,1,0.33619
320,3,11,1,0,0,1,0,1,7,5,1,2,0.54408
320,3,11,1,0,1,1,0,0,9,9,0,2,0.31623
320,3,11,2,0,0,0,1,1,7,9,1,2,0.60889
320,3,11,1,0,0,0,1,0,5,1,1,2,0.71888
320,3,11,2,0,0,0,0,1,7,9,1,2,0.199
320,3,11,1,0,0,0,0,1,7,9,1,2,0.34753
320,3,11,1,0,0,0,1,0,5,1,1,2,1.1572
320,3,11,1,0,1,1,0,0,9,9,1,1,0.62081
320,3,11,1,0,1,1,1,1,5,5,1,1,0.42099
320,3,11,2,0,1,0,0,0,9,5,1,1,0.61282
320,3,11,2,0,0,0,1,1,7,9,1,2,0.29047
320,3,11,1,0,0,1,0,1,7,5,1,2,0.50216
320,3,11,2,0,1,0,0,0,9,5,1,1,0.44098
320,3,11,2,0,1,1,1,1,1,1,1,1,0.47537
320,3,11,2,0,0,0,0,1,7,9,1,2,0.51011
320,3,11,1,0,1,0,1,1,5,9,1,1,0.39781
320,3,11,1,0,0,0,1,0,9,7,0,1,0.98837
320,3,11,2,0,0,1,0,0,9,1,1,2,0.95702
320,3,11,1,0,1,1,1,1,5,5,1,1,1.8314
320,3,11,2,0,1,0,1,0,1,7,1,1,0.56761
320,3,11,2,0,0,1,0,1,1,9,1,2,0.39211
320,3,11,1,0,0,0,0,0,1,5,1,2,0.37198
320,3,11,1,0,0,0,1,0,9,7,1,2,0.52464
320,3,11,1,0,0,0,0,0,1,5,1,2,0.55837
320,3,11,2,0,1,0,1,0,1,7,1,1,0.70114
320,3,11,2,0,0,0,1,0,9,7,1,2,0.85423
320,3,11,1,0,1,0,1,1,5,9,0,2,0.16641
320,4,12,1,1,1,0,1,1,7,9,1,1,0.50509
320,4,12,2,1,0,1,0,1,5,7,1,2,0.50444
320,4,12,2,1,1,1,0,1,1,1,1,1,0.468
320,4,12,2,1,0,1,0,1,5,7,0,1,0.62113
320,4,12,1,1,1,0,0,0,7,9,0,2,0.29315
320,4,12,2,1,1,0,0,0,1,5,1,1,0.44104
320,4,12,2,1,1,1,1,1,1,1,1,1,0.23063
320,4,12,2,1,1,1,1,1,1,1,1,1,0.14434
320,4,12,1,1,1,0,1,1,7,9,1,1,0.2311
320,4,12,2,1,0,1,1,0,7,5,1,2,0.66166
320,4,12,1,1,1,0,0,0,7,9,1,1,0.71654
320,4,12,1,1,1,0,1,0,7,9,1,1,0.43331
320,4,12,2,1,0,1,1,0,7,5,1,2,0.62241
320,4,12,2,1,1,1,1,0,5,5,1,1,0.34663
320,4,12,1,1,0,0,0,0,1,7,0,1,0.66802
320,4,12,2,1,1,1,1,1,7,7,1,1,0.58834
320,4,12,1,1,1,0,0,1,7,9,1,1,0.70954
320,4,12,1,1,1,0,1,0,7,9,1,1,0.24629
320,4,12,1,1,0,1,1,1,9,1,1,2,0.38746
320,4,12,2,1,1,1,1,1,7,7,1,1,0.32052
320,4,12,2,1,1,1,0,0,7,7,1,1,0.61135
320,4,12,1,1,1,0,0,1,7,9,1,1,0.65342
320,4,12,2,1,1,1,1,0,5,5,1,1,0.68593
320,4,12,1,1,1,0,1,0,1,5,1,1,0.26989
320,4,12,2,1,1,0,0,0,1,5,1,1,0.4809
320,4,12,1,1,0,0,0,0,1,7,0,1,0.22512
320,4,12,2,1,1,1,0,0,7,7,1,1,0.27211
320,4,12,2,1,1,1,0,1,1,1,1,1,0.57767
320,4,12,1,1,1,0,1,0,1,5,1,1,0.55597
320,4,12,1,1,0,1,1,1,9,1,1,2,0.59023
320,4,12,1,1,1,1,0,1,9,9,1,1,0.57864
320,4,12,1,1,1,1,0,1,9,9,1,1,0.48639
320,5,10,2,1,0,0,0,0,1,7,0,1,0.59849
320,5,10,1,1,0,0,1,1,5,9,1,2,0.28299
320,5,10,2,1,0,0,0,1,5,9,1,2,0.21526
320,5,10,2,1,0,1,0,1,7,5,0,1,0.67035
320,5,10,1,1,0,1,0,0,1,9,1,2,0.87423
320,5,10,2,1,1,0,0,0,9,7,1,1,0.40739
320,5,10,1,1,0,0,1,1,5,9,1,2,0.31002
320,5,10,1,1,1,0,1,1,1,5,1,1,0.6807
320,5,10,2,1,0,0,0,1,5,9,1,2,0.52589
320,5,10,2,1,0,1,0,1,7,5,1,2,0.62417
320,5,10,2,1,1,0,0,0,9,7,1,1,0.42892
320,5,10,2,1,0,1,1,0,5,7,1,2,0.54193
320,5,10,1,1,1,1,0,0,1,1,1,1,0.6141
320,5,10,1,1,0,1,0,0,1,9,1,2,0.45317
320,5,10,2,1,1,0,1,1,9,7,1,1,1.0608
320,5,10,1,1,0,1,0,1,5,7,0,1,0.6322
320,5,10,2,1,0,1,1,0,5,7,1,2,0.43303
320,5,10,1,1,1,0,1,0,9,7,1,1,0.40906
320,5,10,2,1,0,0,0,0,1,7,1,2,0.41132
320,5,10,2,1,0,0,1,0,9,5,1,2,0.52592
320,5,10,1,1,0,1,1,0,9,1,1,2,0.53193
320,5,10,2,1,1,0,1,1,9,7,1,1,0.4231
320,5,10,1,1,1,0,1,1,1,5,1,1,0.43897
320,5,10,1,1,0,1,0,1,9,1,1,2,0.47754
320,5,10,2,1,1,0,1,1,7,9,0,2,0.35626
320,5,10,2,1,1,0,1,1,7,9,1,1,0.42959
320,5,10,2,1,0,0,1,0,9,5,1,2,0.75825
320,5,10,1,1,0,1,0,1,9,1,0,1,0.78029
320,5,10,1,1,1,1,0,0,1,1,1,1,0.77151
320,5,10,1,1,1,0,1,0,9,7,0,2,0.51218
320,5,10,1,1,0,1,1,0,9,1,1,2,0.52739
320,5,10,1,1,0,1,0,1,5,7,1,2,0.49701
320,6,16,2,1,1,0,0,1,7,9,1,1,0.64911
320,6,16,1,1,1,1,1,1,9,9,1,1,0.39249
320,6,16,2,1,1,1,1,1,5,5,1,1,0.38793
320,6,16,1,1,0,1,1,1,5,7,1,2,0.56376
320,6,16,2,1,0,0,1,0,7,1,1,2,0.5104
320,6,16,1,1,0,0,0,0,5,9,1,2,0.45466
320,6,16,1,1,0,1,0,1,1,9,0,1,0.72496
320,6,16,2,1,1,0,0,1,9,7,0,2,0.50579
320,6,16,1,1,1,0,0,0,5,1,1,1,0.64306
320,6,16,1,1,0,1,1,1,5,7,1,2,0.93877
320,6,16,2,1,0,0,1,1,5,9,1,2,0.3198
320,6,16,1,1,1,1,1,0,1,1,1,1,0.45259
320,6,16,1,1,0,1,1,0,1,9,1,2,0.3568
320,6,16,2,1,1,0,0,1,9,7,1,1,0.54108
320,6,16,1,1,1,1,1,0,1,1,1,1,0.7316
320,6,16,1,1,1,0,0,0,5,1,1,1,0.67286
320,6,16,2,1,0,0,0,0,7,1,0,1,0.98329
320,6,16,2,1,0,1,0,0,9,1,1,2,0.63959
320,6,16,2,1,0,1,1,0,1,9,1,2,0.3482
320,6,16,2,1,0,0,1,0,7,1,1,2,0.54335
320,6,16,2,1,0,1,0,0,9,1,1,2,0.37347
320,6,16,2,1,1,1,1,1,5,5,1,1,0.94731
320,6,16,1,1,0,0,0,1,7,1,1,2,0.75748
320,6,16,2,1,0,0,1,1,5,9,1,2,0.217
320,6,16,2,1,1,0,0,1,7,9,1,1,0.50047
320,6,16,1,1,0,0,0,0,5,9,0,1,0.82083
320,6,16,2,1,0,0,0,0,7,1,1,2,0.93858
320,6,16,1,1,0,1,1,0,1,9,1,2,0.72666
320,6,16,1,1,1,1,1,1,9,9,1,1,0.42237
320,6,16,1,1,0,1,0,1,1,9,1,2,0.71454
320,6,16,1,1,0,0,0,1,7,1,1,2,0.62916
320,6,16,2,1,0,1,1,0,1,9,1,2,0.61982
320,7,6,2,1,0,1,0,1,1,9,1,2,0.43386
320,7,6,1,1,0,0,1,0,5,9,1,2,0.40547
320,7,6,2,1,1,0,1,0,7,9,0,2,0.15552
320,7,6,2,1,0,0,0,1,1,7,1,2,0.74546
320,7,6,1,1,0,1,1,1,7,5,1,2,0.26814
320,7,6,1,1,0,0,1,1,1,7,1,2,0.32821
320,7,6,2,1,0,1,1,1,9,1,1,2,0.28091
320,7,6,1,1,0,1,1,1,7,5,1,2,0.31428
320,7,6,2,1,0,1,0,0,1,9,1,2,0.88097
320,7,6,1,1,1,1,1,0,9,9,1,1,0.44399
320,7,6,2,1,1,0,1,0,1,5,0,2,0.95786
320,7,6,1,1,1,0,0,0,9,7,0,2,0.34171
320,7,6,1,1,1,1,1,0,9,9,1,1,0.35195
320,7,6,1,1,1,1,0,1,7,7,0,2,0.27503
320,7,6,2,1,0,1,1,1,9,1,1,2,0.36098
320,7,6,1,1,0,0,1,0,5,9,0,1,0.57216
320,7,6,1,1,1,1,0,0,9,9,1,1,0.64086
320,7,6,2,1,0,1,1,1,5,7,1,2,0.31373
320,7,6,2,1,0,1,0,1,1,9,1,2,0.53106
320,7,6,1,1,1,0,0,1,1,5,1,1,0.3056
320,7,6,1,1,1,1,0,1,7,7,1,1,0.67132
320,7,6,2,1,0,0,0,1,1,7,0,1,0.72508
320,7,6,1,1,1,0,0,1,1,5,1,1,0.41738
320,7,6,2,1,0,1,1,1,5,7,1,2,0.35678
320,7,6,2,1,1,0,1,0,1,5,1,1,1.0307
320,7,6,2,1,1,0,0,0,7,9,1,1,0.34422
320,7,6,1,1,1,1,0,0,9,9,1,1,0.1801
320,7,6,2,1,1,0,0,0,7,9,1,1,0.30476
320,7,6,1,1,1,0,0,0,9,7,1,1,0.31821
320,7,6,2,1,0,1,0,0,1,9,0,1,0.54776
320,7,6,2,1,1,0,1,0,7,9,1,1,0.26843
320,7,6,1,1,0,0,1,1,1,7,1,2,0.47257
320,8,8,1,1,0,0,1,0,7,1,1,2,0.528
320,8,8,1,1,0,0,1,1,9,5,1,2,0.34801
320,8,8,1,1,0,0,0,0,7,1,1,2,0.33371
320,8,8,1,1,1,1,1,0,5,5,1,1,0.19998
320,8,8,2,1,1,1,0,0,9,9,1,1,0.88036
320,8,8,2,1,0,0,0,0,9,5,1,2,1.0128
320,8,8,2,1,0,0,1,0,5,9,1,2,0.4354
320,8,8,2,1,0,0,1,0,5,9,1,2,0.24173
320,8,8,1,1,0,0,1,0,7,1,1,2,0.35845
320,8,8,2,1,0,0,1,1,9,5,1,2,0.39632
320,8,8,1,1,0,0,1,1,9,5,1,2,0.3672
320,8,8,2,1,0,1,1,0,9,1,1,2,0.34165
320,8,8,1,1,0,1,0,1,7,5,1,2,0.36895
320,8,8,1,1,0,1,1,1,1,9,1,2,0.35197
320,8,8,2,1,1,1,0,1,9,9,1,1,0.39132
320,8,8,1,1,0,1,1,1,1,9,1,2,0.24015
320,8,8,1,1,1,1,1,0,5,5,1,1,1.0975
320,8,8,1,1,1,0,0,1,5,1,1,1,0.40683
320,8,8,1,1,0,1,0,1,7,5,0,1,0.6166
320,8,8,2,1,0,1,1,0,9,1,1,2,0.55423
320,8,8,1,1,0,1,0,0,7,5,0,1,0.93095
320,8,8,2,1,0,1,0,1,9,1,1,2,1.1381
320,8,8,1,1,0,0,0,0,7,1,1,2,0.80251
320,8,8,2,1,0,0,0,0,9,5,1,2,0.45277
320,8,8,2,1,1,1,0,0,9,9,0,2,0.24227
320,8,8,1,1,0,1,0,0,7,5,1,2,0.76247
320,8,8,2,1,0,0,1,1,7,1,1,2,0.57047
320,8,8,2,1,0,0,1,1,9,5,1,2,0.39835
320,8,8,2,1,1,1,0,1,9,9,1,1,0.46422
320,8,8,2,1,0,1,0,1,9,1,1,2,1.3227
320,8,8,2,1,0,0,1,1,7,1,1,2,1.1791
320,8,8,1,1,1,0,0,1,5,1,1,1,0.5799
320,9,2,1,1,1,1,0,0,7,7,0,2,0.30062
320,9,2,2,1,1,0,0,0,5,1,1,1,0.31792
320,9,2,1,1,0,0,1,1,7,1,1,2,0.32579
320,9,2,2,1,0,1,0,0,7,5,1,2,0.67708
320,9,2,1,1,1,1,0,1,1,1,1,1,0.83062
320,9,2,1,1,1,0,1,1,5,1,1,1,0.30437
320,9,2,1,1,0,0,1,0,1,7,1,2,0.46833
320,9,2,2,1,0,1,1,1,7,5,1,2,0.28111
320,9,2,2,1,1,1,1,0,7,7,0,2,0.22698
320,9,2,2,1,1,0,1,1,1,5,1,1,0.61
320,9,2,2,1,1,0,1,1,1,5,1,1,0.15103
320,9,2,2,1,0,0,0,1,9,5,0,1,0.81094
320,9,2,1,1,0,0,0,1,1,7,0,1,0.60008
320,9,2,2,1,1,1,0,1,7,7,0,2,0.2791
320,9,2,1,1,0,0,1,1,7,1,1,2,0.34107
320,9,2,1,1,0,0,1,0,1,7,1,2,0.5506
320,9,2,1,1,1,1,0,0,7,7,1,1,0.51628
320,9,2,1,1,1,0,1,0,5,1,1,1,0.32955
320,9,2,1,1,1,1,0,1,1,1,1,1,0.54943
320,9,2,1,1,1,0,1,0,5,1,1,1,0.27209
320,9,2,2,1,1,1,1,0,7,7,1,1,0.35327
320,9,2,2,1,1,0,1,0,5,1,1,1,0.26929
320,9,2,1,1,0,0,0,1,1,7,1,2,0.55676
320,9,2,2,1,0,1,1,1,7,5,1,2,0.5058
320,9,2,1,1,1,0,0,0,1,5,1,1,0.42887
320,9,2,2,1,0,1,0,0,7,5,1,2,0.44887
320,9,2,1,1,1,0,0,0,1,5,1,1,0.32116
320,9,2,1,1,1,0,1,1,5,1,1,1,0.33472
320,9,2,2,1,1,1,0,1,7,7,0,2,0.23183
320,9,2,2,1,0,0,0,1,9,5,1,2,0.83062
320,9,2,2,1,1,0,0,0,5,1,1,1,0.49137
320,9,2,2,1,1,0,1,0,5,1,1,1,0.48212
320,10,1,1,0,1,1,0,1,1,1,1,1,0.99437
320,10,1,1,0,1,1,0,0,7,7,0,2,0.59411
320,10,1,2,0,0,1,0,0,5,7,0,1,0.67491
320,10,1,1,0,0,0,1,0,7,9,0,1,0.94769
320,10,1,1,0,1,0,1,0,7,1,1,1,0.52415
320,10,1,2,0,1,0,1,0,9,5,1,1,0.34402
320,10,1,1,0,1,1,0,1,1,1,1,1,0.48859
320,10,1,2,0,0,0,1,1,1,5,1,2,0.41637
320,10,1,1,0,0,0,0,1,5,1,0,1,0.54436
320,10,1,2,0,1,1,0,0,5,5,1,1,0.49001
320,10,1,2,0,0,0,0,1,5,1,1,2,0.58109
320,10,1,2,0,1,1,0,0,5,5,1,1,0.68671
320,10,1,2,0,0,0,0,1,5,1,1,2,0.52146
320,10,1,2,0,0,0,1,0,5,1,1,2,0.55572
320,10,1,1,0,1,0,1,1,9,5,1,1,0.50709
320,10,1,1,0,1,1,0,0,1,1,0,2,0.91646
320,10,1,2,0,1,0,1,0,9,5,1,1,0.62808
320,10,1,2,0,0,1,0,0,5,7,0,1,1.0423
320,10,1,1,0,0,0,1,0,7,9,1,2,0.423
320,10,1,1,0,1,0,1,1,9,5,1,1,0.43018
320,10,1,2,0,0,0,1,0,5,1,1,2,0.42309
320,10,1,1,0,1,1,0,0,1,1,1,1,0.96359
320,10,1,2,0,0,1,1,1,9,1,1,2,0.28312
320,10,1,1,0,1,1,0,0,7,7,1,1,0.59191
320,10,1,1,0,0,0,0,1,5,1,0,1,0.60359
320,10,1,1,0,0,1,1,1,5,7,1,2,0.30816
320,10,1,2,0,0,0,1,1,1,5,1,2,0.31292
320,10,1,2,0,0,1,1,1,9,1,1,2,0.28371
320,10,1,1,0,1,0,1,0,7,1,1,1,0.59828
320,10,1,2,0,1,0,0,1,1,7,1,1,0.88606
320,10,1,2,0,1,0,0,1,1,7,1,1,0.39024
320,10,1,1,0,0,1,1,1,5,7,1,2,0.31519
320,11,4,2,1,1,1,1,1,9,9,0,2,0.30103
320,11,4,2,1,1,1,1,1,9,9,1,1,0.10693
320,11,4,1,1,1,0,0,1,9,7,0,2,0.56074
320,11,4,1,1,0,0,0,1,9,5,0,1,0.59766
320,11,4,1,1,0,0,0,0,9,5,1,2,0.73039
320,11,4,1,1,1,1,1,1,7,7,1,1,0.2477
320,11,4,2,1,1,1,1,0,1,1,1,1,0.46612
320,11,4,1,1,1,1,0,0,5,5,1,1,0.90238
320,11,4,1,1,1,1,1,1,7,7,1,1,0.2429
320,11,4,1,1,1,0,0,1,9,7,1,1,0.90086
320,11,4,2,1,1,0,0,1,1,5,1,1,0.60248
320,11,4,1,1,1,1,0,0,5,5,1,1,0.51908
320,11,4,1,1,1,1,1,0,7,7,1,1,0.55728
320,11,4,1,1,0,0,0,1,9,5,0,1,0.25328
320,11,4,1,1,1,0,1,1,9,7,1,1,0.54586
320,11,4,1,1,1,1,1,0,7,7,1,1,0.28433
320,11,4,2,1,0,0,1,1,1,7,1,2,0.26552
320,11,4,2,1,1,0,0,1,5,1,1,1,0.80509
320,11,4,2,1,0,1,0,0,5,7,1,2,0.30607
320,11,4,2,1,1,0,1,0,9,7,1,1,0.68831
320,11,4,2,1,1,0,1,0,9,7,1,1,0.29625
320,11,4,2,1,1,1,1,0,1,1,1,1,0.28405
320,11,4,2,1,0,0,1,1,1,7,1,2,0.24463
320,11,4,1,1,1,0,1,1,9,7,1,1,0.33518
320,11,4,2,1,0,0,0,0,5,9,1,2,0.48166
320,11,4,2,1,0,0,0,0,5,9,1,2,0.67188
320,11,4,1,1,0,0,1,0,9,5,0,1,0.30528
320,11,4,2,1,0,1,0,0,5,7,1,2,0.20051
320,11,4,1,1,0,0,1,0,9,5,0,1,0.34585
320,11,4,2,1,1,0,0,1,5,1,1,1,0.6199
320,11,4,2,1,1,0,0,1,1,5,1,1,0.35409
320,11,4,1,1,0,0,0,0,9,5,1,2,0.46067
320,12,13,2,0,1,1,1,0,9,9,1,1,0.37773
320,12,13,1,0,1,0,0,0,7,1,0,2,0.71884
320,12,13,2,0,0,0,1,0,1,5,0,1,0.16613
320,12,13,2,0,1,0,0,0,1,7,1,1,0.80486
320,12,13,1,0,0,0,1,1,5,1,1,2,0.31121
320,12,13,2,0,1,1,0,1,9,9,1,1,0.55065
320,12,13,1,0,0,1,0,1,1,9,1,2,0.90825
320,12,13,2,0,0,1,0,1,7,5,1,2,1.0266
320,12,13,1,0,1,1,1,1,7,7,1,1,0.35165
320,12,13,1,0,1,1,1,1,7,7,1,1,0.26483
320,12,13,1,0,0,0,1,0,1,5,1,2,0.50456
320,12,13,1,0,0,1,0,1,1,9,0,1,0.58138
320,12,13,1,0,0,0,1,1,5,1,0,1,0.51928
320,12,13,1,0,0,0,1,0,1,5,1,2,0.41912
320,12,13,1,0,1,0,0,0,1,7,1,1,0.52814
320,12,13,2,0,1,1,1,0,9,9,1,1,0.41993
320,12,13,1,0,0,1,1,0,1,9,1,2,0.47299
320,12,13,2,0,1,0,0,0,1,7,1,1,0.51884
320,12,13,1,0,1,0,0,0,1,7,0,2,0.60787
320,12,13,2,0,0,0,1,0,1,5,1,2,0.5999
320,12,13,2,0,1,1,0,0,1,1,1,1,1.4844
320,12,13,2,0,1,0,1,1,1,7,1,1,0.45606
320,12,13,1,0,1,0,0,0,7,1,1,1,1.3232
320,12,13,2,0,1,1,1,1,5,5,1,1,0.35467
320,12,13,2,0,1,1,0,0,1,1,1,1,0.87659
320,12,13,1,0,1,0,0,1,5,9,1,1,0.50522
320,12,13,2,0,1,1,0,1,9,9,1,1,0.51497
320,12,13,2,0,1,1,1,1,5,5,1,1,0.22757
320,12,13,2,0,1,0,1,1,1,7,1,1,0.32186
320,12,13,1,0,0,1,1,0,1,9,1,2,0.48071
320,12,13,1,0,1,0,0,1,5,9,0,2,0.56084
320,12,13,2,0,0,1,0,1,7,5,1,2,0.45854
320,13,9,1,0,1,1,0,0,5,5,1,1,0.56984
320,13,9,2,0,0,1,0,1,9,1,1,2,0.4528
320,13,9,2,0,0,1,1,1,5,7,1,2,0.32056
320,13,9,1,0,1,0,1,1,1,7,1,1,0.42636
320,13,9,2,0,1,0,0,0,7,1,1,1,0.76259
320,13,9,2,0,0,1,1,1,5,7,1,2,0.24388
320,13,9,2,0,0,1,1,0,9,1,1,2,0.55743
320,13,9,1,0,1,1,1,0,1,1,1,1,0.32012
320,13,9,1,0,0,0,1,1,7,9,1,2,0.39191
320,13,9,1,0,1,1,1,0,1,1,1,1,0.52464
320,13,9,1,0,1,1,1,0,7,7,1,1,0.51939
320,13,9,2,0,1,1,0,1,7,7,1,1,0.46534
320,13,9,2,0,1,0,1,1,9,5,1,1,0.40527
320,13,9,1,0,1,1,0,1,7,7,1,1,0.65759
320,13,9,2,0,0,0,1,0,7,9,1,2,0.43633
320,13,9,1,0,1,0,0,0,9,5,1,1,0.65245
320,13,9,1,0,0,0,1,1,7,9,1,2,0.40883
320,13,9,2,0,1,1,0,1,7,7,1,1,0.55326
320,13,9,2,0,0,1,0,1,9,1,0,1,0.52856
320,13,9,2,0,1,0,1,1,9,5,1,1,0.28573
320,13,9,2,0,0,1,0,0,1,9,1,2,0.37616
320,13,9,1,0,1,1,0,0,5,5,1,1,1.1495
320,13,9,2,0,0,0,1,0,7,9,1,2,0.72249
320,13,9,1,0,1,0,0,0,9,5,1,1,0.35647
320,13,9,2,0,0,1,1,0,9,1,1,2,0.35609
320,13,9,1,0,1,0,1,1,1,7,1,1,0.44411
320,13,9,2,0,0,1,0,0,1,9,1,2,0.5265
320,13,9,1,0,1,1,0,1,5,5,1,1,0.3233
320,13,9,1,0,1,1,1,0,7,7,1,1,0.21884
320,13,9,1,0,1,1,0,1,5,5,1,1,0.63651
320,13,9,2,0,1,0,0,0,7,1,1,1,0.32863
320,13,9,1,0,1,1,0,1,7,7,1,1,0.2668
320,14,5,1,0,0,1,1,1,7,5,1,2,0.48767
320,14,5,2,0,0,1,1,0,5,7,0,1,0.3309
320,14,5,2,0,1,0,1,1,5,9,1,1,0.33352
320,14,5,2,0,0,1,1,0,7,5,1,2,0.61017
320,14,5,2,0,1,0,1,1,5,9,1,1,0.35604
320,14,5,1,0,0,1,1,1,1,9,1,2,0.25313
320,14,5,1,0,1,1,1,0,9,9,0,2,0.19979
320,14,5,1,0,1,0,0,1,7,1,1,1,0.75434
320,14,5,1,0,0,0,0,0,9,7,1,2,1.4036
320,14,5,1,0,1,1,1,0,5,5,1,1,0.68006
320,14,5,1,0,1,0,0,1,7,1,1,1,0.66224
320,14,5,2,0,0,0,0,0,7,9,1,2,0.74247
320,14,5,1,0,0,1,0,0,9,1,0,1,0.65597
320,14,5,1,0,0,1,1,1,1,9,1,2,0.32685
320,14,5,1,0,0,0,0,0,9,7,1,2,0.82837
320,14,5,2,0,0,0,0,1,9,7,0,1,0.85872
320,14,5,1,0,1,1,1,0,9,9,1,1,0.57471
320,14,5,2,0,0,1,1,0,7,5,1,2,0.29976
320,14,5,2,0,1,0,0,1,7,1,1,1,0.47387
320,14,5,2,0,0,1,1,1,7,5,1,2,0.42065
320,14,5,1,0,1,1,0,1,9,9,1,1,0.50486
320,14,5,2,0,1,1,0,0,7,7,1,1,0.50975
320,14,5,2,0,0,0,0,1,9,7,1,2,0.22228
320,14,5,1,0,0,1,0,0,9,1,0,1,0.49775
320,14,5,1,0,1,1,0,1,9,9,1,1,0.48423
320,14,5,1,0,1,1,1,0,5,5,1,1,0.4352
320,14,5,2,0,0,1,1,0,5,7,1,2,0.64173
320,14,5,2,0,1,0,0,1,7,1,1,1,0.41517
320,14,5,2,0,0,1,1,1,7,5,1,2,0.22888
320,14,5,2,0,0,0,0,0,7,9,1,2,0.32818
320,14,5,2,0,1,1,0,0,7,7,0,2,0.57449
320,14,5,1,0,0,1,1,1,7,5,1,2,0.24122
320,15,14,2,1,1,1,0,0,5,5,1,1,0.79899
320,15,14,1,1,0,1,0,0,9,1,1,2,0.36599
320,15,14,1,1,0,1,1,0,7,5,1,2,0.81618
320,15,14,2,1,1,1,0,1,5,5,1,1,0.49908
320,15,14,1,1,1,1,1,1,5,5,1,1,0.33976
320,15,14,2,1,0,0,1,0,1,7,1,2,1.2931
320,15,14,2,1,1,1,0,0,1,1,1,1,0.50222
320,15,14,2,1,1,1,1,0,9,9,1,1,0.40223
320,15,14,1,1,1,1,1,1,5,5,1,1,0.23232
320,15,14,2,1,0,0,0,1,7,1,1,2,0.51285
320,15,14,1,1,1,1,1,1,1,1,1,1,0.23029
320,15,14,2,1,1,1,0,0,5,5,1,1,0.47614
320,15,14,2,1,0,1,1,1,1,9,1,2,0.22404
320,15,14,2,1,0,0,0,1,7,1,1,2,0.68713
320,15,14,1,1,0,1,1,0,5,7,1,2,0.97721
320,15,14,1,1,0,0,0,1,5,9,1,2,0.39687
320,15,14,1,1,0,1,1,0,7,5,1,2,0.22857
320,15,14,1,1,0,1,1,0,5,7,0,1,0.98461
320,15,14,1,1,1,1,1,1,1,1,1,1,0.31504
320,15,14,2,1,1,0,1,1,5,1,1,1,0.7429
320,15,14,2,1,1,1,1,0,9,9,1,1,0.26876
320,15,14,2,1,1,1,0,0,1,1,1,1,0.45964
320,15,14,2,1,0,1,1,1,1,9,1,2,0.61539
320,15,14,2,1,0,0,1,0,1,7,1,2,0.38384
320,15,14,1,1,1,1,0,1,5,5,1,1,0.44622
320,15,14,1,1,0,1,0,0,5,7,1,2,0.74142
320,15,14,1,1,0,1,0,0,5,7,1,2,0.31851
320,15,14,1,1,0,1,0,0,9,1,0,1,0.31925
320,15,14,2,1,1,0,1,1,5,1,1,1,0.39863
320,15,14,1,1,1,1,0,1,5,5,1,1,0.35965
320,15,14,1,1,0,0,0,1,5,9,1,2,0.42014
320,15,14,2,1,1,1,0,1,5,5,1,1,0.31328
320,16,7,2,0,0,0,0,0,5,1,1,2,0.79601
320,16,7,1,0,0,1,0,0,5,7,1,2,0.76919
320,16,7,2,0,1,1,1,1,7,7,1,1,0.24101
320,16,7,1,0,1,1,1,1,1,1,1,1,0.15944
320,16,7,2,0,0,1,0,1,5,7,1,2,0.53488
320,16,7,2,0,1,1,0,0,9,9,0,2,0.29633
320,16,7,2,0,1,1,1,0,1,1,1,1,0.43928
320,16,7,2,0,0,0,1,1,9,7,1,2,0.34977
320,16,7,2,0,0,0,0,0,5,1,1,2,0.41602
320,16,7,1,0,1,1,1,1,1,1,1,1,0.47012
320,16,7,1,0,0,1,0,1,9,1,1,2,0.59243
320,16,7,1,0,0,0,1,1,1,5,0,1,0.93172
320,16,7,2,0,0,0,1,1,9,7,1,2,0.36911
320,16,7,1,0,0,1,1,0,7,5,1,2,0.6124
320,16,7,2,0,1,1,0,0,9,9,1,1,0.60029
320,16,7,1,0,0,1,1,0,9,1,1,2,0.40961
320,16,7,1,0,0,1,1,0,9,1,1,2,0.40254
320,16,7,1,0,1,0,0,0,5,9,0,2,0.325
320,16,7,1,0,0,1,0,0,5,7,0,1,0.78958
320,16,7,2,0,1,1,1,1,7,7,0,2,0.40889
320,16,7,1,0,0,0,1,1,1,5,1,2,0.37594
320,16,7,2,0,1,1,1,0,5,5,1,1,0.44122
320,16,7,1,0,0,1,0,1,5,7,1,2,0.77282
320,16,7,2,0,1,0,0,1,5,9,1,1,0.60825
320,16,7,2,0,0,1,0,1,5,7,1,2,0.52842
320,16,7,1,0,1,0,0,0,5,9,1,1,0.94002
320,16,7,1,0,0,1,1,0,7,5,1,2,0.36823
320,16,7,1,0,0,1,0,1,5,7,1,2,0.83373
320,16,7,2,0,1,0,0,1,5,9,1,1,0.60982
320,16,7,2,0,1,1,1,0,1,1,1,1,0.38168
320,16,7,2,0,1,1,1,0,5,5,1,1,0.39693
320,16,7,1,0,0,1,0,1,9,1,1,2,0.46806
