3,1,1,6,1,6,2,1,2,1,0,2013.2
3,1,1,6,2,4,2,2,2,2,1,999.38
3,1,1,6,3,5,3,1,1,1,1,1023.2
3,1,1,6,4,9,1,1,1,1,1,639.89
3,1,1,6,5,8,1,2,1,1,1,697.69
3,1,1,6,6,2,3,2,2,2,1,1038.2
3,1,1,6,7,3,2,3,2,2,1,995.73
3,1,1,6,8,1,3,3,2,2,1,726.16
3,1,1,6,9,7,1,3,1,1,1,754.37
3,1,1,6,10,5,3,1,1,1,1,1109.9
3,1,1,6,11,8,1,2,1,1,1,616.56
3,1,1,6,12,2,3,2,2,2,1,815.28
3,1,1,6,13,7,1,3,1,1,1,655.23
3,1,1,6,14,2,3,2,2,2,1,789.41
3,1,1,6,15,3,2,3,2,2,1,855.65
3,1,1,6,16,8,1,2,1,1,1,664.5
3,1,1,6,17,9,1,1,1,1,1,583.61
3,1,1,6,18,8,1,2,1,1,1,654.85
3,1,1,6,19,2,3,2,2,2,1,856.38
3,1,1,6,20,3,2,3,2,2,1,760.27
3,1,1,6,21,6,2,1,1,1,1,609.23
3,1,1,6,22,7,1,3,1,1,1,802.8
3,1,1,6,23,1,3,3,2,2,1,629.97
3,1,1,6,24,4,2,2,1,2,0,859.61
3,1,1,6,25,1,3,3,2,2,1,690.7
3,1,1,6,26,1,3,3,2,2,1,654.36
3,1,1,6,27,9,1,1,1,1,1,688.87
3,1,1,6,28,2,3,2,2,2,1,620.86
3,1,1,6,29,6,2,1,1,1,1,767.79
3,1,1,6,30,3,2,3,2,2,1,815.17
3,1,1,6,31,8,1,2,1,1,1,642.35
3,1,1,6,32,9,1,1,1,1,1,692.94
3,1,1,6,33,4,2,2,2,2,1,756.22
3,1,1,6,34,7,1,3,1,1,1,1080.3
3,1,1,6,35,5,3,1,1,1,1,1036.6
3,1,1,6,36,5,3,1,1,1,1,1527.8
3,1,1,6,37,6,2,1,1,1,1,1174.1
3,1,1,6,38,8,1,2,1,1,1,805.03
3,1,1,6,39,7,1,3,1,1,1,808.07
3,1,1,6,40,2,3,2,2,2,1,1412.4
3,1,1,6,41,1,3,3,2,2,1,781.87
3,1,1,6,42,9,1,1,1,1,1,719.62
3,1,1,6,43,3,2,3,2,2,1,878.26
3,1,1,6,44,4,2,2,2,2,1,1246.1
3,1,1,6,45,6,2,1,1,1,1,891.43
3,1,1,6,46,5,3,1,2,1,0,1005.5
3,1,1,6,47,1,3,3,2,2,1,676.86
3,1,1,6,48,4,2,2,2,2,1,1068.6
3,1,1,6,49,6,2,1,1,1,1,924.01
3,1,1,6,50,4,2,2,2,2,1,1089
3,1,1,6,51,7,1,3,2,1,0,1096.2
3,1,1,6,52,9,1,1,1,1,1,779.77
3,1,1,6,53,5,3,1,1,1,1,966.11
3,1,1,6,54,3,2,3,2,2,1,1486.1
3,1,1,6,1,2,3,2,2,2,1,1200.4
3,1,1,6,2,8,1,2,1,1,1,808.31
3,1,1,6,3,1,3,3,2,2,1,734.55
3,1,1,6,4,1,3,3,2,2,1,593.25
3,1,1,6,5,7,1,3,1,1,1,1021.4
3,1,1,6,6,7,1,3,1,1,1,1551.1
3,1,1,6,7,8,1,2,1,1,1,855.83
3,1,1,6,8,8,1,2,1,1,1,1021.7
3,1,1,6,9,5,3,1,2,1,0,1461.1
3,1,1,6,10,4,2,2,1,2,0,1568.6
3,1,1,6,11,6,2,1,1,1,1,976.37
3,1,1,6,12,4,2,2,1,2,0,886.42
3,1,1,6,13,5,3,1,2,1,0,881.89
3,1,1,6,14,2,3,2,2,2,1,652.25
3,1,1,6,15,9,1,1,1,1,1,571.38
3,1,1,6,16,2,3,2,2,2,1,881.28
3,1,1,6,17,9,1,1,1,1,1,746.73
3,1,1,6,18,9,1,1,1,1,1,958.97
3,1,1,6,19,7,1,3,2,1,0,1655.8
3,1,1,6,20,5,3,1,2,1,0,1329.5
3,1,1,6,21,8,1,2,1,1,1,1701.5
3,1,1,6,22,4,2,2,1,2,0,882
3,1,1,6,23,1,3,3,2,2,1,1068.7
3,1,1,6,24,7,1,3,2,1,0,1846.6
3,1,1,6,25,9,1,1,1,1,1,533.41
3,1,1,6,26,5,3,1,1,1,1,959.2
3,1,1,6,27,6,2,1,1,1,1,835.03
3,1,1,6,28,1,3,3,2,2,1,817.96
3,1,1,6,29,1,3,3,2,2,1,656.59
3,1,1,6,30,3,2,3,1,2,0,1188.8
3,1,1,6,31,6,2,1,1,1,1,1224.2
3,1,1,6,32,4,2,2,2,2,1,1395.6
3,1,1,6,33,6,2,1,1,1,1,1205.4
3,1,1,6,34,8,1,2,2,1,0,1504
3,1,1,6,35,2,3,2,2,2,1,1189.2
3,1,1,6,36,2,3,2,2,2,1,1007.5
3,1,1,6,37,5,3,1,2,1,0,1359.7
3,1,1,6,38,3,2,3,2,2,1,1477.2
3,1,1,6,39,6,2,1,1,1,1,928.03
3,1,1,6,40,3,2,3,1,2,0,1408
3,1,1,6,41,9,1,1,1,1,1,1096.4
3,1,1,6,42,3,2,3,2,2,1,1336.1
3,1,1,6,43,4,2,2,1,2,0,2165.6
3,1,1,6,44,7,1,3,1,1,1,1095
3,1,1,6,45,3,2,3,2,2,1,965.64
3,1,1,6,1,5,3,1,1,1,1,1233.6
3,1,1,6,2,6,2,1,1,1,1,874.54
3,1,1,6,3,5,3,1,1,1,1,1038
3,1,1,6,4,8,1,2,1,1,1,657.56
3,1,1,6,5,7,1,3,1,1,1,800.14
3,1,1,6,6,1,3,3,2,2,1,869.41
3,1,1,6,7,9,1,1,1,1,1,637.82
3,1,1,6,8,3,2,3,1,2,0,1161.2
3,1,1,6,9,9,1,1,1,1,1,675.19
3,1,1,6,10,7,1,3,2,1,0,993.79
3,1,1,6,11,8,1,2,1,1,1,971.83
3,1,1,6,12,6,2,1,1,1,1,1230.2
3,1,1,6,13,3,2,3,2,2,1,1325.1
3,1,1,6,14,1,3,3,2,2,1,1029.3
3,1,1,6,15,5,3,1,1,1,1,1035.7
3,1,1,6,16,6,2,1,1,1,1,739.1
3,1,1,6,17,9,1,1,1,1,1,567.16
3,1,1,6,18,3,2,3,2,2,1,1163.3
3,1,1,6,19,4,2,2,1,2,0,956.44
3,1,1,6,20,2,3,2,2,2,1,1042.8
3,1,1,6,21,2,3,2,2,2,1,883.01
3,1,1,6,22,3,2,3,2,2,1,1324.8
3,1,1,6,23,8,1,2,1,1,1,858.63
3,1,1,6,24,7,1,3,1,1,1,1026.5
3,1,1,6,25,5,3,1,1,1,1,1676.2
3,1,1,6,26,4,2,2,1,2,0,916.38
3,1,1,6,27,6,2,1,1,1,1,963.16
3,1,1,6,28,9,1,1,1,1,1,725.43
3,1,1,6,29,8,1,2,1,1,1,817.11
3,1,1,6,30,1,3,3,2,2,1,824.18
3,1,1,6,31,4,2,2,2,2,1,1496.6
3,1,1,6,32,3,2,3,2,2,1,1689.7
3,1,1,6,33,7,1,3,1,1,1,1730
3,1,1,6,34,6,2,1,1,1,1,848.04
3,1,1,6,35,9,1,1,1,1,1,787.8
3,1,1,6,36,7,1,3,2,1,0,1179.6
3,1,1,6,37,1,3,3,2,2,1,882.77
3,1,1,6,38,4,2,2,1,2,0,1272.8
3,1,1,6,39,2,3,2,2,2,1,1024
3,1,1,6,40,8,1,2,1,1,1,1602.8
3,1,1,6,41,5,3,1,1,1,1,1250
3,1,1,6,42,2,3,2,2,2,1,1198.6
3,1,1,6,43,1,3,3,2,2,1,765.56
3,1,1,6,44,2,3,2,2,2,1,944.2
3,1,1,6,45,4,2,2,1,2,0,1103.2
3,1,1,6,1,8,1,2,1,1,1,971.07
3,1,1,6,2,9,1,1,1,1,1,983.5
3,1,1,6,3,2,3,2,2,2,1,934.11
3,1,1,6,4,2,3,2,2,2,1,897.01
3,1,1,6,5,7,1,3,1,1,1,1344.2
3,1,1,6,6,5,3,1,1,1,1,969.26
3,1,1,6,7,4,2,2,1,2,0,1085.5
3,1,1,6,8,7,1,3,2,1,0,1646.9
3,1,1,6,9,4,2,2,1,2,0,950.61
3,1,1,6,10,7,1,3,2,1,0,1551.3
3,1,1,6,11,8,1,2,1,1,1,1292.9
3,1,1,6,12,4,2,2,2,2,1,2075.9
3,1,1,6,13,2,3,2,1,2,0,1658
3,1,1,6,14,2,3,2,2,2,1,1689.3
3,1,1,6,15,9,1,1,1,1,1,1467.5
3,1,1,6,16,6,2,1,1,1,1,2073.1
3,1,1,6,17,5,3,1,1,1,1,2069.7
3,1,1,6,18,6,2,1,2,1,0,1727.1
3,1,1,6,19,3,2,3,2,2,1,1039
3,1,1,6,20,5,3,1,2,1,0,1249.4
3,1,1,6,21,1,3,3,2,2,1,1506.2
3,1,1,6,22,9,1,1,1,1,1,1914.9
3,1,1,6,23,8,1,2,1,1,1,1614.4
3,1,1,6,24,6,2,1,2,1,0,1292.4
3,1,1,6,25,1,3,3,2,2,1,1717.4
3,1,1,6,26,9,1,1,1,1,1,1295
3,1,1,6,27,3,2,3,2,2,1,1080.4
3,1,1,6,28,1,3,3,2,2,1,991.5
3,1,1,6,29,5,3,1,1,1,1,1679.2
3,1,1,6,30,7,1,3,1,1,1,1962.1
3,1,1,6,31,6,2,1,1,1,1,2241.2
3,1,1,6,32,3,2,3,2,2,1,2104.4
3,1,1,6,33,9,1,1,1,1,1,1787.4
3,1,1,6,34,5,3,1,2,1,0,709.34
3,1,1,6,35,3,2,3,2,2,1,764.6
3,1,1,6,36,2,3,2,2,2,1,924.48
3,1,1,6,37,1,3,3,2,2,1,942.67
3,1,1,6,38,1,3,3,2,2,1,928.8
3,1,1,6,39,6,2,1,1,1,1,962.27
3,1,1,6,40,7,1,3,1,1,1,908.05
3,1,1,6,41,3,2,3,2,2,1,1060.6
3,1,1,6,42,4,2,2,2,2,1,1852.8
3,1,1,6,43,8,1,2,1,1,1,1803.4
3,1,1,6,44,4,2,2,1,2,0,1558.4
3,1,1,6,45,8,1,2,1,1,1,1492.7
3,1,1,6,1,2,3,2,2,2,1,1671.9
3,1,1,6,2,1,3,3,2,2,1,961.19
3,1,1,6,3,4,2,2,2,2,1,1030.8
3,1,1,6,4,9,1,1,1,1,1,1515.9
3,1,1,6,5,5,3,1,2,1,0,1062.7
3,1,1,6,6,7,1,3,1,1,1,1110.6
3,1,1,6,7,9,1,1,1,1,1,2071.8
3,1,1,6,8,9,1,1,1,1,1,1406.4
3,1,1,6,9,2,3,2,2,2,1,763.11
3,1,1,6,10,6,2,1,2,1,0,1353.4
3,1,1,6,11,9,1,1,1,1,1,1502
3,1,1,6,12,8,1,2,2,1,0,1600.8
3,1,1,6,13,6,2,1,1,1,1,1082.3
3,1,1,6,14,6,2,1,2,1,0,1090.8
3,1,1,6,15,5,3,1,1,1,1,1318.1
3,1,1,6,16,6,2,1,1,1,1,1657.1
3,1,1,6,17,4,2,2,2,2,1,1074.4
3,1,1,6,18,3,2,3,2,2,1,2889.3
3,1,1,6,19,2,3,2,2,2,1,1567.1
3,1,1,6,20,3,2,3,2,2,1,1640.7
3,1,1,6,21,7,1,3,2,1,0,1913.1
3,1,1,6,22,5,3,1,1,1,1,1562.1
3,1,1,6,23,8,1,2,1,1,1,1996.6
3,1,1,6,24,4,2,2,2,2,1,1599
3,1,1,6,25,1,3,3,2,2,1,1890.9
3,1,1,6,26,8,1,2,1,1,1,810.2
3,1,1,6,27,6,2,1,1,1,1,762.06
3,1,1,6,28,4,2,2,2,2,1,742.49
3,1,1,6,29,3,2,3,2,2,1,1206.7
3,1,1,6,30,7,1,3,1,1,1,1494.2
3,1,1,6,31,5,3,1,1,1,1,1673.5
3,1,1,6,32,4,2,2,1,2,0,2353.5
3,1,1,6,33,8,1,2,1,1,1,965.77
3,1,1,6,34,9,1,1,1,1,1,1798
3,1,1,6,35,3,2,3,2,2,1,2635.4
3,1,1,6,36,2,3,2,2,2,1,2350
3,1,1,6,37,1,3,3,2,2,1,1611
3,1,1,6,38,7,1,3,1,1,1,1755.2
3,1,1,6,39,1,3,3,2,2,1,735.18
3,1,1,6,40,1,3,3,2,2,1,1596.8
3,1,1,6,41,2,3,2,2,2,1,2565
3,1,1,6,42,7,1,3,1,1,1,1009.4
3,1,1,6,43,8,1,2,1,1,1,2427.6
3,1,1,6,44,5,3,1,1,1,1,1573
3,1,1,6,45,3,2,3,1,2,0,1890.7
3,1,1,6,1,4,2,2,1,2,0,1611.1
3,1,1,6,2,2,3,2,2,2,1,932.71
3,1,1,6,3,8,1,2,1,1,1,629.46
3,1,1,6,4,1,3,3,2,2,1,1866.4
3,1,1,6,5,9,1,1,1,1,1,1391.5
3,1,1,6,6,7,1,3,1,1,1,642.71
3,1,1,6,7,9,1,1,1,1,1,1817.3
3,1,1,6,8,3,2,3,2,2,1,1080.1
3,1,1,6,9,2,3,2,2,2,1,1779.1
3,1,1,6,10,1,3,3,2,2,1,1511.2
3,1,1,6,11,6,2,1,2,1,0,1126.7
3,1,1,6,12,7,1,3,1,1,1,1315.5
3,1,1,6,13,2,3,2,2,2,1,1953.3
3,1,1,6,14,6,2,1,1,1,1,2258.9
3,1,1,6,15,3,2,3,1,2,0,1318.5
3,1,1,6,16,9,1,1,1,1,1,721.67
3,1,1,6,17,8,1,2,1,1,1,1379.2
3,1,1,6,18,4,2,2,2,2,1,1739.3
3,1,1,6,19,7,1,3,1,1,1,1962.4
3,1,1,6,20,1,3,3,2,2,1,1577.1
3,1,1,6,21,2,3,2,2,2,1,1612.1
3,1,1,6,22,3,2,3,2,2,1,1267.4
3,1,1,6,23,2,3,2,2,2,1,1966.1
3,1,1,6,24,4,2,2,1,2,0,1687.7
3,1,1,6,25,5,3,1,1,1,1,2044.5
3,1,1,6,26,7,1,3,1,1,1,1165.4
3,1,1,6,27,7,1,3,1,1,1,1040.9
3,1,1,6,28,5,3,1,1,1,1,987.41
3,1,1,6,29,4,2,2,1,2,0,1284.5
3,1,1,6,30,3,2,3,1,2,0,2228
3,1,1,6,31,3,2,3,2,2,1,927.29
3,1,1,6,32,5,3,1,1,1,1,1872.5
3,1,1,6,33,5,3,1,1,1,1,2223.6
3,1,1,6,34,4,2,2,1,2,0,2149.6
3,1,1,6,35,5,3,1,1,1,1,961.03
3,1,1,6,36,8,1,2,1,1,1,1286.9
3,1,1,6,37,1,3,3,2,2,1,2129.7
3,1,1,6,38,6,2,1,1,1,1,583.74
3,1,1,6,39,6,2,1,1,1,1,1878.5
3,1,1,6,40,8,1,2,1,1,1,1018.3
3,1,1,6,41,6,2,1,1,1,1,1962.4
3,1,1,6,42,1,3,3,2,2,1,1884.1
3,1,1,6,43,9,1,1,1,1,1,707.6
3,1,1,6,44,8,1,2,1,1,1,1214.8
3,1,1,6,45,9,1,1,1,1,1,2258.7
3,1,1,6,1,5,3,1,1,1,1,2042.1
3,1,1,6,2,3,2,3,1,2,0,856.61
3,1,1,6,3,3,2,3,2,2,1,815.51
3,1,1,6,4,5,3,1,1,1,1,2981.1
3,1,1,6,5,8,1,2,1,1,1,857.14
3,1,1,6,6,7,1,3,1,1,1,1210.5
3,1,1,6,7,8,1,2,1,1,1,1990.3
3,1,1,6,8,9,1,1,1,1,1,804.92
3,1,1,6,9,1,3,3,2,2,1,1365.5
3,1,1,6,10,7,1,3,1,1,1,1493.9
3,1,1,6,11,1,3,3,2,2,1,785.18
3,1,1,6,12,7,1,3,1,1,1,2621.2
3,1,1,6,13,1,3,3,2,2,1,1638.3
3,1,1,6,14,3,2,3,1,2,0,2083.6
3,1,1,6,15,5,3,1,1,1,1,916.6
3,1,1,6,16,2,3,2,2,2,1,1895.6
3,1,1,6,17,3,2,3,2,2,1,1032.1
3,1,1,6,18,6,2,1,1,1,1,1780.5
3,1,1,6,19,1,3,3,2,2,1,1495.2
3,1,1,6,20,5,3,1,1,1,1,1922.7
3,1,1,6,21,6,2,1,1,1,1,956.18
3,1,1,6,22,1,3,3,2,2,1,1338
3,1,1,6,23,2,3,2,1,2,0,1146.6
3,1,1,6,24,2,3,2,2,2,1,1071.7
3,1,1,6,25,3,2,3,2,2,1,1467.5
3,1,1,6,26,2,3,2,2,2,1,1329.1
3,1,1,6,27,9,1,1,1,1,1,814.07
3,1,1,6,28,8,1,2,1,1,1,1787.6
3,1,1,6,29,4,2,2,1,2,0,953.08
3,1,1,6,30,7,1,3,1,1,1,2450.2
3,1,1,6,31,6,2,1,1,1,1,2026
3,1,1,6,32,4,2,2,1,2,0,2369.7
3,1,1,6,33,9,1,1,1,1,1,724.03
3,1,1,6,34,8,1,2,1,1,1,885.56
3,1,1,6,35,9,1,1,1,1,1,1491.3
3,1,1,6,36,4,2,2,2,2,1,1092.3
3,1,1,6,37,5,3,1,1,1,1,1985.4
3,1,1,6,38,8,1,2,1,1,1,1002.1
3,1,1,6,39,6,2,1,1,1,1,602.01
3,1,1,6,40,6,2,1,1,1,1,2139.4
3,1,1,6,41,4,2,2,2,2,1,2851.4
3,1,1,6,42,9,1,1,1,1,1,1455.1
3,1,1,6,43,2,3,2,2,2,1,2284.5
3,1,1,6,44,4,2,2,2,2,1,3096.8
3,1,1,6,45,7,1,3,1,1,1,2388.6
3,1,1,6,1,4,2,2,1,2,0,1978.9
3,1,1,6,2,6,2,1,2,1,0,3112.1
3,1,1,6,3,6,2,1,1,1,1,2140.8
3,1,1,6,4,9,1,1,1,1,1,1391.4
3,1,1,6,5,8,1,2,1,1,1,1286.6
3,1,1,6,6,8,1,2,1,1,1,1513.7
3,1,1,6,7,9,1,1,1,1,1,1806.8
3,1,1,6,8,2,3,2,2,2,1,1468.7
3,1,1,6,9,7,1,3,2,1,0,719.5
3,1,1,6,10,7,1,3,1,1,1,1813.8
3,1,1,6,11,1,3,3,2,2,1,2389.6
3,1,1,6,12,3,2,3,2,2,1,1408.8
3,1,1,6,13,8,1,2,1,1,1,2646.4
3,1,1,6,14,3,2,3,2,2,1,2171.6
3,1,1,6,15,5,3,1,1,1,1,1757.3
3,1,1,6,16,8,1,2,1,1,1,863.28
3,1,1,6,17,7,1,3,1,1,1,1487.5
3,1,1,6,18,4,2,2,2,2,1,1990.4
3,1,1,6,19,1,3,3,2,2,1,1339.9
3,1,1,6,20,2,3,2,2,2,1,1551.3
3,1,1,6,21,1,3,3,2,2,1,1907.8
3,1,1,6,22,5,3,1,1,1,1,1139.1
3,1,1,6,23,5,3,1,1,1,1,2218.3
3,1,1,6,24,6,2,1,1,1,1,1980.6
3,1,1,6,25,5,3,1,1,1,1,1859.4
3,1,1,6,26,7,1,3,1,1,1,1783.5
3,1,1,6,27,5,3,1,1,1,1,1672.4
3,1,1,6,28,6,2,1,1,1,1,1740.2
3,1,1,6,29,4,2,2,1,2,0,2080.1
3,1,1,6,30,6,2,1,1,1,1,1433.5
3,1,1,6,31,3,2,3,2,2,1,2160.3
3,1,1,6,32,9,1,1,1,1,1,874.82
3,1,1,6,33,4,2,2,2,2,1,1582.4
3,1,1,6,34,1,3,3,2,2,1,638.31
3,1,1,6,35,9,1,1,1,1,1,1952.3
3,1,1,6,36,3,2,3,2,2,1,2144.2
3,1,1,6,37,9,1,1,1,1,1,1560.5
3,1,1,6,38,2,3,2,2,2,1,1945.7
3,1,1,6,39,2,3,2,2,2,1,1800.3
3,1,1,6,40,7,1,3,1,1,1,1755.4
3,1,1,6,41,8,1,2,1,1,1,1513.9
3,1,1,6,42,4,2,2,2,2,1,2517.3
3,1,1,6,43,1,3,3,2,2,1,1545
3,1,1,6,44,3,2,3,1,2,0,1907.2
3,1,1,6,45,2,3,2,2,2,1,1086
3,1,1,6,1,7,1,3,1,1,1,2051.4
3,1,1,6,2,2,3,2,2,2,1,1098.5
3,1,1,6,3,2,3,2,2,2,1,1438.5
3,1,1,6,4,1,3,3,2,2,1,852.87
3,1,1,6,5,3,2,3,2,2,1,1072
3,1,1,6,6,9,1,1,1,1,1,1213
3,1,1,6,7,2,3,2,2,2,1,952.81
3,1,1,6,8,8,1,2,1,1,1,1168.8
3,1,1,6,9,5,3,1,1,1,1,1205.7
3,1,1,6,10,4,2,2,1,2,0,1709.9
3,1,1,6,11,6,2,1,1,1,1,1552.3
3,1,1,6,12,8,1,2,1,1,1,1371.7
3,1,1,6,13,1,3,3,2,2,1,1421.5
3,1,1,6,14,4,2,2,1,2,0,1741.2
3,1,1,6,15,5,3,1,1,1,1,1517.8
3,1,1,6,16,4,2,2,1,2,0,3168.3
3,1,1,6,17,2,3,2,2,2,1,908.14
3,1,1,6,18,5,3,1,1,1,1,1650.1
3,1,1,6,19,8,1,2,1,1,1,1274.5
3,1,1,6,20,7,1,3,1,1,1,1530.1
3,1,1,6,21,9,1,1,1,1,1,809.05
3,1,1,6,22,4,2,2,2,2,1,1683.6
3,1,1,6,23,4,2,2,2,2,1,872.31
3,1,1,6,24,8,1,2,1,1,1,1307.6
3,1,1,6,25,6,2,1,1,1,1,2069.8
3,1,1,6,26,7,1,3,1,1,1,1698
3,1,1,6,27,3,2,3,2,2,1,1279.7
3,1,1,6,28,5,3,1,1,1,1,1846.7
3,1,1,6,29,6,2,1,1,1,1,758.51
3,1,1,6,30,7,1,3,1,1,1,793.91
3,1,1,6,31,9,1,1,1,1,1,1580.1
3,1,1,6,32,3,2,3,2,2,1,935.96
3,1,1,6,33,1,3,3,2,2,1,1551.6
3,1,1,6,34,7,1,3,2,1,0,4308.4
3,1,1,6,35,3,2,3,2,2,1,1224.4
3,1,1,6,36,9,1,1,1,1,1,1378.3
3,1,1,6,37,6,2,1,2,1,0,1639.8
3,1,1,6,38,2,3,2,2,2,1,1392.3
3,1,1,6,39,8,1,2,1,1,1,2059.7
3,1,1,6,40,9,1,1,1,1,1,1417.1
3,1,1,6,41,3,2,3,2,2,1,1908.3
3,1,1,6,42,1,3,3,2,2,1,1798.3
3,1,1,6,43,1,3,3,2,2,1,995.12
3,1,1,6,44,5,3,1,1,1,1,1287.6
3,1,1,6,45,6,2,1,1,1,1,1799.5
3,1,1,6,1,4,2,2,1,2,0,2103.5
3,1,1,6,2,1,3,3,2,2,1,841.59
3,1,1,6,3,1,3,3,2,2,1,1542
3,1,1,6,4,8,1,2,1,1,1,1483.3
3,1,1,6,5,3,2,3,2,2,1,1667.9
3,1,1,6,6,7,1,3,1,1,1,2185.5
3,1,1,6,7,4,2,2,2,2,1,2029.2
3,1,1,6,8,2,3,2,2,2,1,1243.2
3,1,1,6,9,7,1,3,1,1,1,2318.9
3,1,1,6,10,3,2,3,2,2,1,1535.2
3,1,1,6,11,8,1,2,1,1,1,1764.3
3,1,1,6,12,1,3,3,2,2,1,984.31
3,1,1,6,13,3,2,3,2,2,1,1766.6
3,1,1,6,14,5,3,1,1,1,1,2003.6
3,1,1,6,15,2,3,2,2,2,1,1685.2
3,1,1,6,16,2,3,2,2,2,1,1574.3
3,1,1,6,17,2,3,2,2,2,1,1874.8
3,1,1,6,18,4,2,2,1,2,0,2126.6
3,1,1,6,19,7,1,3,1,1,1,1714.1
3,1,1,6,20,2,3,2,2,2,1,2466.7
3,1,1,6,21,4,2,2,2,2,1,1806.9
3,1,1,6,22,8,1,2,1,1,1,1506.1
3,1,1,6,23,9,1,1,1,1,1,3340
3,1,1,6,24,6,2,1,1,1,1,1564.5
3,1,1,6,25,9,1,1,1,1,1,1400.7
3,1,1,6,26,9,1,1,1,1,1,1592
3,1,1,6,27,3,2,3,2,2,1,1888.9
3,1,1,6,28,8,1,2,1,1,1,2434.7
3,1,1,6,29,8,1,2,1,1,1,2609.9
3,1,1,6,30,7,1,3,1,1,1,1207.8
3,1,1,6,31,4,2,2,2,2,1,805.69
3,1,1,6,32,6,2,1,1,1,1,1148.7
3,1,1,6,33,7,1,3,2,1,0,1185.8
3,1,1,6,34,6,2,1,1,1,1,1339.4
3,1,1,6,35,9,1,1,1,1,1,1248.3
3,1,1,6,36,6,2,1,1,1,1,1606.4
3,1,1,6,37,6,2,1,1,1,1,1343.6
3,1,1,6,38,5,3,1,1,1,1,1896.8
3,1,1,6,39,5,3,1,1,1,1,1433.1
3,1,1,6,40,1,3,3,2,2,1,949.84
3,1,1,6,41,3,2,3,1,2,0,2496.6
3,1,1,6,42,5,3,1,1,1,1,1578.8
3,1,1,6,43,5,3,1,1,1,1,785.29
3,1,1,6,44,9,1,1,1,1,1,584.01
3,1,1,6,45,1,3,3,2,2,1,902.27
