6,2,1,7,1,5,3,1,1,1,1,1051.9
6,2,1,7,2,7,1,3,1,1,1,403.2
6,2,1,7,3,8,1,2,2,1,0,794.14
6,2,1,7,4,4,2,2,1,2,0,211.31
6,2,1,7,5,6,2,1,1,1,1,242.18
6,2,1,7,6,3,2,3,1,2,0,365.44
6,2,1,7,7,2,3,2,1,2,0,111.4
6,2,1,7,8,9,1,1,1,1,1,873.24
6,2,1,7,9,1,3,3,1,2,0,373.85
6,2,1,7,10,1,3,3,2,2,1,661.11
6,2,1,7,11,7,1,3,1,1,1,639.9
6,2,1,7,12,1,3,3,2,2,1,719.42
6,2,1,7,13,8,1,2,1,1,1,586.33
6,2,1,7,14,4,2,2,2,2,1,809.99
6,2,1,7,15,6,2,1,1,1,1,570.23
6,2,1,7,16,8,1,2,1,1,1,722.32
6,2,1,7,17,9,1,1,1,1,1,674.86
6,2,1,7,18,7,1,3,1,1,1,533.81
6,2,1,7,19,5,3,1,1,1,1,806.8
6,2,1,7,20,2,3,2,2,2,1,922.6
6,2,1,7,21,6,2,1,1,1,1,619
6,2,1,7,22,4,2,2,2,2,1,1020.1
6,2,1,7,23,3,2,3,2,2,1,1026.4
6,2,1,7,24,3,2,3,2,2,1,996.03
6,2,1,7,25,8,1,2,1,1,1,622.47
6,2,1,7,26,4,2,2,2,2,1,744.91
6,2,1,7,27,3,2,3,2,2,1,779.63
6,2,1,7,28,6,2,1,1,1,1,692.94
6,2,1,7,29,2,3,2,2,2,1,568.9
6,2,1,7,30,9,1,1,1,1,1,511.93
6,2,1,7,31,7,1,3,1,1,1,1267.8
6,2,1,7,32,2,3,2,2,2,1,992.23
6,2,1,7,33,5,3,1,1,1,1,764.82
6,2,1,7,34,9,1,1,1,1,1,533.58
6,2,1,7,35,6,2,1,1,1,1,714.63
6,2,1,7,36,8,1,2,1,1,1,1241.7
6,2,1,7,37,2,3,2,2,2,1,771.28
6,2,1,7,38,9,1,1,1,1,1,620.9
6,2,1,7,39,1,3,3,2,2,1,1257.4
6,2,1,7,40,1,3,3,2,2,1,1252
6,2,1,7,41,5,3,1,1,1,1,839.08
6,2,1,7,42,8,1,2,1,1,1,1275.3
6,2,1,7,43,9,1,1,1,1,1,603.31
6,2,1,7,44,5,3,1,2,1,0,1014.7
6,2,1,7,45,3,2,3,2,2,1,1340.8
6,2,1,7,46,7,1,3,1,1,1,1683.5
6,2,1,7,47,6,2,1,2,1,0,1356
6,2,1,7,48,4,2,2,2,2,1,970.46
6,2,1,7,49,2,3,2,2,2,1,830.12
6,2,1,7,50,5,3,1,1,1,1,656.14
6,2,1,7,51,1,3,3,2,2,1,1029.7
6,2,1,7,52,3,2,3,2,2,1,851.53
6,2,1,7,53,7,1,3,1,1,1,915.03
6,2,1,7,54,4,2,2,2,2,1,680.58
6,2,1,7,1,3,2,3,2,2,1,545.2
6,2,1,7,2,5,3,1,1,1,1,848.74
6,2,1,7,3,8,1,2,1,1,1,814.66
6,2,1,7,4,7,1,3,1,1,1,1002.8
6,2,1,7,5,7,1,3,1,1,1,489.42
6,2,1,7,6,1,3,3,2,2,1,667.07
6,2,1,7,7,8,1,2,1,1,1,701.16
6,2,1,7,8,4,2,2,2,2,1,1492.7
6,2,1,7,9,8,1,2,1,1,1,603.22
6,2,1,7,10,2,3,2,2,2,1,952.31
6,2,1,7,11,8,1,2,1,1,1,893.85
6,2,1,7,12,5,3,1,2,1,0,1282.3
6,2,1,7,13,5,3,1,1,1,1,829.82
6,2,1,7,14,6,2,1,1,1,1,593.87
6,2,1,7,15,4,2,2,2,2,1,1276.4
6,2,1,7,16,9,1,1,1,1,1,530.36
6,2,1,7,17,9,1,1,1,1,1,1167.1
6,2,1,7,18,4,2,2,2,2,1,1120.9
6,2,1,7,19,2,3,2,2,2,1,1021.8
6,2,1,7,20,3,2,3,2,2,1,938.34
6,2,1,7,21,2,3,2,2,2,1,675.98
6,2,1,7,22,1,3,3,2,2,1,605.9
6,2,1,7,23,6,2,1,2,1,0,1360.2
6,2,1,7,24,7,1,3,1,1,1,1148.6
6,2,1,7,25,1,3,3,2,2,1,730.83
6,2,1,7,26,5,3,1,1,1,1,655.44
6,2,1,7,27,2,3,2,2,2,1,943.65
6,2,1,7,28,3,2,3,2,2,1,843.38
6,2,1,7,29,2,3,2,2,2,1,735.9
6,2,1,7,30,7,1,3,1,1,1,1072.2
6,2,1,7,31,4,2,2,2,2,1,1175.1
6,2,1,7,32,3,2,3,2,2,1,1374.1
6,2,1,7,33,4,2,2,2,2,1,1127
6,2,1,7,34,7,1,3,1,1,1,944.88
6,2,1,7,35,3,2,3,2,2,1,905.83
6,2,1,7,36,9,1,1,1,1,1,632.4
6,2,1,7,37,6,2,1,1,1,1,783.96
6,2,1,7,38,6,2,1,1,1,1,1956.7
6,2,1,7,39,1,3,3,2,2,1,611.41
6,2,1,7,40,8,1,2,1,1,1,784.27
6,2,1,7,41,1,3,3,2,2,1,508.77
6,2,1,7,42,5,3,1,2,1,0,1476
6,2,1,7,43,9,1,1,1,1,1,567.41
6,2,1,7,44,6,2,1,1,1,1,701.81
6,2,1,7,45,9,1,1,1,1,1,633.1
6,2,1,7,1,5,3,1,1,1,1,827.51
6,2,1,7,2,3,2,3,2,2,1,1186.3
6,2,1,7,3,3,2,3,2,2,1,1071.8
6,2,1,7,4,7,1,3,1,1,1,580.68
6,2,1,7,5,7,1,3,1,1,1,491.23
6,2,1,7,6,5,3,1,2,1,0,1468.4
6,2,1,7,7,9,1,1,1,1,1,498.28
6,2,1,7,8,8,1,2,1,1,1,599.54
6,2,1,7,9,3,2,3,2,2,1,738.25
6,2,1,7,10,6,2,1,2,1,0,966.34
6,2,1,7,11,4,2,2,2,2,1,1064.8
6,2,1,7,12,9,1,1,1,1,1,699.65
6,2,1,7,13,2,3,2,2,2,1,1092.4
6,2,1,7,14,7,1,3,1,1,1,712.21
6,2,1,7,15,1,3,3,2,2,1,500.03
6,2,1,7,16,6,2,1,1,1,1,579.67
6,2,1,7,17,8,1,2,1,1,1,1148.8
6,2,1,7,18,4,2,2,2,2,1,936.71
6,2,1,7,19,2,3,2,1,2,0,727.52
6,2,1,7,20,6,2,1,1,1,1,951.41
6,2,1,7,21,4,2,2,2,2,1,1377.2
6,2,1,7,22,7,1,3,1,1,1,510.49
6,2,1,7,23,5,3,1,1,1,1,815.6
6,2,1,7,24,5,3,1,1,1,1,671.39
6,2,1,7,25,8,1,2,1,1,1,611.74
6,2,1,7,26,9,1,1,1,1,1,579.09
6,2,1,7,27,6,2,1,1,1,1,973.62
6,2,1,7,28,2,3,2,2,2,1,676.77
6,2,1,7,29,9,1,1,1,1,1,570.09
6,2,1,7,30,3,2,3,1,2,0,646.24
6,2,1,7,31,1,3,3,2,2,1,507.62
6,2,1,7,32,1,3,3,2,2,1,586.55
6,2,1,7,33,1,3,3,2,2,1,483.62
6,2,1,7,34,2,3,2,2,2,1,447
6,2,1,7,35,4,2,2,1,2,0,1080.8
6,2,1,7,36,8,1,2,1,1,1,687.35
6,2,1,7,37,9,1,1,1,1,1,853.75
6,2,1,7,38,8,1,2,1,1,1,786.6
6,2,1,7,39,1,3,3,2,2,1,539.13
6,2,1,7,40,3,2,3,2,2,1,1612.9
6,2,1,7,41,6,2,1,1,1,1,1183.3
6,2,1,7,42,2,3,2,2,2,1,579.89
6,2,1,7,43,4,2,2,2,2,1,1030.9
6,2,1,7,44,7,1,3,1,1,1,1121.5
6,2,1,7,45,5,3,1,2,1,0,1319.2
6,2,1,7,1,3,2,3,2,2,1,1057.2
6,2,1,7,2,8,1,2,1,1,1,726.06
6,2,1,7,3,4,2,2,2,2,1,1339.3
6,2,1,7,4,9,1,1,1,1,1,638.57
6,2,1,7,5,8,1,2,1,1,1,990.05
6,2,1,7,6,8,1,2,1,1,1,609.97
6,2,1,7,7,8,1,2,1,1,1,644.53
6,2,1,7,8,9,1,1,1,1,1,574.14
6,2,1,7,9,1,3,3,2,2,1,674.73
6,2,1,7,10,5,3,1,1,1,1,1042.7
6,2,1,7,11,3,2,3,2,2,1,915.68
6,2,1,7,12,7,1,3,1,1,1,616.93
6,2,1,7,13,7,1,3,1,1,1,596.22
6,2,1,7,14,6,2,1,1,1,1,973.89
6,2,1,7,15,7,1,3,1,1,1,1130.7
6,2,1,7,16,8,1,2,1,1,1,522.89
6,2,1,7,17,6,2,1,1,1,1,851.5
6,2,1,7,18,6,2,1,1,1,1,769.93
6,2,1,7,19,1,3,3,2,2,1,474.88
6,2,1,7,20,2,3,2,2,2,1,554.52
6,2,1,7,21,1,3,3,2,2,1,540.45
6,2,1,7,22,6,2,1,1,1,1,672.29
6,2,1,7,23,5,3,1,1,1,1,800.99
6,2,1,7,24,5,3,1,1,1,1,1334.9
6,2,1,7,25,4,2,2,2,2,1,1523.8
6,2,1,7,26,9,1,1,1,1,1,693.81
6,2,1,7,27,4,2,2,2,2,1,985.39
6,2,1,7,28,3,2,3,2,2,1,776.35
6,2,1,7,29,1,3,3,2,2,1,524.17
6,2,1,7,30,4,2,2,2,2,1,1027.6
6,2,1,7,31,7,1,3,1,1,1,634.72
6,2,1,7,32,3,2,3,2,2,1,641.39
6,2,1,7,33,9,1,1,1,1,1,622.19
6,2,1,7,34,2,3,2,2,2,1,965.76
6,2,1,7,35,2,3,2,2,2,1,902.38
6,2,1,7,36,2,3,2,2,2,1,610.67
6,2,1,7,37,3,2,3,2,2,1,906.03
6,2,1,7,38,6,2,1,1,1,1,1454.7
6,2,1,7,39,1,3,3,2,2,1,888.21
6,2,1,7,40,4,2,2,2,2,1,994.31
6,2,1,7,41,5,3,1,1,1,1,1325.5
6,2,1,7,42,5,3,1,1,1,1,850.25
6,2,1,7,43,9,1,1,1,1,1,805.13
6,2,1,7,44,2,3,2,2,2,1,893.2
6,2,1,7,45,7,1,3,1,1,1,704.62
6,2,1,7,1,3,2,3,2,2,1,2427.2
6,2,1,7,2,9,1,1,1,1,1,810.12
6,2,1,7,3,3,2,3,2,2,1,739.13
6,2,1,7,4,6,2,1,1,1,1,1353.9
6,2,1,7,5,1,3,3,2,2,1,554.25
6,2,1,7,6,1,3,3,2,2,1,789.75
6,2,1,7,7,6,2,1,1,1,1,798.18
6,2,1,7,8,2,3,2,2,2,1,854.31
6,2,1,7,9,4,2,2,2,2,1,1047.2
6,2,1,7,10,9,1,1,1,1,1,1483.2
6,2,1,7,11,1,3,3,2,2,1,1086.9
6,2,1,7,12,5,3,1,1,1,1,814.9
6,2,1,7,13,7,1,3,1,1,1,642.9
6,2,1,7,14,8,1,2,1,1,1,585.84
6,2,1,7,15,7,1,3,1,1,1,561.06
6,2,1,7,16,5,3,1,1,1,1,953.91
6,2,1,7,17,1,3,3,2,2,1,648.42
6,2,1,7,18,8,1,2,1,1,1,606.23
6,2,1,7,19,6,2,1,1,1,1,746.56
6,2,1,7,20,4,2,2,2,2,1,1263.3
6,2,1,7,21,3,2,3,2,2,1,1040.8
6,2,1,7,22,1,3,3,1,2,0,586.5
6,2,1,7,23,4,2,2,2,2,1,1137
6,2,1,7,24,9,1,1,1,1,1,646.78
6,2,1,7,25,5,3,1,1,1,1,703.48
6,2,1,7,26,4,2,2,2,2,1,1027.5
6,2,1,7,27,7,1,3,1,1,1,1493.5
6,2,1,7,28,3,2,3,2,2,1,967.58
6,2,1,7,29,2,3,2,2,2,1,951.57
6,2,1,7,30,6,2,1,1,1,1,834.31
6,2,1,7,31,5,3,1,1,1,1,725.07
6,2,1,7,32,2,3,2,2,2,1,874.11
6,2,1,7,33,2,3,2,2,2,1,1037.7
6,2,1,7,34,3,2,3,2,2,1,886.15
6,2,1,7,35,6,2,1,1,1,1,700.6
6,2,1,7,36,8,1,2,1,1,1,563.94
6,2,1,7,37,2,3,2,2,2,1,662.37
6,2,1,7,38,8,1,2,1,1,1,600.56
6,2,1,7,39,7,1,3,1,1,1,627.11
6,2,1,7,40,7,1,3,1,1,1,486.35
6,2,1,7,41,5,3,1,1,1,1,826.81
6,2,1,7,42,8,1,2,1,1,1,475.69
6,2,1,7,43,9,1,1,1,1,1,471.6
6,2,1,7,44,4,2,2,2,2,1,1006
6,2,1,7,45,9,1,1,1,1,1,614.52
6,2,1,7,1,6,2,1,1,1,1,650.98
6,2,1,7,2,7,1,3,1,1,1,809.62
6,2,1,7,3,9,1,1,1,1,1,488.56
6,2,1,7,4,5,3,1,2,1,0,652.46
6,2,1,7,5,7,1,3,1,1,1,1280.6
6,2,1,7,6,9,1,1,1,1,1,791.54
6,2,1,7,7,2,3,2,2,2,1,878.48
6,2,1,7,8,7,1,3,1,1,1,550.87
6,2,1,7,9,1,3,3,2,2,1,580.61
6,2,1,7,10,6,2,1,1,1,1,1575.4
6,2,1,7,11,3,2,3,2,2,1,1002.1
6,2,1,7,12,4,2,2,2,2,1,832.35
6,2,1,7,13,3,2,3,2,2,1,919.72
6,2,1,7,14,4,2,2,2,2,1,842.2
6,2,1,7,15,8,1,2,1,1,1,571.46
6,2,1,7,16,2,3,2,1,2,0,723.46
6,2,1,7,17,5,3,1,1,1,1,886.57
6,2,1,7,18,8,1,2,1,1,1,747.84
6,2,1,7,19,7,1,3,1,1,1,609.72
6,2,1,7,20,2,3,2,2,2,1,794.38
6,2,1,7,21,9,1,1,1,1,1,585.15
6,2,1,7,22,5,3,1,2,1,0,2155.7
6,2,1,7,23,7,1,3,1,1,1,634.33
6,2,1,7,24,2,3,2,2,2,1,890.92
6,2,1,7,25,1,3,3,2,2,1,672.03
6,2,1,7,26,4,2,2,2,2,1,946.55
6,2,1,7,27,4,2,2,2,2,1,1200.7
6,2,1,7,28,8,1,2,1,1,1,560.32
6,2,1,7,29,3,2,3,2,2,1,622.96
6,2,1,7,30,5,3,1,1,1,1,864.88
6,2,1,7,31,2,3,2,2,2,1,620.08
6,2,1,7,32,6,2,1,1,1,1,818.9
6,2,1,7,33,1,3,3,2,2,1,510.9
6,2,1,7,34,6,2,1,1,1,1,643.81
6,2,1,7,35,5,3,1,1,1,1,717.49
6,2,1,7,36,1,3,3,2,2,1,997.04
6,2,1,7,37,9,1,1,1,1,1,736.31
6,2,1,7,38,6,2,1,1,1,1,1073.1
6,2,1,7,39,4,2,2,2,2,1,1077.6
6,2,1,7,40,8,1,2,1,1,1,499.53
6,2,1,7,41,3,2,3,2,2,1,979.15
6,2,1,7,42,8,1,2,1,1,1,952.9
6,2,1,7,43,9,1,1,1,1,1,589.96
6,2,1,7,44,1,3,3,2,2,1,609.72
6,2,1,7,45,3,2,3,2,2,1,884.53
6,2,1,7,1,5,3,1,1,1,1,966.74
6,2,1,7,2,9,1,1,1,1,1,719.96
6,2,1,7,3,4,2,2,2,2,1,1741.9
6,2,1,7,4,5,3,1,1,1,1,608.88
6,2,1,7,5,6,2,1,1,1,1,544.3
6,2,1,7,6,5,3,1,1,1,1,726.8
6,2,1,7,7,9,1,1,1,1,1,593.59
6,2,1,7,8,2,3,2,2,2,1,1364.8
6,2,1,7,9,3,2,3,2,2,1,890.47
6,2,1,7,10,3,2,3,2,2,1,993.92
6,2,1,7,11,2,3,2,2,2,1,687.19
6,2,1,7,12,5,3,1,1,1,1,784.97
6,2,1,7,13,1,3,3,2,2,1,568.62
6,2,1,7,14,1,3,3,2,2,1,650.55
6,2,1,7,15,4,2,2,2,2,1,1046.6
6,2,1,7,16,2,3,2,2,2,1,682.76
6,2,1,7,17,6,2,1,1,1,1,872.82
6,2,1,7,18,6,2,1,1,1,1,727.94
6,2,1,7,19,3,2,3,2,2,1,970.22
6,2,1,7,20,9,1,1,1,1,1,528.18
6,2,1,7,21,8,1,2,1,1,1,704.43
6,2,1,7,22,7,1,3,1,1,1,492.21
6,2,1,7,23,4,2,2,2,2,1,774.54
6,2,1,7,24,2,3,2,2,2,1,839.51
6,2,1,7,25,1,3,3,2,2,1,610.31
6,2,1,7,26,6,2,1,1,1,1,709.73
6,2,1,7,27,3,2,3,2,2,1,1372.9
6,2,1,7,28,7,1,3,1,1,1,669.37
6,2,1,7,29,2,3,2,2,2,1,996.75
6,2,1,7,30,7,1,3,1,1,1,735.87
6,2,1,7,31,3,2,3,1,2,0,671.88
6,2,1,7,32,6,2,1,1,1,1,1925
6,2,1,7,33,8,1,2,1,1,1,599.12
6,2,1,7,34,9,1,1,1,1,1,670.68
6,2,1,7,35,5,3,1,1,1,1,951.8
6,2,1,7,36,8,1,2,1,1,1,756.66
6,2,1,7,37,4,2,2,2,2,1,1078.2
6,2,1,7,38,8,1,2,1,1,1,787.93
6,2,1,7,39,4,2,2,2,2,1,875.48
6,2,1,7,40,1,3,3,2,2,1,725.76
6,2,1,7,41,9,1,1,1,1,1,686.13
6,2,1,7,42,7,1,3,1,1,1,956.3
6,2,1,7,43,7,1,3,1,1,1,1051.1
6,2,1,7,44,1,3,3,2,2,1,948.04
6,2,1,7,45,8,1,2,1,1,1,1680.4
6,2,1,7,1,2,3,2,2,2,1,706.92
6,2,1,7,2,5,3,1,1,1,1,629.7
6,2,1,7,3,8,1,2,1,1,1,748.66
6,2,1,7,4,2,3,2,2,2,1,693.34
6,2,1,7,5,6,2,1,1,1,1,767.58
6,2,1,7,6,9,1,1,1,1,1,1245.9
6,2,1,7,7,5,3,1,1,1,1,881.97
6,2,1,7,8,9,1,1,1,1,1,562.53
6,2,1,7,9,8,1,2,1,1,1,556.3
6,2,1,7,10,3,2,3,2,2,1,1175.6
6,2,1,7,11,4,2,2,2,2,1,1571.4
6,2,1,7,12,8,1,2,1,1,1,853.22
6,2,1,7,13,7,1,3,1,1,1,590.48
6,2,1,7,14,1,3,3,2,2,1,556.07
6,2,1,7,15,3,2,3,2,2,1,1038
6,2,1,7,16,4,2,2,2,2,1,1957.3
6,2,1,7,17,6,2,1,1,1,1,878.77
6,2,1,7,18,5,3,1,1,1,1,667.24
6,2,1,7,19,9,1,1,1,1,1,514.06
6,2,1,7,20,4,2,2,2,2,1,956
6,2,1,7,21,7,1,3,1,1,1,581.37
6,2,1,7,22,1,3,3,2,2,1,560.49
6,2,1,7,23,3,2,3,2,2,1,1327.7
6,2,1,7,24,5,3,1,1,1,1,989.39
6,2,1,7,25,6,2,1,1,1,1,715.3
6,2,1,7,26,7,1,3,1,1,1,787.49
6,2,1,7,27,4,2,2,2,2,1,1150.2
6,2,1,7,28,2,3,2,2,2,1,718.47
6,2,1,7,29,2,3,2,2,2,1,677.48
6,2,1,7,30,9,1,1,1,1,1,1026.6
6,2,1,7,31,1,3,3,2,2,1,568.7
6,2,1,7,32,5,3,1,1,1,1,829.15
6,2,1,7,33,2,3,2,2,2,1,607.44
6,2,1,7,34,9,1,1,1,1,1,1144
6,2,1,7,35,8,1,2,1,1,1,635.29
6,2,1,7,36,6,2,1,1,1,1,789.38
6,2,1,7,37,1,3,3,2,2,1,590.51
6,2,1,7,38,6,2,1,1,1,1,754.23
6,2,1,7,39,3,2,3,2,2,1,982.43
6,2,1,7,40,3,2,3,2,2,1,853.36
6,2,1,7,41,8,1,2,1,1,1,764.1
6,2,1,7,42,1,3,3,2,2,1,858.77
6,2,1,7,43,4,2,2,2,2,1,1720.4
6,2,1,7,44,7,1,3,1,1,1,1320.9
6,2,1,7,45,7,1,3,1,1,1,833.19
6,2,1,7,1,4,2,2,2,2,1,1133.4
6,2,1,7,2,8,1,2,1,1,1,1577.4
6,2,1,7,3,2,3,2,2,2,1,865.67
6,2,1,7,4,3,2,3,2,2,1,699.64
6,2,1,7,5,4,2,2,2,2,1,750.14
6,2,1,7,6,5,3,1,1,1,1,660.16
6,2,1,7,7,3,2,3,2,2,1,640.67
6,2,1,7,8,1,3,3,2,2,1,649.31
6,2,1,7,9,7,1,3,1,1,1,1017.6
6,2,1,7,10,9,1,1,1,1,1,925.73
6,2,1,7,11,4,2,2,2,2,1,1876.4
6,2,1,7,12,6,2,1,1,1,1,689.8
6,2,1,7,13,3,2,3,2,2,1,778.33
6,2,1,7,14,6,2,1,1,1,1,692.27
6,2,1,7,15,9,1,1,1,1,1,721.15
6,2,1,7,16,2,3,2,2,2,1,662.26
6,2,1,7,17,2,3,2,2,2,1,694.82
6,2,1,7,18,3,2,3,2,2,1,828.92
6,2,1,7,19,2,3,2,2,2,1,790.68
6,2,1,7,20,6,2,1,1,1,1,988.05
6,2,1,7,21,5,3,1,1,1,1,621.35
6,2,1,7,22,7,1,3,1,1,1,995.6
6,2,1,7,23,9,1,1,1,1,1,589.1
6,2,1,7,24,4,2,2,2,2,1,1112.4
6,2,1,7,25,8,1,2,1,1,1,707.54
6,2,1,7,26,1,3,3,2,2,1,694.66
6,2,1,7,27,7,1,3,1,1,1,652.6
6,2,1,7,28,2,3,2,2,2,1,700.32
6,2,1,7,29,1,3,3,2,2,1,580.69
6,2,1,7,30,3,2,3,2,2,1,607.81
6,2,1,7,31,7,1,3,1,1,1,705.79
6,2,1,7,32,8,1,2,1,1,1,606.88
6,2,1,7,33,9,1,1,1,1,1,602
6,2,1,7,34,4,2,2,2,2,1,1439.3
6,2,1,7,35,5,3,1,1,1,1,836.81
6,2,1,7,36,1,3,3,2,2,1,549.72
6,2,1,7,37,8,1,2,1,1,1,773.5
6,2,1,7,38,5,3,1,1,1,1,617.93
6,2,1,7,39,6,2,1,1,1,1,585.8
6,2,1,7,40,8,1,2,1,1,1,1442.6
6,2,1,7,41,9,1,1,1,1,1,550.08
6,2,1,7,42,7,1,3,1,1,1,1000.4
6,2,1,7,43,5,3,1,1,1,1,1216
6,2,1,7,44,1,3,3,2,2,1,639.58
6,2,1,7,45,6,2,1,1,1,1,653.86
6,2,1,7,1,6,2,1,1,1,1,722.18
6,2,1,7,2,3,2,3,2,2,1,650.1
6,2,1,7,3,2,3,2,2,2,1,832.92
6,2,1,7,4,9,1,1,1,1,1,1247
6,2,1,7,5,6,2,1,1,1,1,2008.5
6,2,1,7,6,1,3,3,2,2,1,776.65
6,2,1,7,7,1,3,3,2,2,1,753.61
6,2,1,7,8,6,2,1,1,1,1,951.11
6,2,1,7,9,2,3,2,2,2,1,644.7
6,2,1,7,10,4,2,2,2,2,1,931.23
6,2,1,7,11,7,1,3,1,1,1,630.51
6,2,1,7,12,7,1,3,1,1,1,549.33
6,2,1,7,13,8,1,2,1,1,1,648.55
6,2,1,7,14,1,3,3,2,2,1,569.35
6,2,1,7,15,5,3,1,1,1,1,628.13
6,2,1,7,16,8,1,2,1,1,1,1305.4
6,2,1,7,17,7,1,3,1,1,1,533.34
6,2,1,7,18,4,2,2,2,2,1,943.04
6,2,1,7,19,7,1,3,1,1,1,528.81
6,2,1,7,20,9,1,1,1,1,1,660.52
6,2,1,7,21,2,3,2,2,2,1,682.5
6,2,1,7,22,4,2,2,2,2,1,1657.8
6,2,1,7,23,2,3,2,2,2,1,840.4
6,2,1,7,24,5,3,1,1,1,1,804.92
6,2,1,7,25,8,1,2,1,1,1,1351.2
6,2,1,7,26,3,2,3,2,2,1,767.12
6,2,1,7,27,8,1,2,1,1,1,663.32
6,2,1,7,28,6,2,1,1,1,1,813.99
6,2,1,7,29,3,2,3,2,2,1,664.03
6,2,1,7,30,1,3,3,2,2,1,541.92
6,2,1,7,31,9,1,1,1,1,1,599.05
6,2,1,7,32,5,3,1,1,1,1,825.07
6,2,1,7,33,9,1,1,1,1,1,469.09
6,2,1,7,34,1,3,3,2,2,1,524.48
6,2,1,7,35,3,2,3,2,2,1,1544.1
6,2,1,7,36,8,1,2,1,1,1,628.61
6,2,1,7,37,4,2,2,2,2,1,943.28
6,2,1,7,38,2,3,2,2,2,1,1049.6
6,2,1,7,39,7,1,3,1,1,1,605.6
6,2,1,7,40,9,1,1,1,1,1,870.8
6,2,1,7,41,6,2,1,1,1,1,595.4
6,2,1,7,42,5,3,1,1,1,1,632.25
6,2,1,7,43,3,2,3,2,2,1,750.74
6,2,1,7,44,5,3,1,1,1,1,744.19
6,2,1,7,45,4,2,2,2,2,1,982.42
