403,4,1,6,1,4,2,2,2,2,1,174.68
403,4,1,6,2,1,3,3,2,2,1,1054.5
403,4,1,6,3,9,1,1,1,1,1,825.65
403,4,1,6,4,5,3,1,1,1,1,1209.6
403,4,1,6,5,3,2,3,2,2,1,706.52
403,4,1,6,6,7,1,3,1,1,1,692.74
403,4,1,6,7,6,2,1,1,1,1,1021.8
403,4,1,6,8,8,1,2,1,1,1,715.91
403,4,1,6,9,2,3,2,2,2,1,1022.6
403,4,1,6,10,9,1,1,1,1,1,800.45
403,4,1,6,11,6,2,1,2,1,0,2568.7
403,4,1,6,12,2,3,2,2,2,1,1141.7
403,4,1,6,13,9,1,1,1,1,1,656.03
403,4,1,6,14,5,3,1,1,1,1,2636.9
403,4,1,6,15,9,1,1,1,1,1,1282.9
403,4,1,6,16,2,3,2,2,2,1,1232.7
403,4,1,6,17,4,2,2,2,2,1,1001.8
403,4,1,6,18,1,3,3,2,2,1,1075.1
403,4,1,6,19,2,3,2,2,2,1,729.3
403,4,1,6,20,5,3,1,1,1,1,974.8
403,4,1,6,21,8,1,2,1,1,1,761.82
403,4,1,6,22,8,1,2,1,1,1,693.07
403,4,1,6,23,8,1,2,1,1,1,583.67
403,4,1,6,24,6,2,1,2,1,0,984.76
403,4,1,6,25,4,2,2,1,2,0,726.59
403,4,1,6,26,3,2,3,2,2,1,1208.4
403,4,1,6,27,7,1,3,1,1,1,889.9
403,4,1,6,28,5,3,1,1,1,1,1185.2
403,4,1,6,29,9,1,1,1,1,1,654.99
403,4,1,6,30,4,2,2,2,2,1,1008.6
403,4,1,6,31,3,2,3,2,2,1,752.56
403,4,1,6,32,6,2,1,1,1,1,959.64
403,4,1,6,33,1,3,3,2,2,1,1118
403,4,1,6,34,2,3,2,2,2,1,961.02
403,4,1,6,35,7,1,3,1,1,1,812.57
403,4,1,6,36,4,2,2,2,2,1,1626.1
403,4,1,6,37,7,1,3,1,1,1,608.3
403,4,1,6,38,6,2,1,1,1,1,1181.9
403,4,1,6,39,7,1,3,1,1,1,674.12
403,4,1,6,40,3,2,3,2,2,1,830.6
403,4,1,6,41,6,2,1,1,1,1,2295
403,4,1,6,42,8,1,2,1,1,1,650.34
403,4,1,6,43,5,3,1,1,1,1,965.88
403,4,1,6,44,9,1,1,1,1,1,770.25
403,4,1,6,45,7,1,3,1,1,1,1848.1
403,4,1,6,46,4,2,2,2,2,1,1084.7
403,4,1,6,47,2,3,2,2,2,1,800.45
403,4,1,6,48,1,3,3,2,2,1,785.16
403,4,1,6,49,5,3,1,1,1,1,1047.1
403,4,1,6,50,3,2,3,2,2,1,718.64
403,4,1,6,51,8,1,2,1,1,1,604.59
403,4,1,6,52,1,3,3,2,2,1,839.26
403,4,1,6,53,3,2,3,2,2,1,692.65
403,4,1,6,54,1,3,3,2,2,1,1361.4
403,4,1,6,1,4,2,2,2,2,1,1705.5
403,4,1,6,2,2,3,2,2,2,1,943.22
403,4,1,6,3,7,1,3,1,1,1,559.7
403,4,1,6,4,2,3,2,2,2,1,1142.5
403,4,1,6,5,7,1,3,1,1,1,572.16
403,4,1,6,6,9,1,1,1,1,1,587.03
403,4,1,6,7,4,2,2,2,2,1,1556.6
403,4,1,6,8,1,3,3,2,2,1,809.5
403,4,1,6,9,1,3,3,2,2,1,855.86
403,4,1,6,10,8,1,2,1,1,1,544.93
403,4,1,6,11,6,2,1,1,1,1,2020.9
403,4,1,6,12,4,2,2,2,2,1,891.1
403,4,1,6,13,1,3,3,2,2,1,818.9
403,4,1,6,14,2,3,2,2,2,1,630.83
403,4,1,6,15,8,1,2,1,1,1,566.48
403,4,1,6,16,8,1,2,1,1,1,566.5
403,4,1,6,17,1,3,3,2,2,1,894.13
403,4,1,6,18,2,3,2,2,2,1,627.69
403,4,1,6,19,6,2,1,1,1,1,830.27
403,4,1,6,20,2,3,2,2,2,1,783.35
403,4,1,6,21,7,1,3,1,1,1,629.12
403,4,1,6,22,5,3,1,1,1,1,941.69
403,4,1,6,23,7,1,3,1,1,1,939.4
403,4,1,6,24,4,2,2,2,2,1,1262
403,4,1,6,25,5,3,1,1,1,1,986.57
403,4,1,6,26,3,2,3,2,2,1,1126.9
403,4,1,6,27,9,1,1,1,1,1,687.44
403,4,1,6,28,1,3,3,2,2,1,669.07
403,4,1,6,29,9,1,1,1,1,1,537.18
403,4,1,6,30,9,1,1,1,1,1,802.99
403,4,1,6,31,6,2,1,1,1,1,1246.7
403,4,1,6,32,8,1,2,1,1,1,613.03
403,4,1,6,33,5,3,1,1,1,1,865.15
403,4,1,6,34,5,3,1,1,1,1,1523.9
403,4,1,6,35,9,1,1,1,1,1,1525.8
403,4,1,6,36,8,1,2,1,1,1,694.15
403,4,1,6,37,6,2,1,1,1,1,1310
403,4,1,6,38,6,2,1,1,1,1,1595
403,4,1,6,39,3,2,3,2,2,1,700.3
403,4,1,6,40,3,2,3,2,2,1,618.24
403,4,1,6,41,5,3,1,1,1,1,965.82
403,4,1,6,42,3,2,3,2,2,1,554.89
403,4,1,6,43,3,2,3,2,2,1,515.82
403,4,1,6,44,4,2,2,2,2,1,890.4
403,4,1,6,45,7,1,3,1,1,1,807.43
403,4,1,6,1,3,2,3,2,2,1,858.55
403,4,1,6,2,2,3,2,2,2,1,587.08
403,4,1,6,3,2,3,2,2,2,1,484.16
403,4,1,6,4,8,1,2,1,1,1,645.58
403,4,1,6,5,7,1,3,1,1,1,512.97
403,4,1,6,6,8,1,2,1,1,1,549.3
403,4,1,6,7,1,3,3,2,2,1,533.71
403,4,1,6,8,3,2,3,2,2,1,1046.4
403,4,1,6,9,7,1,3,1,1,1,526.11
403,4,1,6,10,6,2,1,1,1,1,1172.4
403,4,1,6,11,6,2,1,1,1,1,1138.1
403,4,1,6,12,1,3,3,2,2,1,746.44
403,4,1,6,13,5,3,1,1,1,1,811.69
403,4,1,6,14,9,1,1,1,1,1,634.63
403,4,1,6,15,4,2,2,2,2,1,1000.2
403,4,1,6,16,8,1,2,1,1,1,904.86
403,4,1,6,17,7,1,3,1,1,1,936.96
403,4,1,6,18,1,3,3,2,2,1,836.22
403,4,1,6,19,8,1,2,1,1,1,984.36
403,4,1,6,20,2,3,2,2,2,1,1174.6
403,4,1,6,21,4,2,2,2,2,1,1167.1
403,4,1,6,22,7,1,3,1,1,1,1051.8
403,4,1,6,23,5,3,1,1,1,1,980.36
403,4,1,6,24,6,2,1,1,1,1,1267.2
403,4,1,6,25,1,3,3,2,2,1,838.2
403,4,1,6,26,4,2,2,2,2,1,844.86
403,4,1,6,27,9,1,1,1,1,1,834.86
403,4,1,6,28,9,1,1,1,1,1,799.77
403,4,1,6,29,5,3,1,1,1,1,1176
403,4,1,6,30,9,1,1,1,1,1,868.88
403,4,1,6,31,3,2,3,2,2,1,1231.8
403,4,1,6,32,4,2,2,2,2,1,980.11
403,4,1,6,33,2,3,2,2,2,1,1273.7
403,4,1,6,34,3,2,3,2,2,1,1772.9
403,4,1,6,35,8,1,2,1,1,1,1335.7
403,4,1,6,36,5,3,1,1,1,1,1294.5
403,4,1,6,37,1,3,3,2,2,1,1105.6
403,4,1,6,38,9,1,1,1,1,1,1459.1
403,4,1,6,39,6,2,1,1,1,1,1000.7
403,4,1,6,40,4,2,2,2,2,1,773.79
403,4,1,6,41,3,2,3,2,2,1,1975.3
403,4,1,6,42,2,3,2,2,2,1,1108.1
403,4,1,6,43,5,3,1,1,1,1,1213.6
403,4,1,6,44,6,2,1,1,1,1,982.06
403,4,1,6,45,7,1,3,1,1,1,964.83
403,4,1,6,1,2,3,2,2,2,1,1040.2
403,4,1,6,2,4,2,2,2,2,1,763.1
403,4,1,6,3,9,1,1,1,1,1,606.01
403,4,1,6,4,8,1,2,1,1,1,621.61
403,4,1,6,5,4,2,2,2,2,1,1744.3
403,4,1,6,6,1,3,3,2,2,1,790.53
403,4,1,6,7,6,2,1,1,1,1,1162.7
403,4,1,6,8,5,3,1,1,1,1,915.32
403,4,1,6,9,7,1,3,1,1,1,681.97
403,4,1,6,10,9,1,1,1,1,1,687.48
403,4,1,6,11,9,1,1,1,1,1,617.66
403,4,1,6,12,1,3,3,2,2,1,1824.6
403,4,1,6,13,6,2,1,1,1,1,1950.7
403,4,1,6,14,5,3,1,1,1,1,1334.4
403,4,1,6,15,9,1,1,1,1,1,924.23
403,4,1,6,16,5,3,1,1,1,1,944.63
403,4,1,6,17,1,3,3,2,2,1,1088.5
403,4,1,6,18,7,1,3,1,1,1,1211.2
403,4,1,6,19,3,2,3,2,2,1,1109.6
403,4,1,6,20,1,3,3,2,2,1,1907.8
403,4,1,6,21,6,2,1,1,1,1,1303.1
403,4,1,6,22,8,1,2,1,1,1,891.37
403,4,1,6,23,3,2,3,2,2,1,859.53
403,4,1,6,24,1,3,3,2,2,1,682.95
403,4,1,6,25,7,1,3,1,1,1,640.1
403,4,1,6,26,8,1,2,1,1,1,673.96
403,4,1,6,27,2,3,2,2,2,1,1133.4
403,4,1,6,28,2,3,2,2,2,1,714.06
403,4,1,6,29,3,2,3,2,2,1,555.89
403,4,1,6,30,5,3,1,1,1,1,800.99
403,4,1,6,31,8,1,2,1,1,1,668.57
403,4,1,6,32,4,2,2,2,2,1,612.86
403,4,1,6,33,9,1,1,1,1,1,547.63
403,4,1,6,34,3,2,3,2,2,1,780.5
403,4,1,6,35,2,3,2,2,2,1,1723.7
403,4,1,6,36,8,1,2,1,1,1,916.06
403,4,1,6,37,4,2,2,1,2,0,2621.9
403,4,1,6,38,7,1,3,1,1,1,2166.4
403,4,1,6,39,6,2,1,1,1,1,3274.4
403,4,1,6,40,2,3,2,2,2,1,1134.5
403,4,1,6,41,5,3,1,1,1,1,1405.6
403,4,1,6,42,6,2,1,1,1,1,962.13
403,4,1,6,43,7,1,3,1,1,1,605.23
403,4,1,6,44,4,2,2,2,2,1,844.2
403,4,1,6,45,3,2,3,2,2,1,695.13
403,4,1,6,1,9,1,1,1,1,1,765.06
403,4,1,6,2,1,3,3,2,2,1,916.18
403,4,1,6,3,8,1,2,1,1,1,524.77
403,4,1,6,4,5,3,1,2,1,0,1113.3
403,4,1,6,5,7,1,3,1,1,1,593.96
403,4,1,6,6,2,3,2,2,2,1,632.43
403,4,1,6,7,3,2,3,2,2,1,725.71
403,4,1,6,8,1,3,3,2,2,1,545.74
403,4,1,6,9,3,2,3,2,2,1,748.42
403,4,1,6,10,2,3,2,2,2,1,781.39
403,4,1,6,11,4,2,2,2,2,1,1071.1
403,4,1,6,12,2,3,2,2,2,1,895.79
403,4,1,6,13,5,3,1,1,1,1,869.59
403,4,1,6,14,3,2,3,2,2,1,1051
403,4,1,6,15,7,1,3,1,1,1,619.59
403,4,1,6,16,4,2,2,2,2,1,1448.6
403,4,1,6,17,9,1,1,1,1,1,568.6
403,4,1,6,18,1,3,3,2,2,1,595.91
403,4,1,6,19,4,2,2,2,2,1,614.19
403,4,1,6,20,9,1,1,1,1,1,591.96
403,4,1,6,21,8,1,2,1,1,1,659.82
403,4,1,6,22,6,2,1,1,1,1,971.43
403,4,1,6,23,7,1,3,1,1,1,618.09
403,4,1,6,24,3,2,3,2,2,1,846.35
403,4,1,6,25,6,2,1,1,1,1,1045.8
403,4,1,6,26,4,2,2,2,2,1,1250
403,4,1,6,27,9,1,1,1,1,1,647.49
403,4,1,6,28,4,2,2,2,2,1,965.83
403,4,1,6,29,8,1,2,1,1,1,1125.8
403,4,1,6,30,1,3,3,2,2,1,775.02
403,4,1,6,31,5,3,1,1,1,1,1157.2
403,4,1,6,32,2,3,2,2,2,1,762.57
403,4,1,6,33,7,1,3,1,1,1,1408.2
403,4,1,6,34,5,3,1,1,1,1,1109.1
403,4,1,6,35,8,1,2,1,1,1,677.35
403,4,1,6,36,3,2,3,2,2,1,725.26
403,4,1,6,37,8,1,2,1,1,1,568.41
403,4,1,6,38,6,2,1,1,1,1,873.45
403,4,1,6,39,6,2,1,1,1,1,977.73
403,4,1,6,40,7,1,3,1,1,1,549.48
403,4,1,6,41,5,3,1,1,1,1,823.54
403,4,1,6,42,2,3,2,2,2,1,1684.5
403,4,1,6,43,6,2,1,1,1,1,1719.4
403,4,1,6,44,1,3,3,2,2,1,705.78
403,4,1,6,45,9,1,1,1,1,1,685.09
403,4,1,6,1,3,2,3,2,2,1,966.6
403,4,1,6,2,2,3,2,2,2,1,605.85
403,4,1,6,3,8,1,2,1,1,1,979.41
403,4,1,6,4,8,1,2,1,1,1,932.69
403,4,1,6,5,8,1,2,1,1,1,615.47
403,4,1,6,6,1,3,3,2,2,1,798.6
403,4,1,6,7,2,3,2,2,2,1,837.23
403,4,1,6,8,5,3,1,1,1,1,1415.3
403,4,1,6,9,3,2,3,2,2,1,577.92
403,4,1,6,10,2,3,2,2,2,1,658.28
403,4,1,6,11,6,2,1,1,1,1,916.14
403,4,1,6,12,1,3,3,2,2,1,1301.5
403,4,1,6,13,4,2,2,2,2,1,1275.7
403,4,1,6,14,5,3,1,1,1,1,898.48
403,4,1,6,15,7,1,3,1,1,1,854.26
403,4,1,6,16,4,2,2,2,2,1,681.19
403,4,1,6,17,3,2,3,2,2,1,1792.7
403,4,1,6,18,4,2,2,2,2,1,1107.6
403,4,1,6,19,2,3,2,2,2,1,813.94
403,4,1,6,20,9,1,1,1,1,1,780.32
403,4,1,6,21,5,3,1,1,1,1,872.37
403,4,1,6,22,1,3,3,2,2,1,639.39
403,4,1,6,23,7,1,3,1,1,1,651.18
403,4,1,6,24,3,2,3,2,2,1,747.96
403,4,1,6,25,8,1,2,1,1,1,607.89
403,4,1,6,26,6,2,1,1,1,1,1576.2
403,4,1,6,27,6,2,1,1,1,1,1478.4
403,4,1,6,28,7,1,3,1,1,1,663.91
403,4,1,6,29,9,1,1,1,1,1,631.47
403,4,1,6,30,3,2,3,2,2,1,639.36
403,4,1,6,31,5,3,1,1,1,1,982.59
403,4,1,6,32,4,2,2,2,2,1,2354.1
403,4,1,6,33,9,1,1,1,1,1,637.91
403,4,1,6,34,4,2,2,2,2,1,869.85
403,4,1,6,35,7,1,3,1,1,1,892.19
403,4,1,6,36,6,2,1,1,1,1,1077.9
403,4,1,6,37,9,1,1,1,1,1,1480.5
403,4,1,6,38,6,2,1,1,1,1,1459.6
403,4,1,6,39,1,3,3,2,2,1,781.65
403,4,1,6,40,8,1,2,1,1,1,669.4
403,4,1,6,41,1,3,3,2,2,1,767.76
403,4,1,6,42,2,3,2,2,2,1,661.16
403,4,1,6,43,7,1,3,1,1,1,596.06
403,4,1,6,44,5,3,1,1,1,1,770.79
403,4,1,6,45,9,1,1,1,1,1,679.64
403,4,1,6,1,4,2,2,2,2,1,1453.4
403,4,1,6,2,5,3,1,1,1,1,1602.8
403,4,1,6,3,5,3,1,1,1,1,898.36
403,4,1,6,4,6,2,1,1,1,1,1260.7
403,4,1,6,5,5,3,1,1,1,1,798.85
403,4,1,6,6,3,2,3,2,2,1,562.97
403,4,1,6,7,7,1,3,1,1,1,566.23
403,4,1,6,8,1,3,3,2,2,1,704.54
403,4,1,6,9,7,1,3,1,1,1,763.12
403,4,1,6,10,3,2,3,2,2,1,710.78
403,4,1,6,11,9,1,1,1,1,1,569.5
403,4,1,6,12,3,2,3,2,2,1,563.65
403,4,1,6,13,1,3,3,2,2,1,778.39
403,4,1,6,14,8,1,2,1,1,1,601.71
403,4,1,6,15,4,2,2,2,2,1,1225.1
403,4,1,6,16,2,3,2,2,2,1,716.5
403,4,1,6,17,9,1,1,1,1,1,569.14
403,4,1,6,18,7,1,3,1,1,1,1286
403,4,1,6,19,1,3,3,2,2,1,592.07
403,4,1,6,20,4,2,2,2,2,1,617.48
403,4,1,6,21,3,2,3,2,2,1,684.33
403,4,1,6,22,6,2,1,1,1,1,906.38
403,4,1,6,23,4,2,2,2,2,1,597.71
403,4,1,6,24,6,2,1,1,1,1,851.75
403,4,1,6,25,9,1,1,1,1,1,530.06
403,4,1,6,26,5,3,1,1,1,1,867.03
403,4,1,6,27,2,3,2,2,2,1,654.5
403,4,1,6,28,8,1,2,1,1,1,559.4
403,4,1,6,29,5,3,1,1,1,1,746.26
403,4,1,6,30,8,1,2,1,1,1,857.04
403,4,1,6,31,3,2,3,2,2,1,609.95
403,4,1,6,32,2,3,2,2,2,1,911.03
403,4,1,6,33,8,1,2,1,1,1,565.66
403,4,1,6,34,2,3,2,2,2,1,795.01
403,4,1,6,35,4,2,2,2,2,1,675.54
403,4,1,6,36,7,1,3,1,1,1,644.76
403,4,1,6,37,8,1,2,1,1,1,535.87
403,4,1,6,38,1,3,3,2,2,1,949.67
403,4,1,6,39,7,1,3,1,1,1,836.24
403,4,1,6,40,1,3,3,2,2,1,656.3
403,4,1,6,41,9,1,1,1,1,1,593.97
403,4,1,6,42,2,3,2,2,2,1,803.69
403,4,1,6,43,6,2,1,1,1,1,817.41
403,4,1,6,44,9,1,1,1,1,1,609.44
403,4,1,6,45,6,2,1,1,1,1,837.21
403,4,1,6,1,2,3,2,2,2,1,1377.9
403,4,1,6,2,2,3,2,2,2,1,1107.1
403,4,1,6,3,1,3,3,2,2,1,752.54
403,4,1,6,4,5,3,1,1,1,1,753.3
403,4,1,6,5,7,1,3,1,1,1,612.05
403,4,1,6,6,7,1,3,1,1,1,668.95
403,4,1,6,7,1,3,3,2,2,1,609.05
403,4,1,6,8,7,1,3,1,1,1,598.13
403,4,1,6,9,4,2,2,2,2,1,771.42
403,4,1,6,10,4,2,2,2,2,1,1025
403,4,1,6,11,5,3,1,1,1,1,1161.8
403,4,1,6,12,2,3,2,2,2,1,1190.4
403,4,1,6,13,4,2,2,2,2,1,942.49
403,4,1,6,14,8,1,2,1,1,1,1042.9
403,4,1,6,15,7,1,3,1,1,1,803.33
403,4,1,6,16,1,3,3,2,2,1,864.06
403,4,1,6,17,8,1,2,1,1,1,873.03
403,4,1,6,18,5,3,1,1,1,1,951.65
403,4,1,6,19,3,2,3,2,2,1,828.88
403,4,1,6,20,6,2,1,1,1,1,841.11
403,4,1,6,21,3,2,3,2,2,1,1278.3
403,4,1,6,22,3,2,3,2,2,1,1300.4
403,4,1,6,23,2,3,2,2,2,1,981.2
403,4,1,6,24,6,2,1,1,1,1,749.05
403,4,1,6,25,4,2,2,2,2,1,804.58
403,4,1,6,26,7,1,3,1,1,1,683.17
403,4,1,6,27,4,2,2,2,2,1,821.72
403,4,1,6,28,9,1,1,1,1,1,662.57
403,4,1,6,29,9,1,1,1,1,1,572.41
403,4,1,6,30,9,1,1,1,1,1,1142.2
403,4,1,6,31,8,1,2,1,1,1,554.04
403,4,1,6,32,9,1,1,1,1,1,793.99
403,4,1,6,33,8,1,2,1,1,1,600.04
403,4,1,6,34,3,2,3,2,2,1,942.48
403,4,1,6,35,1,3,3,2,2,1,822.44
403,4,1,6,36,5,3,1,1,1,1,918.01
403,4,1,6,37,5,3,1,1,1,1,1261.5
403,4,1,6,38,6,2,1,1,1,1,1011.6
403,4,1,6,39,3,2,3,2,2,1,647.08
403,4,1,6,40,6,2,1,1,1,1,802.02
403,4,1,6,41,9,1,1,1,1,1,892.67
403,4,1,6,42,6,2,1,1,1,1,890.23
403,4,1,6,43,8,1,2,1,1,1,1223.9
403,4,1,6,44,2,3,2,2,2,1,1509
403,4,1,6,45,1,3,3,2,2,1,657.78
403,4,1,6,1,8,1,2,1,1,1,792.15
403,4,1,6,2,7,1,3,1,1,1,599.56
403,4,1,6,3,9,1,1,1,1,1,579.13
403,4,1,6,4,2,3,2,2,2,1,805.92
403,4,1,6,5,2,3,2,2,2,1,1137.1
403,4,1,6,6,6,2,1,1,1,1,804.77
403,4,1,6,7,6,2,1,1,1,1,1179.9
403,4,1,6,8,5,3,1,1,1,1,957.2
403,4,1,6,9,3,2,3,2,2,1,693.62
403,4,1,6,10,4,2,2,2,2,1,718.71
403,4,1,6,11,1,3,3,2,2,1,592.77
403,4,1,6,12,7,1,3,1,1,1,591.51
403,4,1,6,13,1,3,3,2,2,1,615.06
403,4,1,6,14,8,1,2,1,1,1,623.36
403,4,1,6,15,2,3,2,2,2,1,709.79
403,4,1,6,16,2,3,2,2,2,1,685.6
403,4,1,6,17,3,2,3,2,2,1,835.45
403,4,1,6,18,1,3,3,2,2,1,728.24
403,4,1,6,19,8,1,2,1,1,1,879.32
403,4,1,6,20,3,2,3,2,2,1,790.46
403,4,1,6,21,4,2,2,2,2,1,966.08
403,4,1,6,22,5,3,1,1,1,1,840.99
403,4,1,6,23,1,3,3,2,2,1,752.85
403,4,1,6,24,8,1,2,1,1,1,671.71
403,4,1,6,25,7,1,3,1,1,1,926.7
403,4,1,6,26,4,2,2,2,2,1,822.45
403,4,1,6,27,6,2,1,1,1,1,1529.6
403,4,1,6,28,8,1,2,1,1,1,706.72
403,4,1,6,29,9,1,1,1,1,1,718
403,4,1,6,30,9,1,1,1,1,1,608.56
403,4,1,6,31,6,2,1,1,1,1,1595.1
403,4,1,6,32,5,3,1,1,1,1,854.85
403,4,1,6,33,4,2,2,2,2,1,1334.7
403,4,1,6,34,2,3,2,2,2,1,780.14
403,4,1,6,35,3,2,3,2,2,1,1072
403,4,1,6,36,5,3,1,1,1,1,1285.7
403,4,1,6,37,7,1,3,1,1,1,883.3
403,4,1,6,38,9,1,1,1,1,1,631.72
403,4,1,6,39,4,2,2,2,2,1,695.39
403,4,1,6,40,1,3,3,2,2,1,737.22
403,4,1,6,41,9,1,1,1,1,1,784.55
403,4,1,6,42,6,2,1,1,1,1,979.9
403,4,1,6,43,3,2,3,2,2,1,549.3
403,4,1,6,44,5,3,1,1,1,1,842.9
403,4,1,6,45,7,1,3,1,1,1,659.68
403,4,1,6,1,8,1,2,1,1,1,1335.6
403,4,1,6,2,7,1,3,1,1,1,775.92
403,4,1,6,3,6,2,1,1,1,1,2137
403,4,1,6,4,6,2,1,1,1,1,1731.3
403,4,1,6,5,7,1,3,1,1,1,695.62
403,4,1,6,6,2,3,2,2,2,1,917.32
403,4,1,6,7,9,1,1,1,1,1,559.1
403,4,1,6,8,3,2,3,2,2,1,653.23
403,4,1,6,9,4,2,2,2,2,1,949.08
403,4,1,6,10,6,2,1,1,1,1,799.84
403,4,1,6,11,3,2,3,2,2,1,911.24
403,4,1,6,12,1,3,3,2,2,1,718.16
403,4,1,6,13,9,1,1,1,1,1,617.81
403,4,1,6,14,8,1,2,1,1,1,960.38
403,4,1,6,15,8,1,2,1,1,1,990.79
403,4,1,6,16,9,1,1,1,1,1,1531
403,4,1,6,17,1,3,3,2,2,1,989.65
403,4,1,6,18,2,3,2,2,2,1,1013.7
403,4,1,6,19,8,1,2,1,1,1,618.59
403,4,1,6,20,7,1,3,1,1,1,983.83
403,4,1,6,21,1,3,3,2,2,1,975.8
403,4,1,6,22,5,3,1,1,1,1,1371.7
403,4,1,6,23,7,1,3,1,1,1,726.15
403,4,1,6,24,4,2,2,2,2,1,1124.2
403,4,1,6,25,9,1,1,1,1,1,935.66
403,4,1,6,26,5,3,1,1,1,1,2397.9
403,4,1,6,27,9,1,1,1,1,1,1562
403,4,1,6,28,4,2,2,2,2,1,1039.4
403,4,1,6,29,5,3,1,1,1,1,1237.8
403,4,1,6,30,2,3,2,2,2,1,909.71
403,4,1,6,31,1,3,3,2,2,1,661.19
403,4,1,6,32,2,3,2,2,2,1,759.7
403,4,1,6,33,1,3,3,2,2,1,798.63
403,4,1,6,34,5,3,1,1,1,1,850.59
403,4,1,6,35,2,3,2,2,2,1,739.49
403,4,1,6,36,3,2,3,2,2,1,1208.3
403,4,1,6,37,3,2,3,2,2,1,1138.3
403,4,1,6,38,5,3,1,1,1,1,725.27
403,4,1,6,39,7,1,3,1,1,1,1003.4
403,4,1,6,40,4,2,2,2,2,1,762.22
403,4,1,6,41,8,1,2,1,1,1,618.18
403,4,1,6,42,6,2,1,1,1,1,1194.2
403,4,1,6,43,3,2,3,2,2,1,848.65
403,4,1,6,44,4,2,2,2,2,1,944.82
403,4,1,6,45,6,2,1,1,1,1,989.24
