306,3,1,6,1,7,1,3,1,1,1,961.67
306,3,1,6,2,8,1,2,1,1,1,1489.5
306,3,1,6,3,3,2,3,2,2,1,861.92
306,3,1,6,4,1,3,3,2,2,1,673.73
306,3,1,6,5,5,3,1,1,1,1,1019
306,3,1,6,6,2,3,2,2,2,1,627.4
306,3,1,6,7,6,2,1,1,1,1,1315.2
306,3,1,6,8,9,1,1,1,1,1,821.82
306,3,1,6,9,4,2,2,2,2,1,965.59
306,3,1,6,10,5,3,1,1,1,1,656.42
306,3,1,6,11,6,2,1,1,1,1,522.05
306,3,1,6,12,4,2,2,1,2,0,519.23
306,3,1,6,13,4,2,2,2,2,1,876.51
306,3,1,6,14,1,3,3,2,2,1,756.85
306,3,1,6,15,7,1,3,1,1,1,708.19
306,3,1,6,16,1,3,3,2,2,1,665.01
306,3,1,6,17,1,3,3,2,2,1,708.93
306,3,1,6,18,2,3,2,2,2,1,749.87
306,3,1,6,19,6,2,1,2,1,0,1333.3
306,3,1,6,20,3,2,3,2,2,1,629.36
306,3,1,6,21,3,2,3,2,2,1,1039
306,3,1,6,22,8,1,2,1,1,1,515.52
306,3,1,6,23,8,1,2,1,1,1,706
306,3,1,6,24,9,1,1,1,1,1,526.04
306,3,1,6,25,3,2,3,2,2,1,643.83
306,3,1,6,26,7,1,3,1,1,1,622.83
306,3,1,6,27,9,1,1,1,1,1,553.44
306,3,1,6,28,5,3,1,1,1,1,1228.5
306,3,1,6,29,5,3,1,1,1,1,551.01
306,3,1,6,30,6,2,1,1,1,1,1728.6
306,3,1,6,31,4,2,2,2,2,1,1501.1
306,3,1,6,32,5,3,1,1,1,1,658.58
306,3,1,6,33,7,1,3,1,1,1,854.71
306,3,1,6,34,3,2,3,2,2,1,637.88
306,3,1,6,35,6,2,1,1,1,1,572.22
306,3,1,6,36,2,3,2,2,2,1,664.87
306,3,1,6,37,8,1,2,1,1,1,681.65
306,3,1,6,38,4,2,2,1,2,0,1715.1
306,3,1,6,39,9,1,1,1,1,1,571.53
306,3,1,6,40,3,2,3,2,2,1,641.98
306,3,1,6,41,8,1,2,1,1,1,804.76
306,3,1,6,42,1,3,3,2,2,1,592.03
306,3,1,6,43,9,1,1,1,1,1,560.83
306,3,1,6,44,2,3,2,2,2,1,966.79
306,3,1,6,45,4,2,2,2,2,1,844.14
306,3,1,6,46,8,1,2,1,1,1,716.59
306,3,1,6,47,6,2,1,1,1,1,1194.8
306,3,1,6,48,2,3,2,2,2,1,716.46
306,3,1,6,49,5,3,1,2,1,0,1125.8
306,3,1,6,50,9,1,1,1,1,1,594.63
306,3,1,6,51,7,1,3,1,1,1,795.82
306,3,1,6,52,7,1,3,1,1,1,915.27
306,3,1,6,53,1,3,3,2,2,1,842.72
306,3,1,6,54,2,3,2,2,2,1,541.85
306,3,1,6,1,7,1,3,1,1,1,694.7
306,3,1,6,2,4,2,2,2,2,1,1276
306,3,1,6,3,3,2,3,2,2,1,567.75
306,3,1,6,4,9,1,1,1,1,1,625.64
306,3,1,6,5,2,3,2,2,2,1,697.8
306,3,1,6,6,2,3,2,2,2,1,707.71
306,3,1,6,7,1,3,3,2,2,1,521.38
306,3,1,6,8,9,1,1,1,1,1,764.91
306,3,1,6,9,6,2,1,1,1,1,557.32
306,3,1,6,10,4,2,2,2,2,1,1946.7
306,3,1,6,11,6,2,1,1,1,1,1423.4
306,3,1,6,12,2,3,2,2,2,1,573.13
306,3,1,6,13,5,3,1,1,1,1,699.27
306,3,1,6,14,3,2,3,2,2,1,578.27
306,3,1,6,15,3,2,3,2,2,1,975.95
306,3,1,6,16,2,3,2,2,2,1,815.22
306,3,1,6,17,6,2,1,1,1,1,1124.4
306,3,1,6,18,5,3,1,1,1,1,561.6
306,3,1,6,19,9,1,1,1,1,1,542.66
306,3,1,6,20,7,1,3,1,1,1,655.88
306,3,1,6,21,5,3,1,1,1,1,865.83
306,3,1,6,22,8,1,2,1,1,1,576.09
306,3,1,6,23,7,1,3,1,1,1,553.95
306,3,1,6,24,3,2,3,1,2,0,838.96
306,3,1,6,25,5,3,1,1,1,1,936.57
306,3,1,6,26,1,3,3,2,2,1,878.2
306,3,1,6,27,6,2,1,1,1,1,601.64
306,3,1,6,28,1,3,3,2,2,1,1147.7
306,3,1,6,29,8,1,2,1,1,1,1164.8
306,3,1,6,30,7,1,3,1,1,1,628.74
306,3,1,6,31,6,2,1,1,1,1,532.71
306,3,1,6,32,4,2,2,1,2,0,1089.6
306,3,1,6,33,4,2,2,1,2,0,1999.9
306,3,1,6,34,9,1,1,1,1,1,547.39
306,3,1,6,35,2,3,2,2,2,1,891.17
306,3,1,6,36,8,1,2,1,1,1,851.65
306,3,1,6,37,9,1,1,1,1,1,470.41
306,3,1,6,38,3,2,3,2,2,1,748.65
306,3,1,6,39,8,1,2,1,1,1,702.74
306,3,1,6,40,8,1,2,1,1,1,627.62
306,3,1,6,41,1,3,3,2,2,1,724.97
306,3,1,6,42,5,3,1,1,1,1,2088.4
306,3,1,6,43,4,2,2,1,2,0,1511.3
306,3,1,6,44,1,3,3,2,2,1,591.55
306,3,1,6,45,7,1,3,1,1,1,748.76
306,3,1,6,1,5,3,1,1,1,1,1220.4
306,3,1,6,2,7,1,3,1,1,1,839.96
306,3,1,6,3,2,3,2,2,2,1,1083.3
306,3,1,6,4,3,2,3,2,2,1,1179.3
306,3,1,6,5,3,2,3,2,2,1,752.77
306,3,1,6,6,4,2,2,2,2,1,1371.9
306,3,1,6,7,7,1,3,1,1,1,651.61
306,3,1,6,8,9,1,1,1,1,1,561.29
306,3,1,6,9,9,1,1,1,1,1,544.16
306,3,1,6,10,5,3,1,1,1,1,925.5
306,3,1,6,11,6,2,1,1,1,1,686.1
306,3,1,6,12,7,1,3,1,1,1,832.29
306,3,1,6,13,4,2,2,2,2,1,969.55
306,3,1,6,14,3,2,3,2,2,1,1102.7
306,3,1,6,15,5,3,1,1,1,1,898.51
306,3,1,6,16,2,3,2,2,2,1,1360.3
306,3,1,6,17,2,3,2,2,2,1,1510.6
306,3,1,6,18,6,2,1,1,1,1,1536.3
306,3,1,6,19,9,1,1,1,1,1,1043.2
306,3,1,6,20,4,2,2,2,2,1,922.89
306,3,1,6,21,6,2,1,1,1,1,641.31
306,3,1,6,22,4,2,2,2,2,1,1836.5
306,3,1,6,23,1,3,3,2,2,1,1045.6
306,3,1,6,24,1,3,3,2,2,1,965.73
306,3,1,6,25,7,1,3,1,1,1,1078.7
306,3,1,6,26,8,1,2,1,1,1,510.88
306,3,1,6,27,1,3,3,2,2,1,978.61
306,3,1,6,28,8,1,2,1,1,1,718.66
306,3,1,6,29,8,1,2,1,1,1,516.82
306,3,1,6,30,5,3,1,1,1,1,1004.3
306,3,1,6,31,8,1,2,1,1,1,641.24
306,3,1,6,32,8,1,2,1,1,1,1112.4
306,3,1,6,33,9,1,1,1,1,1,720.22
306,3,1,6,34,9,1,1,1,1,1,560.28
306,3,1,6,35,6,2,1,1,1,1,1124.7
306,3,1,6,36,2,3,2,2,2,1,735.86
306,3,1,6,37,7,1,3,1,1,1,668.89
306,3,1,6,38,1,3,3,2,2,1,710.79
306,3,1,6,39,1,3,3,2,2,1,752.42
306,3,1,6,40,5,3,1,1,1,1,948.3
306,3,1,6,41,3,2,3,2,2,1,603.82
306,3,1,6,42,4,2,2,2,2,1,1260.9
306,3,1,6,43,6,2,1,1,1,1,963.14
306,3,1,6,44,3,2,3,2,2,1,581.28
306,3,1,6,45,2,3,2,2,2,1,983.12
306,3,1,6,1,6,2,1,1,1,1,798.01
306,3,1,6,2,8,1,2,1,1,1,805.24
306,3,1,6,3,7,1,3,1,1,1,1277.4
306,3,1,6,4,4,2,2,2,2,1,1192.5
306,3,1,6,5,7,1,3,1,1,1,642.16
306,3,1,6,6,9,1,1,1,1,1,563.56
306,3,1,6,7,5,3,1,1,1,1,1029.1
306,3,1,6,8,2,3,2,2,2,1,689.73
306,3,1,6,9,4,2,2,2,2,1,791.12
306,3,1,6,10,7,1,3,1,1,1,709.02
306,3,1,6,11,1,3,3,2,2,1,695.39
306,3,1,6,12,2,3,2,2,2,1,823.7
306,3,1,6,13,5,3,1,1,1,1,912.84
306,3,1,6,14,1,3,3,2,2,1,692.63
306,3,1,6,15,2,3,2,1,2,0,2162.3
306,3,1,6,16,3,2,3,2,2,1,1220.5
306,3,1,6,17,1,3,3,2,2,1,645.51
306,3,1,6,18,1,3,3,2,2,1,541.82
306,3,1,6,19,9,1,1,1,1,1,533.86
306,3,1,6,20,8,1,2,1,1,1,509.49
306,3,1,6,21,3,2,3,1,2,0,552.79
306,3,1,6,22,7,1,3,1,1,1,567.98
306,3,1,6,23,4,2,2,2,2,1,1346.4
306,3,1,6,24,2,3,2,2,2,1,702.86
306,3,1,6,25,9,1,1,1,1,1,564.28
306,3,1,6,26,1,3,3,2,2,1,1017.6
306,3,1,6,27,8,1,2,1,1,1,664.87
306,3,1,6,28,3,2,3,2,2,1,1049.4
306,3,1,6,29,8,1,2,1,1,1,579.22
306,3,1,6,30,8,1,2,1,1,1,515.85
306,3,1,6,31,6,2,1,1,1,1,1233.2
306,3,1,6,32,6,2,1,1,1,1,1237.3
306,3,1,6,33,6,2,1,1,1,1,546.91
306,3,1,6,34,5,3,1,1,1,1,905.22
306,3,1,6,35,9,1,1,1,1,1,662.46
306,3,1,6,36,3,2,3,2,2,1,1056
306,3,1,6,37,6,2,1,1,1,1,1054.1
306,3,1,6,38,4,2,2,2,2,1,617.67
306,3,1,6,39,4,2,2,2,2,1,1774.8
306,3,1,6,40,5,3,1,1,1,1,1069.2
306,3,1,6,41,7,1,3,1,1,1,904.87
306,3,1,6,42,5,3,1,1,1,1,1239.8
306,3,1,6,43,3,2,3,2,2,1,1994.5
306,3,1,6,44,9,1,1,1,1,1,781.13
306,3,1,6,45,2,3,2,2,2,1,646.83
306,3,1,6,1,1,3,3,2,2,1,795.04
306,3,1,6,2,2,3,2,2,2,1,661.95
306,3,1,6,3,8,1,2,1,1,1,686.15
306,3,1,6,4,4,2,2,2,2,1,931.08
306,3,1,6,5,6,2,1,1,1,1,736.05
306,3,1,6,6,6,2,1,1,1,1,484.56
306,3,1,6,7,5,3,1,1,1,1,487.31
306,3,1,6,8,9,1,1,1,1,1,513.19
306,3,1,6,9,9,1,1,1,1,1,560.58
306,3,1,6,10,8,1,2,1,1,1,1245.1
306,3,1,6,11,4,2,2,2,2,1,854.02
306,3,1,6,12,3,2,3,2,2,1,1501.2
306,3,1,6,13,8,1,2,1,1,1,740.07
306,3,1,6,14,4,2,2,2,2,1,2155.8
306,3,1,6,15,5,3,1,1,1,1,946.7
306,3,1,6,16,1,3,3,2,2,1,590.52
306,3,1,6,17,1,3,3,2,2,1,674.63
306,3,1,6,18,9,1,1,1,1,1,843.63
306,3,1,6,19,7,1,3,1,1,1,838.69
306,3,1,6,20,6,2,1,1,1,1,2297.4
306,3,1,6,21,1,3,3,2,2,1,644.67
306,3,1,6,22,2,3,2,2,2,1,897.18
306,3,1,6,23,3,2,3,2,2,1,648.15
306,3,1,6,24,2,3,2,2,2,1,832.19
306,3,1,6,25,6,2,1,1,1,1,799.42
306,3,1,6,26,4,2,2,2,2,1,1208.7
306,3,1,6,27,7,1,3,1,1,1,1087.1
306,3,1,6,28,8,1,2,1,1,1,544.49
306,3,1,6,29,8,1,2,1,1,1,529.34
306,3,1,6,30,9,1,1,1,1,1,2836.3
306,3,1,6,31,5,3,1,1,1,1,3609.1
306,3,1,6,32,2,3,2,2,2,1,694.5
306,3,1,6,33,3,2,3,2,2,1,2029.5
306,3,1,6,34,4,2,2,2,2,1,708.17
306,3,1,6,35,7,1,3,1,1,1,863.8
306,3,1,6,36,7,1,3,1,1,1,627.98
306,3,1,6,37,2,3,2,2,2,1,1001
306,3,1,6,38,6,2,1,1,1,1,917.63
306,3,1,6,39,5,3,1,1,1,1,1140.1
306,3,1,6,40,9,1,1,1,1,1,1685.3
306,3,1,6,41,1,3,3,2,2,1,1420.5
306,3,1,6,42,7,1,3,1,1,1,3240.8
306,3,1,6,43,5,3,1,1,1,1,1180.8
306,3,1,6,44,3,2,3,2,2,1,620.26
306,3,1,6,45,3,2,3,2,2,1,850.54
306,3,1,6,1,4,2,2,2,2,1,2490
306,3,1,6,2,6,2,1,1,1,1,922.01
306,3,1,6,3,1,3,3,2,2,1,816.23
306,3,1,6,4,6,2,1,1,1,1,944.58
306,3,1,6,5,2,3,2,2,2,1,1124.6
306,3,1,6,6,1,3,3,2,2,1,537.76
306,3,1,6,7,7,1,3,1,1,1,678.55
306,3,1,6,8,4,2,2,2,2,1,1319.7
306,3,1,6,9,3,2,3,2,2,1,1001.6
306,3,1,6,10,5,3,1,1,1,1,1062.3
306,3,1,6,11,5,3,1,1,1,1,784.43
306,3,1,6,12,1,3,3,2,2,1,547.02
306,3,1,6,13,8,1,2,1,1,1,519.18
306,3,1,6,14,6,2,1,1,1,1,863.46
306,3,1,6,15,8,1,2,1,1,1,695.15
306,3,1,6,16,2,3,2,1,2,0,1176
306,3,1,6,17,9,1,1,1,1,1,568.74
306,3,1,6,18,8,1,2,1,1,1,558.29
306,3,1,6,19,9,1,1,1,1,1,511.1
306,3,1,6,20,2,3,2,2,2,1,957.83
306,3,1,6,21,3,2,3,2,2,1,777.58
306,3,1,6,22,8,1,2,1,1,1,586.71
306,3,1,6,23,3,2,3,2,2,1,1933.5
306,3,1,6,24,4,2,2,2,2,1,920.95
306,3,1,6,25,5,3,1,1,1,1,1040.3
306,3,1,6,26,3,2,3,2,2,1,611.15
306,3,1,6,27,5,3,1,2,1,0,552.01
306,3,1,6,28,1,3,3,2,2,1,652.7
306,3,1,6,29,9,1,1,1,1,1,562.01
306,3,1,6,30,6,2,1,1,1,1,508.81
306,3,1,6,31,5,3,1,1,1,1,639.98
306,3,1,6,32,2,3,2,2,2,1,590.41
306,3,1,6,33,1,3,3,2,2,1,584.8
306,3,1,6,34,6,2,1,1,1,1,601.9
306,3,1,6,35,3,2,3,2,2,1,1228.8
306,3,1,6,36,7,1,3,1,1,1,701.23
306,3,1,6,37,7,1,3,1,1,1,571.96
306,3,1,6,38,4,2,2,2,2,1,1070.3
306,3,1,6,39,8,1,2,1,1,1,772.21
306,3,1,6,40,7,1,3,1,1,1,582.71
306,3,1,6,41,2,3,2,2,2,1,1126.4
306,3,1,6,42,4,2,2,2,2,1,3209.1
306,3,1,6,43,9,1,1,1,1,1,566.14
306,3,1,6,44,9,1,1,1,1,1,490.68
306,3,1,6,45,7,1,3,1,1,1,1044.4
306,3,1,6,1,8,1,2,1,1,1,553.66
306,3,1,6,2,4,2,2,2,2,1,1120.7
306,3,1,6,3,6,2,1,1,1,1,686.25
306,3,1,6,4,1,3,3,2,2,1,748.27
306,3,1,6,5,8,1,2,1,1,1,708.01
306,3,1,6,6,7,1,3,1,1,1,520.37
306,3,1,6,7,6,2,1,1,1,1,468.7
306,3,1,6,8,6,2,1,1,1,1,749.16
306,3,1,6,9,5,3,1,1,1,1,1602.4
306,3,1,6,10,5,3,1,1,1,1,1081.4
306,3,1,6,11,3,2,3,2,2,1,587.42
306,3,1,6,12,3,2,3,2,2,1,1276.5
306,3,1,6,13,2,3,2,2,2,1,1247.8
306,3,1,6,14,9,1,1,1,1,1,587.85
306,3,1,6,15,4,2,2,1,2,0,785.85
306,3,1,6,16,1,3,3,2,2,1,629.05
306,3,1,6,17,8,1,2,1,1,1,591.82
306,3,1,6,18,6,2,1,1,1,1,547.12
306,3,1,6,19,2,3,2,2,2,1,902.16
306,3,1,6,20,6,2,1,1,1,1,638.02
306,3,1,6,21,7,1,3,1,1,1,819.76
306,3,1,6,22,9,1,1,1,1,1,456.78
306,3,1,6,23,7,1,3,1,1,1,628.64
306,3,1,6,24,8,1,2,1,1,1,529.39
306,3,1,6,25,2,3,2,2,2,1,1683.5
306,3,1,6,26,9,1,1,1,1,1,497.61
306,3,1,6,27,5,3,1,1,1,1,773.68
306,3,1,6,28,2,3,2,2,2,1,782.43
306,3,1,6,29,4,2,2,2,2,1,684.2
306,3,1,6,30,1,3,3,2,2,1,602.95
306,3,1,6,31,2,3,2,2,2,1,608.06
306,3,1,6,32,1,3,3,2,2,1,520.9
306,3,1,6,33,4,2,2,2,2,1,740.58
306,3,1,6,34,8,1,2,1,1,1,584.99
306,3,1,6,35,7,1,3,1,1,1,665.5
306,3,1,6,36,3,2,3,2,2,1,942.88
306,3,1,6,37,7,1,3,1,1,1,1933.4
306,3,1,6,38,4,2,2,2,2,1,1589.7
306,3,1,6,39,5,3,1,1,1,1,854.31
306,3,1,6,40,3,2,3,2,2,1,573.23
306,3,1,6,41,3,2,3,2,2,1,1064.3
306,3,1,6,42,9,1,1,1,1,1,676.33
306,3,1,6,43,9,1,1,1,1,1,2529.3
306,3,1,6,44,1,3,3,2,2,1,662.28
306,3,1,6,45,5,3,1,1,1,1,1983.8
306,3,1,6,1,5,3,1,1,1,1,1821.9
306,3,1,6,2,7,1,3,1,1,1,918.28
306,3,1,6,3,1,3,3,2,2,1,703.53
306,3,1,6,4,2,3,2,2,2,1,671.13
306,3,1,6,5,6,2,1,1,1,1,1504.9
306,3,1,6,6,3,2,3,2,2,1,909.64
306,3,1,6,7,7,1,3,1,1,1,814.61
306,3,1,6,8,9,1,1,1,1,1,861.56
306,3,1,6,9,2,3,2,2,2,1,745.61
306,3,1,6,10,9,1,1,1,1,1,723.97
306,3,1,6,11,5,3,1,1,1,1,1854.9
306,3,1,6,12,9,1,1,1,1,1,814.06
306,3,1,6,13,6,2,1,1,1,1,1032.4
306,3,1,6,14,1,3,3,2,2,1,535.17
306,3,1,6,15,1,3,3,2,2,1,933.67
306,3,1,6,16,3,2,3,2,2,1,1193.7
306,3,1,6,17,7,1,3,1,1,1,1505.2
306,3,1,6,18,5,3,1,2,1,0,1922.8
306,3,1,6,19,2,3,2,2,2,1,758.17
306,3,1,6,20,6,2,1,1,1,1,806.53
306,3,1,6,21,8,1,2,1,1,1,1284.7
306,3,1,6,22,1,3,3,2,2,1,717.26
306,3,1,6,23,4,2,2,2,2,1,1379.5
306,3,1,6,24,3,2,3,1,2,0,1724.9
306,3,1,6,25,8,1,2,1,1,1,694.38
306,3,1,6,26,4,2,2,2,2,1,1139.9
306,3,1,6,27,7,1,3,1,1,1,833.17
306,3,1,6,28,8,1,2,1,1,1,518.5
306,3,1,6,29,2,3,2,2,2,1,936.71
306,3,1,6,30,9,1,1,1,1,1,566.56
306,3,1,6,31,8,1,2,1,1,1,581.54
306,3,1,6,32,5,3,1,1,1,1,992.29
306,3,1,6,33,3,2,3,2,2,1,685.34
306,3,1,6,34,3,2,3,2,2,1,1150.7
306,3,1,6,35,7,1,3,1,1,1,1150.7
306,3,1,6,36,4,2,2,1,2,0,1924.8
306,3,1,6,37,4,2,2,2,2,1,2295.5
306,3,1,6,38,2,3,2,2,2,1,884.01
306,3,1,6,39,6,2,1,1,1,1,1113.6
306,3,1,6,40,8,1,2,1,1,1,654.88
306,3,1,6,41,6,2,1,1,1,1,774.02
306,3,1,6,42,9,1,1,1,1,1,529.46
306,3,1,6,43,1,3,3,2,2,1,570.3
306,3,1,6,44,4,2,2,2,2,1,2141.6
306,3,1,6,45,5,3,1,2,1,0,3002.2
306,3,1,6,1,8,1,2,1,1,1,548.25
306,3,1,6,2,7,1,3,1,1,1,528.82
306,3,1,6,3,9,1,1,1,1,1,623.69
306,3,1,6,4,9,1,1,1,1,1,457.15
306,3,1,6,5,5,3,1,2,1,0,2812.6
306,3,1,6,6,8,1,2,1,1,1,538.25
306,3,1,6,7,5,3,1,1,1,1,760.88
306,3,1,6,8,2,3,2,2,2,1,697.52
306,3,1,6,9,5,3,1,2,1,0,2204.3
306,3,1,6,10,8,1,2,1,1,1,1026.9
306,3,1,6,11,2,3,2,2,2,1,759.71
306,3,1,6,12,8,1,2,1,1,1,762.51
306,3,1,6,13,4,2,2,2,2,1,1081.3
306,3,1,6,14,3,2,3,2,2,1,830.43
306,3,1,6,15,1,3,3,2,2,1,676.73
306,3,1,6,16,6,2,1,1,1,1,1324.5
306,3,1,6,17,7,1,3,1,1,1,841.08
306,3,1,6,18,4,2,2,2,2,1,846.57
306,3,1,6,19,5,3,1,1,1,1,807.49
306,3,1,6,20,2,3,2,2,2,1,1108.1
306,3,1,6,21,7,1,3,1,1,1,623.88
306,3,1,6,22,6,2,1,1,1,1,675.04
306,3,1,6,23,4,2,2,1,2,0,621.72
306,3,1,6,24,9,1,1,1,1,1,560.26
306,3,1,6,25,3,2,3,2,2,1,1250.4
306,3,1,6,26,1,3,3,2,2,1,751.89
306,3,1,6,27,7,1,3,1,1,1,753.27
306,3,1,6,28,9,1,1,1,1,1,513.22
306,3,1,6,29,3,2,3,2,2,1,1996.4
306,3,1,6,30,8,1,2,1,1,1,668.17
306,3,1,6,31,1,3,3,2,2,1,966.57
306,3,1,6,32,6,2,1,1,1,1,602.45
306,3,1,6,33,3,2,3,2,2,1,683.76
306,3,1,6,34,2,3,2,2,2,1,1403.3
306,3,1,6,35,3,2,3,2,2,1,687.59
306,3,1,6,36,4,2,2,2,2,1,823
306,3,1,6,37,6,2,1,1,1,1,909.28
306,3,1,6,38,1,3,3,2,2,1,620.6
306,3,1,6,39,1,3,3,2,2,1,796.79
306,3,1,6,40,9,1,1,1,1,1,813.13
306,3,1,6,41,4,2,2,2,2,1,1182.6
306,3,1,6,42,7,1,3,1,1,1,958.64
306,3,1,6,43,5,3,1,1,1,1,2470.7
306,3,1,6,44,2,3,2,2,2,1,1325.4
306,3,1,6,45,6,2,1,1,1,1,908.13
306,3,1,6,1,6,2,1,1,1,1,1384.2
306,3,1,6,2,3,2,3,2,2,1,632.02
306,3,1,6,3,2,3,2,2,2,1,548.49
306,3,1,6,4,1,3,3,2,2,1,595.85
306,3,1,6,5,2,3,2,2,2,1,598.46
306,3,1,6,6,4,2,2,2,2,1,1360.4
306,3,1,6,7,1,3,3,2,2,1,628.31
306,3,1,6,8,7,1,3,1,1,1,593.87
306,3,1,6,9,7,1,3,1,1,1,415.99
306,3,1,6,10,8,1,2,1,1,1,472.06
306,3,1,6,11,5,3,1,1,1,1,767.31
306,3,1,6,12,7,1,3,1,1,1,910.86
306,3,1,6,13,2,3,2,2,2,1,600.69
306,3,1,6,14,9,1,1,1,1,1,545.7
306,3,1,6,15,3,2,3,2,2,1,1135.1
306,3,1,6,16,3,2,3,2,2,1,570.2
306,3,1,6,17,6,2,1,1,1,1,1214.7
306,3,1,6,18,2,3,2,2,2,1,676.9
306,3,1,6,19,5,3,1,1,1,1,1075.9
306,3,1,6,20,1,3,3,2,2,1,1251.6
306,3,1,6,21,3,2,3,2,2,1,925.68
306,3,1,6,22,8,1,2,1,1,1,688.94
306,3,1,6,23,9,1,1,1,1,1,670.59
306,3,1,6,24,4,2,2,2,2,1,1388.6
306,3,1,6,25,1,3,3,1,2,0,898.56
306,3,1,6,26,4,2,2,2,2,1,821.59
306,3,1,6,27,9,1,1,1,1,1,555.44
306,3,1,6,28,6,2,1,1,1,1,1381
306,3,1,6,29,7,1,3,1,1,1,549.32
306,3,1,6,30,7,1,3,1,1,1,726.26
306,3,1,6,31,8,1,2,1,1,1,507.79
306,3,1,6,32,4,2,2,1,2,0,1694.1
306,3,1,6,33,5,3,1,1,1,1,1731.1
306,3,1,6,34,6,2,1,1,1,1,876.42
306,3,1,6,35,2,3,2,2,2,1,665.79
306,3,1,6,36,9,1,1,1,1,1,592.1
306,3,1,6,37,9,1,1,1,1,1,1977.3
306,3,1,6,38,3,2,3,2,2,1,1282
306,3,1,6,39,5,3,1,1,1,1,1062.3
306,3,1,6,40,1,3,3,2,2,1,624.8
306,3,1,6,41,5,3,1,1,1,1,1061.3
306,3,1,6,42,4,2,2,2,2,1,1653.1
306,3,1,6,43,8,1,2,1,1,1,1618.8
306,3,1,6,44,8,1,2,1,1,1,710.38
306,3,1,6,45,6,2,1,1,1,1,605.82
